0.987720
0.012280
0.000000
0.000000
0.000000
0.000000
0.000000
0.000000
0.000000
0.000000
0.000000
0.000000
0.000000
0.000000
0.000000
0.000000
0.000000
0.000000
0.000000
0.000000
0.000000
0.000000
0.000000
0.000000
0.000000
0.000000
0.000000
0.000000
0.000000
0.000000
0.000000
0.000000
0.000000
0.000000
0.000000
0.000000
0.000000
0.000000
0.000000
0.000000
0.000000
0.000000
0.000000
0.000000
0.912243
0.087757
0.000000
0.000000
0.000000
0.000000
0.000000
0.000000
0.000000
0.000000
0.000000
0.000000
0.000000
0.000000
0.000000
0.000000
0.000000
0.000000
0.000000
0.000000
0.000000
0.000000
0.000000
0.000000
0.000000
0.000000
0.000000
0.000000
0.000000
0.000000
0.000000
0.000000
0.000000
0.000000
0.000000
0.000000
0.000000
0.000000
0.000000
0.000000
0.000000
0.000000
0.000000
0.000000
0.277702
0.722298
0.000000
0.000000
0.000000
0.000000
0.000000
0.000000
0.000000
0.000000
0.000000
0.000000
0.000000
0.000000
0.000000
0.000000
0.000000
0.000000
0.000000
0.000000
0.000000
0.000000
0.000000
0.000000
0.000000
0.000000
0.000000
0.000000
0.000000
0.000000
0.000000
0.000000
0.000000
0.000000
0.000000
0.000000
0.000000
0.000000
0.000000
0.000000
0.000000
0.000000
0.000000
0.000000
0.000000
0.000228
0.000159
0.043930
0.000142
0.002311
0.005724
0.000004
0.000000
0.000000
0.000000
0.000000
0.000000
0.000000
0.000000
0.000000
0.000000
0.000000
0.000000
0.000000
0.000000
0.000000
0.000000
0.000000
0.000000
0.000000
0.000000
0.000000
0.000000
0.000000
0.000000
0.000000
0.000000
0.000000
0.000000
0.000000
0.000000
0.000000
0.000000
0.000000
0.000000
0.000000
0.000000
0.000004
0.000000
0.000228
0.000159
0.000067
0.000373
0.000067
0.000008
0.000024
0.013255
0.033668
0.000007
0.001705
0.001035
0.001810
0.000019
0.000026
0.000046
0.000000
0.000000
0.000000
0.000000
0.000000
0.000000
0.000000
0.000000
0.000000
0.000000
0.000000
0.000000
0.000000
0.000000
0.000000
0.000000
0.000000
0.000000
0.000000
0.000000
0.000000
0.000000
0.000000
0.000000
0.000000
0.000000
0.000004
0.000000
0.000228
0.000159
0.000067
0.000373
0.000067
0.000008
0.000024
0.000063
0.000751
0.026221
0.018607
0.003272
0.002369
0.000133
0.000147
0.000008
0.000000
0.000001
0.000000
0.000000
0.000000
0.000000
0.000000
0.000000
0.000000
0.000000
0.000000
0.000000
0.000000
0.000000
0.000000
0.000000
0.000000
0.000000
0.000000
0.000000
0.000000
0.000000
0.000000
0.000000
0.000000
0.000000
0.000004
0.000000
0.000228
0.000159
0.000067
0.000373
0.000067
0.000008
0.000024
0.015037
0.000022
0.003990
0.015492
0.000770
0.015828
0.000043
0.000060
0.000328
0.000000
0.000000
0.000000
0.000000
0.000000
0.000000
0.000000
0.000000
0.000000
0.000000
0.000000
0.000000
0.000000
0.000000
0.000000
0.000000
0.000000
0.000000
0.000000
0.000000
0.000000
0.000000
0.000000
0.000000
0.000000
0.000000
0.000004
0.000000
0.000228
0.000159
0.000067
0.000373
0.000067
0.000008
0.000024
0.008532
0.008055
0.007037
0.007281
0.014218
0.005805
0.000177
0.000210
0.000251
0.000003
0.000002
0.000000
0.000000
0.000000
0.000000
0.000000
0.000000
0.000000
0.000000
0.000000
0.000000
0.000000
0.000000
0.000000
0.000000
0.000000
0.000000
0.000000
0.000000
0.000000
0.000000
0.000000
0.000000
0.000000
0.000000
0.000004
0.000000
0.000228
0.000159
0.000067
0.000373
0.000067
0.000008
0.000024
0.000014
0.000000
0.000201
0.000047
0.000015
0.000001
0.000797
0.000813
0.049621
0.000043
0.000017
0.000000
0.000000
0.000000
0.000000
0.000000
0.000000
0.000000
0.000000
0.000000
0.000000
0.000000
0.000000
0.000000
0.000000
0.000000
0.000000
0.000000
0.000000
0.000000
0.000000
0.000000
0.000000
0.000000
0.000000
0.000004
0.000000
0.000228
0.000159
0.000067
0.000373
0.000067
0.000008
0.000024
0.000014
0.000009
0.000000
0.000270
0.000024
0.000003
0.000007
0.000001
0.000056
0.000000
0.000000
0.000596
0.034815
0.000349
0.006043
0.007553
0.001529
0.000080
0.000139
0.000066
0.000001
0.000007
0.000007
0.000000
0.000000
0.000000
0.000000
0.000000
0.000000
0.000000
0.000000
0.000000
0.000000
0.000000
0.000000
0.000004
0.000000
0.000228
0.000159
0.000067
0.000373
0.000067
0.000008
0.000024
0.000014
0.000009
0.000000
0.000270
0.000024
0.000003
0.000007
0.000001
0.000056
0.000000
0.000000
0.008169
0.004662
0.022451
0.014692
0.000144
0.000374
0.000299
0.000143
0.000251
0.000001
0.000000
0.000001
0.000000
0.000000
0.000000
0.000000
0.000000
0.000000
0.000000
0.000000
0.000000
0.000000
0.000000
0.000000
0.000004
0.000000
0.000228
0.000159
0.000067
0.000373
0.000067
0.000008
0.000024
0.000014
0.000009
0.000000
0.000270
0.000024
0.000003
0.000007
0.000001
0.000056
0.000000
0.000000
0.018548
0.007955
0.000503
0.001299
0.019136
0.002872
0.000656
0.000190
0.000001
0.000006
0.000016
0.000005
0.000000
0.000000
0.000000
0.000000
0.000000
0.000000
0.000000
0.000000
0.000000
0.000000
0.000000
0.000000
0.000004
0.000000
0.000228
0.000159
0.000067
0.000373
0.000067
0.000008
0.000024
0.000014
0.000009
0.000000
0.000270
0.000024
0.000003
0.000007
0.000001
0.000056
0.000000
0.000000
0.021241
0.003294
0.009602
0.000332
0.013021
0.000570
0.000783
0.000067
0.002201
0.000056
0.000014
0.000005
0.000000
0.000000
0.000000
0.000000
0.000000
0.000000
0.000000
0.000000
0.000000
0.000000
0.000000
0.000000
0.000004
0.000000
0.000228
0.000159
0.000067
0.000373
0.000067
0.000008
0.000024
0.000014
0.000009
0.000000
0.000270
0.000024
0.000003
0.000007
0.000001
0.000056
0.000000
0.000000
0.003543
0.000911
0.001904
0.001216
0.002219
0.025245
0.001939
0.001082
0.012903
0.000107
0.000004
0.000114
0.000000
0.000002
0.000000
0.000000
0.000000
0.000000
0.000000
0.000000
0.000000
0.000000
0.000000
0.000000
0.000004
0.000000
0.000228
0.000159
0.000067
0.000373
0.000067
0.000008
0.000024
0.000014
0.000009
0.000000
0.000270
0.000024
0.000003
0.000007
0.000001
0.000056
0.000000
0.000000
0.000376
0.000101
0.008799
0.008433
0.008840
0.001043
0.018915
0.000043
0.004418
0.000000
0.000059
0.000160
0.000000
0.000000
0.000000
0.000000
0.000000
0.000000
0.000000
0.000000
0.000000
0.000000
0.000000
0.000000
0.000004
0.000000
0.000228
0.000159
0.000067
0.000373
0.000067
0.000008
0.000024
0.000014
0.000009
0.000000
0.000270
0.000024
0.000003
0.000007
0.000001
0.000056
0.000000
0.000000
0.000111
0.000389
0.004845
0.001490
0.001215
0.006206
0.019711
0.009549
0.007529
0.000002
0.000111
0.000013
0.000000
0.000000
0.000016
0.000000
0.000000
0.000000
0.000000
0.000000
0.000000
0.000000
0.000000
0.000000
0.000004
0.000000
0.000228
0.000159
0.000067
0.000373
0.000067
0.000008
0.000024
0.000014
0.000009
0.000000
0.000270
0.000024
0.000003
0.000007
0.000001
0.000056
0.000000
0.000000
0.000055
0.000003
0.000008
0.000791
0.000814
0.002175
0.002627
0.028579
0.006353
0.000392
0.003443
0.005798
0.000001
0.000086
0.000062
0.000001
0.000000
0.000000
0.000000
0.000000
0.000000
0.000000
0.000000
0.000000
0.000004
0.000000
0.000228
0.000159
0.000067
0.000373
0.000067
0.000008
0.000024
0.000014
0.000009
0.000000
0.000270
0.000024
0.000003
0.000007
0.000001
0.000056
0.000000
0.000000
0.000030
0.000033
0.000091
0.000001
0.000193
0.000050
0.000428
0.010750
0.000792
0.000246
0.016041
0.022499
0.000000
0.000000
0.000033
0.000000
0.000000
0.000000
0.000000
0.000000
0.000000
0.000000
0.000000
0.000000
0.000004
0.000000
0.000228
0.000159
0.000067
0.000373
0.000067
0.000008
0.000024
0.000014
0.000009
0.000000
0.000270
0.000024
0.000003
0.000007
0.000001
0.000056
0.000000
0.000000
0.000049
0.000001
0.000004
0.000564
0.000019
0.000442
0.000006
0.000000
0.000005
0.004520
0.007109
0.008792
0.024236
0.005139
0.000072
0.000229
0.000000
0.000000
0.000000
0.000000
0.000000
0.000000
0.000000
0.000000
0.000004
0.000000
0.000228
0.000159
0.000067
0.000373
0.000067
0.000008
0.000024
0.000014
0.000009
0.000000
0.000270
0.000024
0.000003
0.000007
0.000001
0.000056
0.000000
0.000000
0.000050
0.000001
0.000002
0.000494
0.000013
0.000396
0.000037
0.000324
0.000105
0.006895
0.001891
0.000430
0.009419
0.005411
0.024360
0.001358
0.000000
0.000000
0.000000
0.000000
0.000000
0.000000
0.000000
0.000000
0.000004
0.000000
0.000228
0.000159
0.000067
0.000373
0.000067
0.000008
0.000024
0.000014
0.000009
0.000000
0.000270
0.000024
0.000003
0.000007
0.000001
0.000056
0.000000
0.000000
0.000048
0.000002
0.000001
0.000502
0.000015
0.000386
0.000042
0.000130
0.000047
0.000850
0.000010
0.000684
0.000711
0.000000
0.000275
0.000006
0.007553
0.001705
0.023172
0.005861
0.007848
0.000249
0.000056
0.001034
0.000004
0.000000
0.000228
0.000159
0.000067
0.000373
0.000067
0.000008
0.000024
0.000014
0.000009
0.000000
0.000270
0.000024
0.000003
0.000007
0.000001
0.000056
0.000000
0.000000
0.000048
0.000002
0.000001
0.000502
0.000015
0.000386
0.000042
0.000130
0.000047
0.000850
0.000010
0.000684
0.000711
0.000000
0.000275
0.000006
0.028376
0.012926
0.004477
0.000086
0.000367
0.000121
0.000502
0.000623
0.000004
0.000000
0.000228
0.000159
0.000067
0.000373
0.000067
0.000008
0.000024
0.000014
0.000009
0.000000
0.000270
0.000024
0.000003
0.000007
0.000001
0.000056
0.000000
0.000000
0.000048
0.000002
0.000001
0.000502
0.000015
0.000386
0.000042
0.000130
0.000047
0.000850
0.000010
0.000684
0.000711
0.000000
0.000275
0.000006
0.003417
0.007917
0.000226
0.002807
0.005407
0.006442
0.007666
0.013596
0.000004
0.000000
0.000228
0.000159
0.000067
0.000373
0.000067
0.000008
0.000024
0.000014
0.000009
0.000000
0.000270
0.000024
0.000003
0.000007
0.000001
0.000056
0.000000
0.000000
0.000048
0.000002
0.000001
0.000502
0.000015
0.000386
0.000042
0.000130
0.000047
0.000850
0.000010
0.000684
0.000711
0.000000
0.000275
0.000006
0.003630
0.010921
0.013169
0.000012
0.013000
0.004327
0.000490
0.001929
0.000004
0.000000
0.000228
0.000159
0.000067
0.000373
0.000067
0.000008
0.000024
0.000014
0.000009
0.000000
0.000270
0.000024
0.000003
0.000007
0.000001
0.000056
0.000000
0.000000
0.000048
0.000002
0.000001
0.000502
0.000015
0.000386
0.000042
0.000130
0.000047
0.000850
0.000010
0.000684
0.000711
0.000000
0.000275
0.000006
0.002207
0.001270
0.000005
0.001333
0.002543
0.028114
0.000132
0.011873
0.000004
0.000000
0.000228
0.000159
0.000067
0.000373
0.000067
0.000008
0.000024
0.000014
0.000009
0.000000
0.000270
0.000024
0.000003
0.000007
0.000001
0.000056
0.000000
0.000000
0.000048
0.000002
0.000001
0.000502
0.000015
0.000386
0.000042
0.000130
0.000047
0.000850
0.000010
0.000684
0.000711
0.000000
0.000275
0.000006
0.000000
0.006381
0.001058
0.006558
0.016328
0.000003
0.003362
0.013787
0.000004
0.000000
0.000228
0.000159
0.000067
0.000373
0.000067
0.000008
0.000024
0.000014
0.000009
0.000000
0.000270
0.000024
0.000003
0.000007
0.000001
0.000056
0.000000
0.000000
0.000048
0.000002
0.000001
0.000502
0.000015
0.000386
0.000042
0.000130
0.000047
0.000850
0.000010
0.000684
0.000711
0.000000
0.000275
0.000006
0.004423
0.009828
0.006165
0.004949
0.002527
0.000154
0.011997
0.007435
0.000004
0.000000
0.000228
0.000159
0.000067
0.000373
0.000067
0.000008
0.000024
0.000014
0.000009
0.000000
0.000270
0.000024
0.000003
0.000007
0.000001
0.000056
0.000000
0.000000
0.000048
0.000002
0.000001
0.000502
0.000015
0.000386
0.000042
0.000130
0.000047
0.000850
0.000010
0.000684
0.000711
0.000000
0.000275
0.000006
0.002388
0.002005
0.000000
0.026329
0.005340
0.008896
0.001082
0.001437
0.000004
0.000000
0.000228
0.000159
0.000067
0.000373
0.000067
0.000008
0.000024
0.000014
0.000009
0.000000
0.000270
0.000024
0.000003
0.000007
0.000001
0.000056
0.000000
0.000000
0.000048
0.000002
0.000001
0.000502
0.000015
0.000386
0.000042
0.000130
0.000047
0.000850
0.000010
0.000684
0.000711
0.000000
0.000275
0.000006
0.001417
0.000459
0.005141
0.005478
0.000052
0.005106
0.028126
0.001699
0.000004
0.000000
0.000228
0.000159
0.000067
0.000373
0.000067
0.000008
0.000024
0.000014
0.000009
0.000000
0.000270
0.000024
0.000003
0.000007
0.000001
0.000056
0.000000
0.000000
0.000045
0.000005
0.000000
0.000335
0.000002
0.000291
0.000067
0.000009
0.000019
0.016596
0.000864
0.000090
0.000170
0.029296
0.002780
0.000615
0.000000
0.000000
0.000000
0.000000
0.000000
0.000000
0.000000
0.000000
0.000004
0.000000
0.000228
0.000159
0.000067
0.000373
0.000067
0.000008
0.000024
0.000014
0.000009
0.000000
0.000270
0.000024
0.000003
0.000007
0.000001
0.000056
0.000000
0.000000
0.000046
0.000006
0.000003
0.000262
0.000010
0.000215
0.000117
0.000108
0.000007
0.000156
0.020531
0.008729
0.007169
0.003525
0.009455
0.000848
0.000000
0.000000
0.000000
0.000000
0.000000
0.000000
0.000000
0.000000
0.000004
0.000000
0.000228
0.000159
0.000067
0.000373
0.000067
0.000008
0.000024
0.000014
0.000009
0.000000
0.000270
0.000024
0.000003
0.000007
0.000001
0.000056
0.000000
0.000000
0.000046
0.000004
0.000000
0.000358
0.000000
0.000369
0.000020
0.000003
0.000083
0.008518
0.001512
0.000160
0.003186
0.001124
0.011127
0.024678
0.000000
0.000000
0.000000
0.000000
0.000000
0.000000
0.000000
0.000000
0.000004
0.000000
0.000228
0.000159
0.000067
0.000373
0.000067
0.000008
0.000024
0.000014
0.000009
0.000000
0.000270
0.000024
0.000003
0.000007
0.000001
0.000056
0.000000
0.000000
0.000046
0.000004
0.000000
0.000349
0.000000
0.000356
0.000026
0.000001
0.000077
0.008119
0.001704
0.000188
0.002830
0.008825
0.003031
0.025631
0.000000
0.000000
0.000000
0.000000
0.000000
0.000000
0.000000
0.000000
0.000004
0.000000
0.000228
0.000159
0.000083
0.000740
0.008498
0.004543
0.038247
0.000000
0.000000
0.000000
0.000000
0.000000
0.000000
0.000000
0.000000
0.000000
0.000000
0.000000
0.000000
0.000000
0.000000
0.000000
0.000000
0.000000
0.000000
0.000000
0.000000
0.000000
0.000000
0.000000
0.000000
0.000000
0.000000
0.000000
0.000000
0.000000
0.000000
0.000000
0.000000
0.000000
0.000000
0.000000
0.000004
0.000000
0.000228
0.000159
0.000206
0.000428
0.023300
0.014332
0.013844
0.000000
0.000000
0.000000
0.000000
0.000000
0.000000
0.000000
0.000000
0.000000
0.000000
0.000000
0.000000
0.000000
0.000000
0.000000
0.000000
0.000000
0.000000
0.000000
0.000000
0.000000
0.000000
0.000000
0.000000
0.000000
0.000000
0.000000
0.000000
0.000000
0.000000
0.000000
0.000000
0.000000
0.000000
0.000000
0.000004
0.000000
0.000228
0.000159
0.000195
0.006298
0.000699
0.000304
0.000104
0.012661
0.006162
0.001057
0.000179
0.011659
0.011867
0.000726
0.000198
0.000002
0.000000
0.000000
0.000000
0.000000
0.000000
0.000000
0.000000
0.000000
0.000000
0.000000
0.000000
0.000000
0.000000
0.000000
0.000000
0.000000
0.000000
0.000000
0.000000
0.000000
0.000000
0.000000
0.000000
0.000000
0.000000
0.000000
0.000004
0.000000
0.000228
0.000159
0.000195
0.006298
0.000699
0.000304
0.000104
0.000016
0.000010
0.000010
0.000484
0.000379
0.000002
0.021796
0.021807
0.000002
0.000001
0.000003
0.000000
0.000000
0.000000
0.000000
0.000000
0.000000
0.000000
0.000000
0.000000
0.000000
0.000000
0.000000
0.000000
0.000000
0.000000
0.000000
0.000000
0.000000
0.000000
0.000000
0.000000
0.000000
0.000000
0.000000
0.000004
0.000000
0.000228
0.000159
0.000195
0.006298
0.000699
0.000304
0.000104
0.000859
0.000523
0.000247
0.000069
0.000095
0.000240
0.011669
0.029390
0.001171
0.000011
0.000237
0.000000
0.000000
0.000000
0.000000
0.000000
0.000000
0.000000
0.000000
0.000000
0.000000
0.000000
0.000000
0.000000
0.000000
0.000000
0.000000
0.000000
0.000000
0.000000
0.000000
0.000000
0.000000
0.000000
0.000000
0.000004
0.000000
0.000228
0.000159
0.000195
0.006298
0.000699
0.000304
0.000104
0.000692
0.000380
0.000007
0.000074
0.000704
0.001104
0.007337
0.000386
0.000198
0.006953
0.026676
0.000000
0.000000
0.000000
0.000000
0.000000
0.000000
0.000000
0.000000
0.000000
0.000000
0.000000
0.000000
0.000000
0.000000
0.000000
0.000000
0.000000
0.000000
0.000000
0.000000
0.000000
0.000000
0.000000
0.000000
0.000004
0.000000
0.000228
0.000159
0.000195
0.006298
0.000699
0.000304
0.000104
0.000700
0.000387
0.000026
0.000022
0.000682
0.000887
0.005804
0.000196
0.000288
0.035154
0.000366
0.000000
0.000000
0.000000
0.000000
0.000000
0.000000
0.000000
0.000000
0.000000
0.000000
0.000000
0.000000
0.000000
0.000000
0.000000
0.000000
0.000000
0.000000
0.000000
0.000000
0.000000
0.000000
0.000000
0.000000
0.000004
0.000000
0.000228
0.000159
0.000195
0.006298
0.000699
0.000304
0.000104
0.000699
0.000388
0.000034
0.000014
0.000683
0.000846
0.004472
0.000017
0.000011
0.011245
0.026102
0.000000
0.000000
0.000000
0.000000
0.000000
0.000000
0.000000
0.000000
0.000000
0.000000
0.000000
0.000000
0.000000
0.000000
0.000000
0.000000
0.000000
0.000000
0.000000
0.000000
0.000000
0.000000
0.000000
0.000000
0.000004
0.000000
0.000228
0.000159
0.002027
0.001164
0.004392
0.008916
0.000002
0.000371
0.001905
0.009716
0.001972
0.012880
0.008381
0.000180
0.000100
0.000099
0.000001
0.000004
0.000000
0.000000
0.000000
0.000000
0.000000
0.000000
0.000000
0.000000
0.000000
0.000000
0.000000
0.000000
0.000000
0.000000
0.000000
0.000000
0.000000
0.000000
0.000000
0.000000
0.000000
0.000000
0.000000
0.000000
0.000004
0.000000
0.000228
0.000159
0.002027
0.001164
0.004392
0.008916
0.000002
0.000093
0.000476
0.002429
0.000493
0.003220
0.002095
0.000045
0.000025
0.000025
0.000000
0.000001
0.000014
0.000606
0.002420
0.006119
0.000050
0.003902
0.003661
0.000629
0.009089
0.000072
0.000010
0.000132
0.000000
0.000001
0.000000
0.000000
0.000000
0.000000
0.000000
0.000000
0.000000
0.000000
0.000000
0.000000
0.000004
0.000000
0.000228
0.000159
0.002027
0.001164
0.004392
0.008916
0.000002
0.000093
0.000476
0.002429
0.000493
0.003220
0.002095
0.000045
0.000025
0.000025
0.000000
0.000001
0.000014
0.000606
0.002420
0.006119
0.000050
0.003902
0.003661
0.000629
0.009089
0.000072
0.000010
0.000132
0.000000
0.000001
0.000000
0.000000
0.000000
0.000000
0.000000
0.000000
0.000000
0.000000
0.000000
0.000000
0.000004
