0.603280
0.063387
0.316285
0.000000
0.000000
0.000000
0.000000
0.000000
0.000000
0.000000
0.000000
0.000000
0.000000
0.000000
0.000000
0.000000
0.000000
0.000000
0.000000
0.000000
0.000000
0.000000
0.000000
0.000000
0.000000
0.000000
0.000000
0.000000
0.000000
0.000000
0.000000
0.000000
0.000000
0.000000
0.000000
0.000000
0.000000
0.000000
0.000000
0.000000
0.000000
0.000000
0.000000
0.017048
0.367712
0.298955
0.316285
0.000000
0.000000
0.000000
0.000000
0.000000
0.000000
0.000000
0.000000
0.000000
0.000000
0.000000
0.000000
0.000000
0.000000
0.000000
0.000000
0.000000
0.000000
0.000000
0.000000
0.000000
0.000000
0.000000
0.000000
0.000000
0.000000
0.000000
0.000000
0.000000
0.000000
0.000000
0.000000
0.000000
0.000000
0.000000
0.000000
0.000000
0.000000
0.000000
0.000000
0.017048
0.029008
0.637658
0.316285
0.000000
0.000000
0.000000
0.000000
0.000000
0.000000
0.000000
0.000000
0.000000
0.000000
0.000000
0.000000
0.000000
0.000000
0.000000
0.000000
0.000000
0.000000
0.000000
0.000000
0.000000
0.000000
0.000000
0.000000
0.000000
0.000000
0.000000
0.000000
0.000000
0.000000
0.000000
0.000000
0.000000
0.000000
0.000000
0.000000
0.000000
0.000000
0.000000
0.000000
0.017048
0.000000
0.000000
0.001247
0.822458
0.002650
0.043261
0.107167
0.000073
0.000000
0.000000
0.000000
0.000000
0.000000
0.000000
0.000000
0.000000
0.000000
0.000000
0.000000
0.000000
0.000000
0.000000
0.000000
0.000000
0.000000
0.000000
0.000000
0.000000
0.000000
0.000000
0.000000
0.000000
0.000000
0.000000
0.000000
0.000000
0.000000
0.000000
0.000000
0.000000
0.000000
0.000000
0.000000
0.023143
0.000000
0.000000
0.001247
0.001255
0.006985
0.001250
0.000157
0.000445
0.248153
0.630345
0.000126
0.031929
0.019380
0.033881
0.000352
0.000489
0.000862
0.000001
0.000001
0.000000
0.000000
0.000000
0.000000
0.000000
0.000000
0.000000
0.000000
0.000000
0.000000
0.000000
0.000000
0.000000
0.000000
0.000000
0.000000
0.000000
0.000000
0.000000
0.000000
0.000000
0.000000
0.000000
0.000000
0.023143
0.000000
0.000000
0.001247
0.001255
0.006985
0.001250
0.000157
0.000445
0.001176
0.014058
0.490914
0.348363
0.061260
0.044348
0.002491
0.002747
0.000142
0.000003
0.000015
0.000000
0.000000
0.000000
0.000000
0.000000
0.000000
0.000000
0.000000
0.000000
0.000000
0.000000
0.000000
0.000000
0.000000
0.000000
0.000000
0.000000
0.000000
0.000000
0.000000
0.000000
0.000000
0.000000
0.000000
0.023143
0.000000
0.000000
0.001247
0.001255
0.006985
0.001250
0.000157
0.000445
0.281516
0.000415
0.074695
0.290044
0.014424
0.296341
0.000812
0.001117
0.006144
0.000008
0.000001
0.000000
0.000000
0.000000
0.000000
0.000000
0.000000
0.000000
0.000000
0.000000
0.000000
0.000000
0.000000
0.000000
0.000000
0.000000
0.000000
0.000000
0.000000
0.000000
0.000000
0.000000
0.000000
0.000000
0.000000
0.023143
0.000000
0.000000
0.001247
0.001255
0.006985
0.001250
0.000157
0.000445
0.159735
0.150806
0.131753
0.136311
0.266184
0.108688
0.003321
0.003930
0.004698
0.000052
0.000038
0.000000
0.000000
0.000000
0.000000
0.000000
0.000000
0.000000
0.000000
0.000000
0.000000
0.000000
0.000000
0.000000
0.000000
0.000000
0.000000
0.000000
0.000000
0.000000
0.000000
0.000000
0.000000
0.000000
0.000000
0.023143
0.000000
0.000000
0.001247
0.001255
0.006985
0.001250
0.000157
0.000445
0.000264
0.000001
0.003763
0.000884
0.000286
0.000020
0.014924
0.015221
0.929016
0.000812
0.000326
0.000000
0.000000
0.000000
0.000000
0.000000
0.000000
0.000000
0.000000
0.000000
0.000000
0.000000
0.000000
0.000000
0.000000
0.000000
0.000000
0.000000
0.000000
0.000000
0.000000
0.000000
0.000000
0.000000
0.000000
0.023143
0.000000
0.000000
0.001247
0.001255
0.006985
0.001250
0.000157
0.000445
0.000258
0.000163
0.000000
0.005055
0.000453
0.000064
0.000133
0.000011
0.001045
0.000000
0.000001
0.011162
0.651815
0.006535
0.113144
0.141417
0.028631
0.001496
0.002597
0.001244
0.000028
0.000126
0.000136
0.000001
0.000000
0.000000
0.000000
0.000000
0.000000
0.000000
0.000000
0.000000
0.000000
0.000000
0.000000
0.023143
0.000000
0.000000
0.001247
0.001255
0.006985
0.001250
0.000157
0.000445
0.000258
0.000163
0.000000
0.005055
0.000453
0.000064
0.000133
0.000011
0.001045
0.000000
0.000001
0.152940
0.087276
0.420324
0.275063
0.002696
0.007001
0.005594
0.002679
0.004701
0.000024
0.000008
0.000027
0.000001
0.000000
0.000000
0.000000
0.000000
0.000000
0.000000
0.000000
0.000000
0.000000
0.000000
0.000000
0.023143
0.000000
0.000000
0.001247
0.001255
0.006985
0.001250
0.000157
0.000445
0.000258
0.000163
0.000000
0.005055
0.000453
0.000064
0.000133
0.000011
0.001045
0.000000
0.000001
0.347258
0.148928
0.009425
0.024314
0.358269
0.053776
0.012279
0.003548
0.000020
0.000120
0.000303
0.000092
0.000002
0.000000
0.000000
0.000000
0.000000
0.000000
0.000000
0.000000
0.000000
0.000000
0.000000
0.000000
0.023143
0.000000
0.000000
0.001247
0.001255
0.006985
0.001250
0.000157
0.000445
0.000258
0.000163
0.000000
0.005055
0.000453
0.000064
0.000133
0.000011
0.001045
0.000000
0.000001
0.397684
0.061677
0.179762
0.006208
0.243784
0.010667
0.014653
0.001257
0.041216
0.001056
0.000269
0.000091
0.000002
0.000008
0.000001
0.000000
0.000000
0.000000
0.000000
0.000000
0.000000
0.000000
0.000000
0.000000
0.023143
0.000000
0.000000
0.001247
0.001255
0.006985
0.001250
0.000157
0.000445
0.000258
0.000163
0.000000
0.005055
0.000453
0.000064
0.000133
0.000011
0.001045
0.000000
0.000001
0.066327
0.017050
0.035639
0.022761
0.041548
0.472645
0.036297
0.020251
0.241567
0.002006
0.000070
0.002131
0.000004
0.000038
0.000000
0.000000
0.000000
0.000000
0.000000
0.000000
0.000000
0.000000
0.000000
0.000000
0.023143
0.000000
0.000000
0.001247
0.001255
0.006985
0.001250
0.000157
0.000445
0.000258
0.000163
0.000000
0.005055
0.000453
0.000064
0.000133
0.000011
0.001045
0.000000
0.000001
0.007046
0.001888
0.164730
0.157882
0.165505
0.019522
0.354138
0.000806
0.082707
0.000001
0.001099
0.002997
0.000006
0.000001
0.000004
0.000000
0.000000
0.000000
0.000000
0.000000
0.000000
0.000000
0.000000
0.000000
0.023143
0.000000
0.000000
0.001247
0.001255
0.006985
0.001250
0.000157
0.000445
0.000258
0.000163
0.000000
0.005055
0.000453
0.000064
0.000133
0.000011
0.001045
0.000000
0.000001
0.002073
0.007291
0.090700
0.027890
0.022746
0.116189
0.369040
0.178777
0.140957
0.000036
0.002073
0.000248
0.000000
0.000004
0.000306
0.000002
0.000000
0.000000
0.000000
0.000000
0.000000
0.000000
0.000000
0.000000
0.023143
0.000000
0.000000
0.001247
0.001255
0.006985
0.001250
0.000157
0.000445
0.000258
0.000163
0.000000
0.005055
0.000453
0.000064
0.000133
0.000011
0.001045
0.000000
0.000001
0.001022
0.000061
0.000142
0.014812
0.015236
0.040729
0.049175
0.535052
0.118939
0.007342
0.064452
0.108555
0.000012
0.001618
0.001161
0.000025
0.000000
0.000000
0.000000
0.000000
0.000000
0.000000
0.000000
0.000000
0.023143
0.000000
0.000000
0.001247
0.001255
0.006985
0.001250
0.000157
0.000445
0.000258
0.000163
0.000000
0.005055
0.000453
0.000064
0.000133
0.000011
0.001045
0.000000
0.000001
0.000560
0.000622
0.001706
0.000016
0.003607
0.000937
0.008009
0.201260
0.014830
0.004610
0.300321
0.421231
0.000008
0.000002
0.000609
0.000006
0.000000
0.000000
0.000000
0.000000
0.000000
0.000000
0.000000
0.000000
0.023143
0.000000
0.000000
0.001247
0.001255
0.006985
0.001250
0.000157
0.000445
0.000258
0.000163
0.000000
0.005055
0.000453
0.000064
0.000133
0.000011
0.001045
0.000000
0.000001
0.000910
0.000028
0.000080
0.010567
0.000359
0.008269
0.000104
0.000004
0.000093
0.084615
0.133097
0.164605
0.453741
0.096214
0.001351
0.004294
0.000000
0.000000
0.000000
0.000000
0.000000
0.000000
0.000000
0.000000
0.023143
0.000000
0.000000
0.001247
0.001255
0.006985
0.001250
0.000157
0.000445
0.000258
0.000163
0.000000
0.005055
0.000453
0.000064
0.000133
0.000011
0.001045
0.000000
0.000001
0.000931
0.000026
0.000043
0.009244
0.000247
0.007410
0.000694
0.006066
0.001975
0.129097
0.035400
0.008050
0.176348
0.101310
0.456076
0.025419
0.000000
0.000000
0.000000
0.000000
0.000000
0.000000
0.000000
0.000000
0.023143
0.000000
0.000000
0.001247
0.001255
0.006985
0.001250
0.000157
0.000445
0.000258
0.000163
0.000000
0.005055
0.000453
0.000064
0.000133
0.000011
0.001045
0.000000
0.000001
0.000903
0.000031
0.000026
0.009393
0.000276
0.007231
0.000794
0.002428
0.000880
0.015920
0.000180
0.012807
0.013315
0.000002
0.005150
0.000107
0.141407
0.031923
0.433833
0.109725
0.146927
0.004660
0.001054
0.019361
0.023143
0.000000
0.000000
0.001247
0.001255
0.006985
0.001250
0.000157
0.000445
0.000258
0.000163
0.000000
0.005055
0.000453
0.000064
0.000133
0.000011
0.001045
0.000000
0.000001
0.000903
0.000031
0.000026
0.009393
0.000276
0.007231
0.000794
0.002428
0.000880
0.015920
0.000180
0.012807
0.013315
0.000002
0.005150
0.000107
0.531264
0.241998
0.083816
0.001611
0.006866
0.002265
0.009408
0.011663
0.023143
0.000000
0.000000
0.001247
0.001255
0.006985
0.001250
0.000157
0.000445
0.000258
0.000163
0.000000
0.005055
0.000453
0.000064
0.000133
0.000011
0.001045
0.000000
0.000001
0.000903
0.000031
0.000026
0.009393
0.000276
0.007231
0.000794
0.002428
0.000880
0.015920
0.000180
0.012807
0.013315
0.000002
0.005150
0.000107
0.063982
0.148228
0.004234
0.052544
0.101239
0.120606
0.143517
0.254539
0.023143
0.000000
0.000000
0.001247
0.001255
0.006985
0.001250
0.000157
0.000445
0.000258
0.000163
0.000000
0.005055
0.000453
0.000064
0.000133
0.000011
0.001045
0.000000
0.000001
0.000903
0.000031
0.000026
0.009393
0.000276
0.007231
0.000794
0.002428
0.000880
0.015920
0.000180
0.012807
0.013315
0.000002
0.005150
0.000107
0.067963
0.204468
0.246549
0.000220
0.243386
0.081016
0.009166
0.036122
0.023143
0.000000
0.000000
0.001247
0.001255
0.006985
0.001250
0.000157
0.000445
0.000258
0.000163
0.000000
0.005055
0.000453
0.000064
0.000133
0.000011
0.001045
0.000000
0.000001
0.000903
0.000031
0.000026
0.009393
0.000276
0.007231
0.000794
0.002428
0.000880
0.015920
0.000180
0.012807
0.013315
0.000002
0.005150
0.000107
0.041329
0.023771
0.000093
0.024948
0.047620
0.526359
0.002474
0.222295
0.023143
0.000000
0.000000
0.001247
0.001255
0.006985
0.001250
0.000157
0.000445
0.000258
0.000163
0.000000
0.005055
0.000453
0.000064
0.000133
0.000011
0.001045
0.000000
0.000001
0.000903
0.000031
0.000026
0.009393
0.000276
0.007231
0.000794
0.002428
0.000880
0.015920
0.000180
0.012807
0.013315
0.000002
0.005150
0.000107
0.000001
0.119475
0.019812
0.122783
0.305696
0.000060
0.062941
0.258121
0.023143
0.000000
0.000000
0.001247
0.001255
0.006985
0.001250
0.000157
0.000445
0.000258
0.000163
0.000000
0.005055
0.000453
0.000064
0.000133
0.000011
0.001045
0.000000
0.000001
0.000903
0.000031
0.000026
0.009393
0.000276
0.007231
0.000794
0.002428
0.000880
0.015920
0.000180
0.012807
0.013315
0.000002
0.005150
0.000107
0.082804
0.184008
0.115415
0.092659
0.047315
0.002880
0.224611
0.139197
0.023143
0.000000
0.000000
0.001247
0.001255
0.006985
0.001250
0.000157
0.000445
0.000258
0.000163
0.000000
0.005055
0.000453
0.000064
0.000133
0.000011
0.001045
0.000000
0.000001
0.000903
0.000031
0.000026
0.009393
0.000276
0.007231
0.000794
0.002428
0.000880
0.015920
0.000180
0.012807
0.013315
0.000002
0.005150
0.000107
0.044716
0.037539
0.000005
0.492943
0.099984
0.166557
0.020250
0.026895
0.023143
0.000000
0.000000
0.001247
0.001255
0.006985
0.001250
0.000157
0.000445
0.000258
0.000163
0.000000
0.005055
0.000453
0.000064
0.000133
0.000011
0.001045
0.000000
0.000001
0.000903
0.000031
0.000026
0.009393
0.000276
0.007231
0.000794
0.002428
0.000880
0.015920
0.000180
0.012807
0.013315
0.000002
0.005150
0.000107
0.026535
0.008591
0.096244
0.102568
0.000967
0.095598
0.526579
0.031807
0.023143
0.000000
0.000000
0.001247
0.001255
0.006985
0.001250
0.000157
0.000445
0.000258
0.000163
0.000000
0.005055
0.000453
0.000064
0.000133
0.000011
0.001045
0.000000
0.000001
0.000852
0.000099
0.000000
0.006281
0.000043
0.005444
0.001256
0.000173
0.000363
0.310715
0.016179
0.001693
0.003186
0.548483
0.052057
0.011510
0.000000
0.000000
0.000000
0.000000
0.000000
0.000000
0.000000
0.000000
0.023143
0.000000
0.000000
0.001247
0.001255
0.006985
0.001250
0.000157
0.000445
0.000258
0.000163
0.000000
0.005055
0.000453
0.000064
0.000133
0.000011
0.001045
0.000000
0.000001
0.000861
0.000112
0.000049
0.004914
0.000184
0.004025
0.002195
0.002030
0.000132
0.002918
0.384388
0.163419
0.134220
0.065993
0.177011
0.015883
0.000000
0.000000
0.000000
0.000000
0.000000
0.000000
0.000000
0.000000
0.023143
0.000000
0.000000
0.001247
0.001255
0.006985
0.001250
0.000157
0.000445
0.000258
0.000163
0.000000
0.005055
0.000453
0.000064
0.000133
0.000011
0.001045
0.000000
0.000001
0.000861
0.000073
0.000000
0.006702
0.000001
0.006910
0.000370
0.000063
0.001549
0.159468
0.028306
0.002994
0.059642
0.021049
0.208319
0.462027
0.000000
0.000000
0.000000
0.000000
0.000000
0.000000
0.000000
0.000000
0.023143
0.000000
0.000000
0.001247
0.001255
0.006985
0.001250
0.000157
0.000445
0.000258
0.000163
0.000000
0.005055
0.000453
0.000064
0.000133
0.000011
0.001045
0.000000
0.000001
0.000862
0.000074
0.000000
0.006543
0.000000
0.006658
0.000479
0.000028
0.001449
0.151998
0.031894
0.003513
0.052986
0.165228
0.056750
0.479871
0.000000
0.000000
0.000000
0.000000
0.000000
0.000000
0.000000
0.000000
0.023143
0.000000
0.000000
0.001247
0.001551
0.013846
0.159100
0.085051
0.716061
0.000000
0.000000
0.000000
0.000000
0.000000
0.000000
0.000000
0.000000
0.000000
0.000000
0.000000
0.000000
0.000000
0.000000
0.000000
0.000000
0.000000
0.000000
0.000000
0.000000
0.000000
0.000000
0.000000
0.000000
0.000000
0.000000
0.000000
0.000000
0.000000
0.000000
0.000000
0.000000
0.000000
0.000000
0.000000
0.023143
0.000000
0.000000
0.001247
0.003859
0.008021
0.436220
0.268321
0.259189
0.000000
0.000000
0.000000
0.000000
0.000000
0.000000
0.000000
0.000000
0.000000
0.000000
0.000000
0.000000
0.000000
0.000000
0.000000
0.000000
0.000000
0.000000
0.000000
0.000000
0.000000
0.000000
0.000000
0.000000
0.000000
0.000000
0.000000
0.000000
0.000000
0.000000
0.000000
0.000000
0.000000
0.000000
0.000000
0.023143
0.000000
0.000000
0.001247
0.003652
0.117921
0.013079
0.005685
0.001939
0.237035
0.115363
0.019795
0.003351
0.218288
0.222167
0.013590
0.003705
0.000039
0.000001
0.000000
0.000000
0.000000
0.000000
0.000000
0.000000
0.000000
0.000000
0.000000
0.000000
0.000000
0.000000
0.000000
0.000000
0.000000
0.000000
0.000000
0.000000
0.000000
0.000000
0.000000
0.000000
0.000000
0.000000
0.000000
0.023143
0.000000
0.000000
0.001247
0.003652
0.117921
0.013079
0.005685
0.001939
0.000304
0.000193
0.000184
0.009065
0.007094
0.000034
0.408061
0.408274
0.000034
0.000025
0.000065
0.000000
0.000000
0.000000
0.000000
0.000000
0.000000
0.000000
0.000000
0.000000
0.000000
0.000000
0.000000
0.000000
0.000000
0.000000
0.000000
0.000000
0.000000
0.000000
0.000000
0.000000
0.000000
0.000000
0.000000
0.023143
0.000000
0.000000
0.001247
0.003652
0.117921
0.013079
0.005685
0.001939
0.016086
0.009783
0.004633
0.001298
0.001777
0.004485
0.218461
0.550240
0.021925
0.000207
0.004438
0.000000
0.000000
0.000000
0.000000
0.000000
0.000000
0.000000
0.000000
0.000000
0.000000
0.000000
0.000000
0.000000
0.000000
0.000000
0.000000
0.000000
0.000000
0.000000
0.000000
0.000000
0.000000
0.000000
0.000000
0.023143
0.000000
0.000000
0.001247
0.003652
0.117921
0.013079
0.005685
0.001939
0.012947
0.007116
0.000139
0.001376
0.013177
0.020678
0.137363
0.007219
0.003705
0.130180
0.499434
0.000000
0.000000
0.000000
0.000000
0.000000
0.000000
0.000000
0.000000
0.000000
0.000000
0.000000
0.000000
0.000000
0.000000
0.000000
0.000000
0.000000
0.000000
0.000000
0.000000
0.000000
0.000000
0.000000
0.000000
0.023143
0.000000
0.000000
0.001247
0.003652
0.117921
0.013079
0.005685
0.001939
0.013099
0.007238
0.000481
0.000407
0.012759
0.016614
0.108661
0.003675
0.005398
0.658156
0.006843
0.000000
0.000000
0.000000
0.000000
0.000000
0.000000
0.000000
0.000000
0.000000
0.000000
0.000000
0.000000
0.000000
0.000000
0.000000
0.000000
0.000000
0.000000
0.000000
0.000000
0.000000
0.000000
0.000000
0.000000
0.023143
0.000000
0.000000
0.001247
0.003652
0.117921
0.013079
0.005685
0.001939
0.013079
0.007261
0.000643
0.000259
0.012788
0.015840
0.083727
0.000328
0.000201
0.210522
0.488687
0.000000
0.000000
0.000000
0.000000
0.000000
0.000000
0.000000
0.000000
0.000000
0.000000
0.000000
0.000000
0.000000
0.000000
0.000000
0.000000
0.000000
0.000000
0.000000
0.000000
0.000000
0.000000
0.000000
0.000000
0.023143
0.000000
0.000000
0.001247
0.037945
0.021797
0.082228
0.166931
0.000041
0.006947
0.035671
0.181910
0.036925
0.241141
0.156905
0.003362
0.001867
0.001845
0.000016
0.000078
0.000000
0.000000
0.000000
0.000000
0.000000
0.000000
0.000000
0.000000
0.000000
0.000000
0.000000
0.000000
0.000000
0.000000
0.000000
0.000000
0.000000
0.000000
0.000000
0.000000
0.000000
0.000000
0.000000
0.000000
0.023143
0.000000
0.000000
0.001247
0.037945
0.021797
0.082228
0.166931
0.000041
0.001737
0.008918
0.045477
0.009231
0.060285
0.039226
0.000840
0.000467
0.000461
0.000004
0.000020
0.000260
0.011354
0.045314
0.114562
0.000936
0.073054
0.068535
0.011779
0.170168
0.001343
0.000197
0.002477
0.000005
0.000016
0.000001
0.000000
0.000000
0.000000
0.000000
0.000000
0.000000
0.000000
0.000000
0.000000
0.023143
0.000000
0.000000
0.001247
0.037945
0.021797
0.082228
0.166931
0.000041
0.001737
0.008918
0.045477
0.009231
0.060285
0.039226
0.000840
0.000467
0.000461
0.000004
0.000020
0.000260
0.011354
0.045314
0.114562
0.000936
0.073054
0.068535
0.011779
0.170168
0.001343
0.000197
0.002477
0.000005
0.000016
0.000001
0.000000
0.000000
0.000000
0.000000
0.000000
0.000000
0.000000
0.000000
0.000000
0.023143
