0.024364
0.008894
0.001665
0.000000
0.000000
0.000000
0.000000
0.000000
0.000000
0.000000
0.000000
0.000000
0.000000
0.000000
0.000000
0.000000
0.000000
0.000000
0.000000
0.000000
0.000000
0.000000
0.000000
0.000000
0.000000
0.000000
0.000000
0.000000
0.000000
0.000000
0.000000
0.000000
0.000000
0.000000
0.000000
0.000000
0.000000
0.000000
0.000000
0.000000
0.000000
0.000000
0.000000
0.965077
0.023109
0.019502
0.128990
0.092255
0.039473
0.000080
0.002908
0.000476
0.006476
0.001155
0.012157
0.013637
0.003762
0.039328
0.040529
0.010111
0.005416
0.000621
0.003819
0.043936
0.081227
0.000101
0.000083
0.060887
0.003796
0.042079
0.001933
0.001435
0.016627
0.029224
0.001406
0.004225
0.020208
0.016127
0.002471
0.026464
0.019177
0.009691
0.115680
0.014796
0.002360
0.008829
0.032773
0.000659
0.016912
0.071877
0.000766
0.051488
0.000384
0.052635
0.070378
0.001041
0.058015
0.002663
0.074041
0.068560
0.045657
0.008878
0.008192
0.025363
0.141898
0.000038
0.001595
0.035770
0.011566
0.000951
0.008936
0.014407
0.009058
0.002924
0.012404
0.000377
0.026301
0.041057
0.065983
0.005654
0.000160
0.003387
0.018116
0.000008
0.002442
0.000150
0.009348
0.000426
0.002815
0.013616
0.013747
0.000015
0.025384
0.000273
0.002262
0.012199
0.074301
0.024113
0.325868
0.001590
0.002026
0.025697
0.017194
0.016090
0.008638
0.096554
0.001044
0.001238
0.001960
0.000261
0.019878
0.000916
0.000021
0.022611
0.006013
0.000377
0.000286
0.052886
0.000057
0.030982
0.056558
0.000088
0.007434
0.003243
0.019228
0.014119
0.022420
0.001672
0.045406
0.002883
0.007704
0.018271
0.002415
0.024224
0.003141
0.000473
0.023097
0.019603
0.001379
0.042700
0.001777
0.006102
0.002711
0.013131
0.000072
0.077451
0.009046
0.038595
0.000493
0.030403
0.000013
0.134950
0.006795
0.011262
0.020400
0.069438
0.022587
0.017066
0.001000
0.007665
0.042731
0.000000
0.037987
0.036543
0.017110
0.117921
0.016437
0.008202
0.002669
0.001211
0.002887
0.036109
0.000101
0.000882
0.060442
0.005305
0.014750
0.020776
0.018904
0.001299
0.023629
0.015103
0.004333
0.079514
0.009711
0.005991
0.002651
0.003630
0.002827
0.086503
0.069276
0.079013
0.001715
0.117436
0.005261
0.005524
0.017997
0.000876
0.032358
0.008687
0.000746
0.143836
0.007531
0.001233
0.002335
0.014491
0.016652
0.007745
0.008072
0.007452
0.011841
0.000024
0.003577
0.008028
0.062990
0.024778
0.023925
0.022345
0.003902
0.006277
0.000209
0.046932
0.001920
0.001121
0.022547
0.024249
0.000283
0.011656
0.021246
0.000912
0.002851
0.018161
0.000442
0.001507
0.116667
0.024790
0.283318
0.057107
0.011899
0.000231
0.185435
0.000063
0.000043
0.015902
0.014565
0.008300
0.000669
0.003817
0.007329
0.005397
0.000000
0.014189
0.008410
0.001033
0.039521
0.008472
0.002388
0.021017
0.000162
0.013770
0.024481
0.004094
0.005757
0.000135
0.003847
0.000153
0.011623
0.001561
0.020659
0.040210
0.052960
0.016279
0.000985
0.033712
0.009670
0.013941
0.017716
0.019327
0.139641
0.044666
0.000002
0.141708
0.065322
0.130443
0.082638
0.005218
0.008010
0.018148
0.012318
0.000023
0.001517
0.008334
0.000104
0.000884
0.011056
0.000401
0.002746
0.000372
0.048473
0.014981
0.005402
0.010657
0.000026
0.000644
0.013981
0.000216
0.000303
0.001113
0.002014
0.002101
0.001040
0.000036
0.025368
0.000411
0.005657
0.001608
0.005881
0.000053
0.000015
0.000931
0.001806
0.003218
0.014830
0.002743
0.003879
0.002121
0.000253
0.001863
0.034699
0.287943
0.004346
0.002613
0.020448
0.199570
0.115401
0.064449
0.049836
0.014219
0.000238
0.005332
0.013147
0.065576
0.006126
0.000918
0.000001
0.001247
0.007769
0.010589
0.000033
0.003752
0.001631
0.001986
0.007347
0.009184
0.000263
0.000701
0.023459
0.016542
0.000172
0.000027
0.000337
0.000002
0.001050
0.010472
0.000065
0.000007
0.003958
0.000544
0.000565
0.000198
0.009595
0.000128
0.010209
0.000509
0.015624
0.007223
0.015539
0.012222
0.183112
0.001033
0.130294
0.006075
0.004785
0.128631
0.138621
0.016607
0.062389
0.125296
0.002678
0.010572
0.008197
0.005523
0.001689
0.000040
0.000031
0.003393
0.006199
0.000434
0.034650
0.001306
0.015419
0.084494
0.000122
0.039452
0.026026
0.010738
0.000172
0.036475
0.012969
0.010993
0.000162
0.007903
0.019351
0.034800
0.010173
0.014478
0.054452
0.001363
0.070870
0.025362
0.016644
0.002746
0.052994
0.000365
0.002176
0.021639
0.048918
0.013907
0.000503
0.112514
0.087783
0.022251
0.000007
0.000269
0.069157
0.000312
0.002419
0.002811
0.028299
0.000077
0.012255
0.018778
0.007342
0.000060
0.023745
0.014129
0.041248
0.022214
0.027636
0.001375
0.004062
0.046336
0.014218
0.069303
0.054119
0.000900
0.007265
0.002902
0.033775
0.130451
0.008985
0.017764
0.011412
0.003385
0.013609
0.002446
0.030096
0.021907
0.022116
0.000737
0.012206
0.029784
0.157091
0.015216
0.029406
0.019494
0.007644
0.019620
0.011911
0.002392
0.006762
0.000438
0.018037
0.000662
0.004122
0.028779
0.008335
0.001965
0.024745
0.005678
0.002141
0.012990
0.003208
0.002793
0.009215
0.034454
0.001935
0.000017
0.002311
0.001177
0.017038
0.001229
0.002885
0.000047
0.000666
0.001748
0.171343
0.026505
0.003525
0.000250
0.000545
0.121690
0.029357
0.000478
0.113079
0.002112
0.004736
0.001344
0.043045
0.009230
0.122847
0.020906
0.040416
0.001155
0.037223
0.000006
0.000236
0.023617
0.061087
0.028136
0.011690
0.001166
0.022024
0.028674
0.000782
0.003057
0.002881
0.023273
0.000664
0.012254
0.081452
0.000209
0.000877
0.015443
0.000828
0.000011
0.001855
0.005717
0.049516
0.204523
0.000115
0.001829
0.048485
0.051430
0.096765
0.000936
0.032674
0.007991
0.000001
0.089165
0.005557
0.002291
0.012125
0.005222
0.071495
0.018414
0.045258
0.000042
0.000076
0.000164
0.009142
0.000532
0.021022
0.000370
0.023363
0.001496
0.024199
0.010285
0.000015
0.021808
0.026096
0.000431
0.001372
0.012067
0.008739
0.013485
0.004511
0.000278
0.002649
0.013038
0.000913
0.000208
0.032807
0.000187
0.087570
0.003676
0.036612
0.004826
0.011577
0.149622
0.013566
0.336437
0.001362
0.006667
0.075677
0.020291
0.006096
0.000097
0.003085
0.017751
0.004399
0.010280
0.000697
0.001931
0.009867
0.003303
0.000840
0.018675
0.000831
0.001176
0.022794
0.022166
0.038417
0.011848
0.009014
0.001307
0.008696
0.029006
0.007235
0.023342
0.000610
0.013503
0.001232
0.011857
0.000016
0.000910
0.000668
0.024680
0.066300
0.085502
0.000129
0.005854
0.005537
0.032130
0.012787
0.051911
0.117183
0.063920
0.023210
0.003296
0.068303
0.014902
0.015834
0.004947
0.096787
0.017683
0.007205
0.003614
0.001140
0.006502
0.001127
0.027808
0.038768
0.000318
0.018066
0.062119
0.021414
0.005633
0.011399
0.001228
0.065942
0.013771
0.003458
0.010439
0.033033
0.026361
0.003090
0.002510
0.000952
0.000515
0.055239
0.147501
0.023065
0.002964
0.054966
0.016073
0.010142
0.040617
0.047927
0.043943
0.008240
0.000577
0.001576
0.059787
0.076544
0.008634
0.005751
0.028156
0.025338
0.002540
0.000361
0.000041
0.000012
0.048724
0.002755
0.003274
0.005309
0.000012
0.024162
0.010603
0.014876
0.015501
0.001756
0.001502
0.004809
0.004464
0.007018
0.034255
0.027624
0.006548
0.000894
0.000439
0.009294
0.000115
0.042614
0.022415
0.034066
0.000194
0.007527
0.000261
0.003951
0.009257
0.008929
0.023699
0.125350
0.001063
0.049328
0.009669
0.006819
0.037251
0.003485
0.026163
0.003387
0.072652
0.137005
0.025883
0.060153
0.000510
0.054498
0.000434
0.069181
0.000395
0.024301
0.009431
0.079596
0.011835
0.069458
0.000286
0.002325
0.014370
0.002195
0.000909
0.032962
0.002128
0.000494
0.013903
0.040056
0.007161
0.004573
0.012732
0.000169
0.019053
0.043337
0.027501
0.038791
0.006959
0.000712
0.008685
0.134502
0.106653
0.000144
0.015297
0.005353
0.008345
0.101424
0.002840
0.012454
0.001558
0.001553
0.007343
0.027173
0.069688
0.000037
0.028654
0.000959
0.002099
0.025409
0.000060
0.000000
0.000104
0.000200
0.001208
0.000391
0.002673
0.001150
0.000562
0.007101
0.004196
0.006625
0.000275
0.014169
0.002041
0.011279
0.002332
0.045180
0.003156
0.009366
0.019535
0.011895
0.012255
0.012805
0.047786
0.007233
0.021749
0.000140
0.085402
0.059767
0.086111
0.039019
0.000189
0.092495
0.079385
0.001096
0.000234
0.069992
0.160359
0.017818
0.025478
0.011100
0.000679
0.025210
0.001744
0.018905
0.004379
0.002991
0.000759
0.004215
0.001857
0.001677
0.002222
0.000028
0.004039
0.000229
0.008947
0.017270
0.000000
0.000807
0.001383
0.000544
0.006881
0.011369
0.001347
0.000006
0.001677
0.000114
0.000337
0.032995
0.007586
0.014169
0.003472
0.003454
0.000406
0.015111
0.114326
0.007621
0.006336
0.180704
0.338405
0.089493
0.006393
0.002949
0.033160
0.023754
0.000725
0.022684
0.023093
0.107867
0.046831
0.170469
0.136130
0.000245
0.062286
0.000233
0.011200
0.026987
0.052334
0.021328
0.055104
0.045346
0.073564
0.000006
0.002272
0.001594
0.000734
0.000003
0.003161
0.000746
0.008091
0.000179
0.020246
0.000045
0.006754
0.001860
0.019278
0.005966
0.004664
0.001592
0.000641
0.009009
0.001746
0.005220
0.003883
0.016441
0.017787
0.005363
0.006489
0.000508
0.000018
0.024019
0.011810
0.001518
0.007075
0.005484
0.010642
0.007015
0.023594
0.013407
0.038199
0.000287
0.000109
0.014683
0.004005
0.007476
0.007748
0.037147
0.024881
0.001010
0.005780
0.000200
0.015149
0.000076
0.034986
0.014428
0.006304
0.025778
0.004876
0.015037
0.076078
0.000472
0.002202
0.000968
0.120986
0.046745
0.056347
0.001435
0.000004
0.005343
0.093981
0.000882
0.073936
0.156553
0.001345
0.025379
0.000316
0.000979
0.001065
0.000352
0.000263
0.000047
0.000843
0.000466
0.000175
0.000483
0.000004
0.000135
0.001565
0.013704
0.000007
0.000027
0.000000
0.000294
0.000021
0.002293
0.000254
0.000328
0.005086
0.026086
0.005303
0.001475
0.032978
0.005316
0.000468
0.000513
0.001612
0.016389
0.017163
0.052496
0.016011
0.185513
0.319781
0.001057
0.035073
0.109439
0.083809
0.034812
0.000620
0.025358
0.000498
0.044127
0.060354
0.103428
0.000171
0.007172
0.018077
0.000724
0.108545
0.006565
0.005888
0.030118
0.033448
0.052621
0.000206
0.001681
0.021373
0.001357
0.009700
0.002017
0.020551
0.005456
0.027298
0.022010
0.006896
0.003981
0.007254
0.022287
0.047307
0.045515
0.003049
0.072243
0.028298
0.029571
0.079643
0.031165
0.004130
0.005259
0.000457
0.000397
0.003117
0.000481
0.000208
0.025337
0.000671
0.000215
0.016354
0.000156
0.001036
0.003637
0.004891
0.000906
0.003245
0.004356
0.000600
0.012214
0.000412
0.001677
0.004013
0.003663
0.014306
0.026708
0.038848
0.002142
0.005927
0.008716
0.001081
0.007808
0.020353
0.004446
0.016850
0.007849
0.001547
0.019475
0.027706
0.003805
0.237488
0.071849
0.024044
0.024139
0.007140
0.014350
0.030496
0.104858
0.102372
0.091575
0.000738
0.025391
0.000216
0.000671
0.005336
0.038922
0.000048
0.009035
0.000178
0.003460
0.003920
0.037331
0.045289
0.017711
0.000145
0.005986
0.002429
0.000351
0.001752
0.004776
0.031576
0.029266
0.011336
0.016910
0.015778
0.049059
0.002429
0.000368
0.011650
0.020299
0.006029
0.012352
0.000016
0.048105
0.049772
0.009250
0.002991
0.004290
0.036192
0.020022
0.098882
0.208149
0.065152
0.046522
0.000658
0.023259
0.018230
0.001783
0.017360
0.000369
0.009069
0.015316
0.012732
0.003864
0.013709
0.006249
0.015960
0.006539
0.007751
0.076824
0.000085
0.000113
0.001001
0.111419
0.046845
0.000011
0.031365
0.111697
0.087711
0.028704
0.011489
0.039766
0.055958
0.036263
0.004960
0.024298
0.007579
0.003941
0.072135
0.005602
0.000018
0.030216
0.017477
0.000150
0.005129
0.009753
0.000593
0.025450
0.001256
0.024786
0.005330
0.067599
0.008058
0.000183
0.003349
0.012038
0.027103
0.014653
0.192092
0.010934
0.000396
0.026982
0.006867
0.004960
0.001688
0.010553
0.001071
0.092367
0.153504
0.015307
0.000010
0.016266
0.008272
0.004844
0.003860
0.025034
0.004430
0.009437
0.047002
0.001949
0.010308
0.063040
0.009413
0.005441
0.074602
0.004274
0.000085
0.001690
0.010450
0.002408
0.016925
0.000390
0.000052
0.000001
0.214799
0.010688
0.034849
0.002925
0.006406
0.055124
0.072632
0.071917
0.000141
0.016130
0.030446
0.015804
0.100644
0.023253
0.066614
0.004342
0.001939
0.000000
0.009372
0.005416
0.003671
0.044008
0.001745
0.000926
0.000077
0.000000
0.002049
0.035496
0.006441
0.001873
0.053519
0.000028
0.000012
0.002114
0.001165
0.024927
0.013531
0.001807
0.038790
0.009562
0.009364
0.003846
0.001606
0.025199
0.001841
0.000374
0.007764
0.005351
0.015202
0.000751
0.014410
0.000008
0.001347
0.003033
0.017955
0.004429
0.000232
0.001581
0.000639
0.000501
0.000019
0.016551
0.000919
0.016174
0.016916
0.004318
0.083600
0.025254
0.017359
0.006554
0.004351
0.001743
0.003443
0.088223
0.024324
0.021885
0.057114
0.000203
0.008686
0.003841
0.002968
0.309466
0.036849
0.002296
0.005630
0.140285
0.000412
0.023000
0.020424
0.067595
0.000060
0.011625
0.036194
0.054191
0.162042
0.142026
0.016239
0.012127
0.104125
0.045392
0.020433
0.082279
0.010785
0.061214
0.029013
0.000991
0.001288
0.000064
0.015053
0.003533
0.000106
0.003168
0.029416
0.000860
0.000434
0.001965
0.000003
0.004528
0.004458
0.008241
0.000159
0.006700
0.002830
0.001488
0.000203
0.002961
0.006858
0.004615
0.000087
0.000497
0.000730
0.024540
0.007407
0.000409
0.003300
0.001407
0.004291
0.000066
0.010111
0.023490
0.000408
0.000088
0.000042
0.026439
0.035983
0.211007
0.031098
0.003958
0.018357
0.008280
0.031668
0.132389
0.015858
0.028387
0.001431
0.062228
0.000386
0.001380
0.000082
0.053557
0.058107
0.002057
0.060031
0.002147
0.020145
0.000000
0.020730
0.006030
0.009697
0.001831
0.000004
0.074843
0.000195
0.005092
0.001044
0.024621
0.006720
0.007359
0.000342
0.001778
0.004772
0.001643
0.000838
0.004780
0.002300
0.000713
0.000618
0.003328
0.007548
0.001719
0.000001
0.003108
0.008469
0.003506
0.052803
0.001603
0.001415
0.002232
0.048657
0.008738
0.030453
0.031072
0.025982
0.063954
0.009028
0.007787
0.164300
0.020674
0.000104
0.019034
0.228028
0.001504
0.045235
0.009290
0.067660
0.000074
0.002155
0.072733
0.001322
0.023017
0.020281
0.000943
0.010057
0.000202
0.005881
0.000654
0.000015
0.000087
0.000413
0.000685
0.014471
0.036482
0.002435
0.028884
0.002065
0.003153
0.009516
0.027809
0.069106
0.024021
0.006135
0.000008
0.001664
0.069285
0.021267
0.021078
0.001977
0.009620
0.014796
0.002343
0.097248
0.142550
0.006878
0.016131
0.005361
0.000070
0.041492
0.039337
0.000490
0.038068
0.182596
0.000095
0.001332
0.023772
0.013896
0.009040
0.000986
0.002852
0.047475
0.013358
0.082018
0.174545
0.001545
0.026110
0.000001
0.046774
0.000009
0.007023
0.024503
0.033310
0.060715
0.007380
0.041266
0.009339
0.037672
0.030963
0.001624
0.003913
0.002337
0.005616
0.000563
0.016828
0.019134
0.027967
0.040493
0.053035
0.002107
0.010948
0.000001
0.001405
0.012244
0.000066
0.058719
0.024455
0.008557
0.015351
0.000085
0.025065
0.002968
0.001597
0.052783
0.000212
0.007513
0.012747
0.004548
0.000111
0.006688
0.029336
0.018164
0.068004
0.000091
0.033907
0.019837
0.000165
0.000025
0.015417
0.006822
0.138803
0.049545
0.059813
0.013499
0.047051
0.015973
0.010836
0.003951
0.006053
0.007902
0.014329
0.000129
0.002700
0.007091
0.000406
0.080066
0.075114
0.000001
0.007207
0.100036
0.002074
0.044562
0.006033
0.000825
0.025024
0.003314
0.000587
0.005595
0.012576
0.003208
0.000868
0.008517
0.003176
0.009058
0.028647
0.021952
0.031475
0.013899
0.009606
0.002469
0.000004
0.002262
0.001395
0.000715
0.101615
0.015093
0.000175
0.003133
0.068185
0.009829
0.001709
0.023004
0.024865
0.035776
0.004794
0.010042
0.025727
0.013760
0.075473
0.046068
0.058594
0.052769
0.025202
0.008338
0.153710
0.050396
0.007051
0.000346
0.024788
0.005314
0.112746
0.004193
0.018119
0.359227
0.107450
0.014853
0.139596
0.002608
0.001510
0.000003
0.024114
0.000038
0.002178
0.006207
0.008825
0.009433
0.007627
0.035820
0.017891
0.001211
0.007416
0.009941
0.000205
0.002567
0.000390
0.004818
0.005197
0.000025
0.007444
0.003391
0.011866
0.007549
0.007373
0.003859
0.006353
0.004894
0.000877
0.000298
0.003293
0.000246
0.008232
0.000017
0.019378
0.051031
0.026776
0.121986
0.000063
0.069963
0.070343
0.141790
0.022445
0.001530
0.003411
0.070040
0.086160
0.001819
0.051930
0.041408
0.011820
0.006672
0.004175
0.012182
0.000085
0.008467
0.000527
0.039249
0.000002
0.004740
0.000810
0.010121
0.017106
0.008183
0.012634
0.000018
0.014085
0.000558
0.034976
0.009545
0.000372
0.000013
0.000175
0.000164
0.006766
0.000579
0.015846
0.000052
0.011912
0.114133
0.069828
0.000062
0.000687
0.070800
0.021141
0.045484
0.124586
0.000422
0.024290
0.111130
0.000531
0.090825
0.011624
0.091523
0.007173
0.000272
0.003137
0.004522
0.008951
0.023791
0.006153
0.000286
0.024196
0.009953
0.002884
0.023699
0.001311
0.009316
0.001128
0.009726
0.018370
0.000866
0.016418
0.003254
0.018386
0.000006
0.009319
0.000019
0.000851
0.000447
0.002901
0.003690
0.024081
0.011289
0.033052
0.017150
0.023249
0.006653
0.027512
0.005197
0.000670
0.001240
0.092142
0.034080
0.000001
0.014582
0.002625
0.044794
0.001686
0.038566
0.032337
0.007130
0.027448
0.019012
0.025860
0.014674
0.039122
0.085934
0.112405
0.079645
0.022086
0.012572
0.007586
0.055220
0.009808
0.001847
0.037046
0.004975
0.003966
0.001744
0.002026
0.009925
0.002379
0.002488
0.003713
0.000484
0.025399
0.000143
0.004694
0.036339
0.024287
0.009933
0.014984
0.005885
0.009672
0.110903
0.048053
0.023241
0.020561
0.017939
0.023984
0.092805
0.031747
0.003209
0.011799
0.013784
0.038886
0.143988
0.035049
0.028856
0.063515
0.000858
0.016496
0.045948
0.001044
0.000049
0.044095
0.007011
0.008146
0.001950
0.000492
0.008026
0.001465
0.001265
0.000212
0.000665
0.001193
0.000318
0.020655
0.000455
0.025389
0.000228
0.013565
0.085553
0.240543
0.023273
0.044698
0.010859
0.013687
0.090810
0.000387
0.062037
0.053072
0.000579
0.026340
0.004017
0.026798
0.001458
0.003364
0.044455
0.001487
0.017470
0.004803
0.003614
0.002160
0.009371
0.000837
0.063803
0.001104
0.004645
0.004367
0.029997
0.008641
0.004022
0.008461
0.008109
0.003899
0.000323
0.007566
0.006861
0.014105
0.000193
0.022685
0.000362
