0.991871
0.000691
0.000805
0.000089
0.001728
0.002622
0.001796
0.000106
0.000199
0.000088
0.000004
0.000000
0.000001
0.000000
0.000000
0.000000
0.000000
0.000000
0.000000
0.000000
0.000000
0.000000
0.000000
0.000000
0.000000
0.000000
0.000000
0.000000
0.000000
0.000000
0.000000
0.000000
0.000000
0.000000
0.000000
0.000000
0.000000
0.000000
0.000000
0.000000
0.000000
0.000000
0.000000
0.000000
0.996242
0.000256
0.000260
0.001189
0.000201
0.000890
0.000247
0.000000
0.000282
0.000412
0.000017
0.000001
0.000001
0.000000
0.000001
0.000000
0.000000
0.000000
0.000000
0.000000
0.000000
0.000000
0.000000
0.000000
0.000000
0.000000
0.000000
0.000000
0.000000
0.000000
0.000000
0.000000
0.000000
0.000000
0.000000
0.000000
0.000000
0.000000
0.000000
0.000000
0.000000
0.000000
0.000000
0.000000
0.989316
0.001330
0.000103
0.003496
0.001802
0.002722
0.000950
0.000065
0.000000
0.000200
0.000009
0.000000
0.000001
0.000002
0.000000
0.000002
0.000000
0.000000
0.000000
0.000000
0.000000
0.000000
0.000000
0.000000
0.000000
0.000000
0.000000
0.000000
0.000000
0.000000
0.000000
0.000000
0.000000
0.000000
0.000000
0.000000
0.000000
0.000000
0.000000
0.000000
0.000000
0.000000
0.000000
0.000000
0.986674
0.001611
0.000060
0.004175
0.002398
0.003412
0.001175
0.000110
0.000001
0.000380
0.000000
0.000000
0.000001
0.000001
0.000000
0.000002
0.000000
0.000000
0.000000
0.000000
0.000000
0.000000
0.000000
0.000000
0.000000
0.000000
0.000000
0.000000
0.000000
0.000000
0.000000
0.000000
0.000000
0.000000
0.000000
0.000000
0.000000
0.000000
0.000000
0.000000
0.000000
0.000000
0.000000
0.000000
0.808670
0.002164
0.066105
0.054770
0.013875
0.000774
0.040984
0.002162
0.009892
0.000274
0.000316
0.000004
0.000002
0.000001
0.000006
0.000000
0.000000
0.000000
0.000000
0.000000
0.000000
0.000000
0.000000
0.000000
0.000000
0.000000
0.000000
0.000000
0.000000
0.000000
0.000000
0.000000
0.000000
0.000000
0.000000
0.000000
0.000000
0.000000
0.000000
0.000000
0.000000
0.000000
0.000000
0.000000
0.927747
0.002256
0.024032
0.042308
0.001121
0.000242
0.000005
0.000077
0.000146
0.000367
0.001678
0.000000
0.000002
0.000005
0.000011
0.000001
0.000000
0.000000
0.000000
0.000000
0.000000
0.000000
0.000000
0.000000
0.000000
0.000000
0.000000
0.000000
0.000000
0.000000
0.000000
0.000000
0.000000
0.000000
0.000000
0.000000
0.000000
0.000000
0.000000
0.000000
0.000000
0.000000
0.000000
0.000000
0.845081
0.005572
0.048361
0.063908
0.003476
0.000870
0.022147
0.001111
0.007148
0.000507
0.001807
0.000000
0.000000
0.000000
0.000013
0.000000
0.000001
0.000000
0.000000
0.000000
0.000000
0.000000
0.000000
0.000000
0.000000
0.000000
0.000000
0.000000
0.000000
0.000000
0.000000
0.000000
0.000000
0.000000
0.000000
0.000000
0.000000
0.000000
0.000000
0.000000
0.000000
0.000000
0.000000
0.000000
0.067378
0.309320
0.580574
0.032260
0.002556
0.007198
0.000527
0.000045
0.000055
0.000001
0.000001
0.000000
0.000001
0.000067
0.000015
0.000001
0.000000
0.000000
0.000000
0.000000
0.000000
0.000000
0.000000
0.000000
0.000000
0.000000
0.000000
0.000000
0.000000
0.000000
0.000000
0.000000
0.000000
0.000000
0.000000
0.000000
0.000000
0.000000
0.000000
0.000000
0.000000
0.000000
0.000000
0.000000
0.074988
0.310128
0.574273
0.031274
0.003096
0.005787
0.000262
0.000067
0.000088
0.000001
0.000006
0.000002
0.000002
0.000024
0.000003
0.000000
0.000000
0.000000
0.000000
0.000000
0.000000
0.000000
0.000000
0.000000
0.000000
0.000000
0.000000
0.000000
0.000000
0.000000
0.000000
0.000000
0.000000
0.000000
0.000000
0.000000
0.000000
0.000000
0.000000
0.000000
0.000000
0.000000
0.000000
0.000000
0.782742
0.065345
0.059530
0.000001
0.000677
0.000023
0.086058
0.000589
0.004094
0.000928
0.000003
0.000001
0.000001
0.000008
0.000001
0.000000
0.000000
0.000000
0.000000
0.000000
0.000000
0.000000
0.000000
0.000000
0.000000
0.000000
0.000000
0.000000
0.000000
0.000000
0.000000
0.000000
0.000000
0.000000
0.000000
0.000000
0.000000
0.000000
0.000000
0.000000
0.000000
0.000000
0.000000
0.000000
0.472003
0.193358
0.138808
0.021899
0.001663
0.000098
0.159049
0.000536
0.012021
0.000526
0.000003
0.000009
0.000000
0.000021
0.000007
0.000000
0.000000
0.000000
0.000000
0.000000
0.000000
0.000000
0.000000
0.000000
0.000000
0.000000
0.000000
0.000000
0.000000
0.000000
0.000000
0.000000
0.000000
0.000000
0.000000
0.000000
0.000000
0.000000
0.000000
0.000000
0.000000
0.000000
0.000000
0.000000
0.927122
0.004429
0.017149
0.047755
0.000002
0.002372
0.000502
0.000000
0.000349
0.000169
0.000050
0.000012
0.000006
0.000072
0.000009
0.000001
0.000000
0.000000
0.000000
0.000000
0.000000
0.000000
0.000000
0.000000
0.000000
0.000000
0.000000
0.000000
0.000000
0.000000
0.000000
0.000000
0.000000
0.000000
0.000000
0.000000
0.000000
0.000000
0.000000
0.000000
0.000000
0.000000
0.000000
0.000000
0.016578
0.000005
0.209586
0.685262
0.079580
0.007944
0.000560
0.000338
0.000004
0.000136
0.000006
0.000001
0.000000
0.000001
0.000001
0.000000
0.000000
0.000000
0.000000
0.000000
0.000000
0.000000
0.000000
0.000000
0.000000
0.000000
0.000000
0.000000
0.000000
0.000000
0.000000
0.000000
0.000000
0.000000
0.000000
0.000000
0.000000
0.000000
0.000000
0.000000
0.000000
0.000000
0.000000
0.000000
0.002910
0.055831
0.131956
0.582495
0.193261
0.031909
0.000469
0.000703
0.000409
0.000056
0.000001
0.000000
0.000000
0.000000
0.000000
0.000000
0.000000
0.000000
0.000000
0.000000
0.000000
0.000000
0.000000
0.000000
0.000000
0.000000
0.000000
0.000000
0.000000
0.000000
0.000000
0.000000
0.000000
0.000000
0.000000
0.000000
0.000000
0.000000
0.000000
0.000000
0.000000
0.000000
0.000000
0.000000
0.724192
0.000872
0.064948
0.010173
0.071191
0.000405
0.013946
0.109342
0.004263
0.000632
0.000022
0.000008
0.000002
0.000001
0.000002
0.000000
0.000000
0.000000
0.000000
0.000000
0.000000
0.000000
0.000000
0.000000
0.000000
0.000000
0.000000
0.000000
0.000000
0.000000
0.000000
0.000000
0.000000
0.000000
0.000000
0.000000
0.000000
0.000000
0.000000
0.000000
0.000000
0.000000
0.000000
0.000000
0.589751
0.084986
0.096632
0.080182
0.027265
0.051895
0.001657
0.066284
0.000143
0.001191
0.000012
0.000001
0.000000
0.000001
0.000001
0.000000
0.000000
0.000000
0.000000
0.000000
0.000000
0.000000
0.000000
0.000000
0.000000
0.000000
0.000000
0.000000
0.000000
0.000000
0.000000
0.000000
0.000000
0.000000
0.000000
0.000000
0.000000
0.000000
0.000000
0.000000
0.000000
0.000000
0.000000
0.000000
0.671231
0.005958
0.070281
0.001177
0.236333
0.014912
0.000018
0.000000
0.000008
0.000076
0.000004
0.000001
0.000000
0.000000
0.000000
0.000000
0.000000
0.000000
0.000000
0.000000
0.000000
0.000000
0.000000
0.000000
0.000000
0.000000
0.000000
0.000000
0.000000
0.000000
0.000000
0.000000
0.000000
0.000000
0.000000
0.000000
0.000000
0.000000
0.000000
0.000000
0.000000
0.000000
0.000000
0.000000
0.026571
0.741559
0.102190
0.026463
0.032445
0.059593
0.003134
0.006763
0.000008
0.001232
0.000000
0.000014
0.000027
0.000000
0.000001
0.000000
0.000000
0.000000
0.000000
0.000000
0.000000
0.000000
0.000000
0.000000
0.000000
0.000000
0.000000
0.000000
0.000000
0.000000
0.000000
0.000000
0.000000
0.000000
0.000000
0.000000
0.000000
0.000000
0.000000
0.000000
0.000000
0.000000
0.000000
0.000000
0.901715
0.000751
0.018716
0.034635
0.012210
0.018932
0.008513
0.003192
0.000217
0.000545
0.000148
0.000288
0.000120
0.000010
0.000008
0.000000
0.000000
0.000000
0.000000
0.000000
0.000000
0.000000
0.000000
0.000000
0.000000
0.000000
0.000000
0.000000
0.000000
0.000000
0.000000
0.000000
0.000000
0.000000
0.000000
0.000000
0.000000
0.000000
0.000000
0.000000
0.000000
0.000000
0.000000
0.000000
0.930624
0.000224
0.016986
0.035227
0.005608
0.005987
0.003320
0.001207
0.000067
0.000125
0.000528
0.000002
0.000004
0.000016
0.000076
0.000001
0.000000
0.000000
0.000000
0.000000
0.000000
0.000000
0.000000
0.000000
0.000000
0.000000
0.000000
0.000000
0.000000
0.000000
0.000000
0.000000
0.000000
0.000000
0.000000
0.000000
0.000000
0.000000
0.000000
0.000000
0.000000
0.000000
0.000000
0.000000
0.928737
0.000445
0.019747
0.044113
0.002037
0.000921
0.001514
0.000208
0.001407
0.000131
0.000320
0.000402
0.000004
0.000006
0.000007
0.000000
0.000000
0.000000
0.000000
0.000000
0.000000
0.000000
0.000000
0.000000
0.000000
0.000000
0.000000
0.000000
0.000000
0.000000
0.000000
0.000000
0.000000
0.000000
0.000000
0.000000
0.000000
0.000000
0.000000
0.000000
0.000000
0.000000
0.000000
0.000000
0.275024
0.542011
0.115826
0.000928
0.007984
0.052111
0.002940
0.001261
0.000016
0.001445
0.000061
0.000127
0.000260
0.000007
0.000000
0.000000
0.000000
0.000000
0.000000
0.000000
0.000000
0.000000
0.000000
0.000000
0.000000
0.000000
0.000000
0.000000
0.000000
0.000000
0.000000
0.000000
0.000000
0.000000
0.000000
0.000000
0.000000
0.000000
0.000000
0.000000
0.000000
0.000000
0.000000
0.000000
0.321531
0.483889
0.107553
0.001003
0.011961
0.069835
0.002654
0.000997
0.000009
0.000008
0.000055
0.000047
0.000453
0.000004
0.000001
0.000000
0.000000
0.000000
0.000000
0.000000
0.000000
0.000000
0.000000
0.000000
0.000000
0.000000
0.000000
0.000000
0.000000
0.000000
0.000000
0.000000
0.000000
0.000000
0.000000
0.000000
0.000000
0.000000
0.000000
0.000000
0.000000
0.000000
0.000000
0.000000
0.000128
0.000142
0.002879
0.000043
0.000851
0.000123
0.000002
0.001829
0.000547
0.000004
0.000973
0.000088
0.000033
0.002523
0.000025
0.000002
0.000738
0.000116
0.004465
0.000359
0.004840
0.000185
0.000225
0.021500
0.000171
0.003339
0.026006
0.033208
0.196451
0.047043
0.042908
0.029021
0.071590
0.005230
0.005534
0.000000
0.002444
0.092579
0.032478
0.000000
0.000000
0.000000
0.000000
0.002596
0.000128
0.000142
0.002879
0.000043
0.000851
0.000123
0.000002
0.001829
0.000547
0.000004
0.000973
0.000088
0.000033
0.002523
0.000025
0.000002
0.000738
0.000116
0.004465
0.000359
0.004840
0.000185
0.000225
0.001940
0.025826
0.000879
0.000154
0.000348
0.002003
0.026672
0.008212
0.006598
0.016957
0.001343
0.000260
0.001709
0.001883
0.000020
0.002718
0.091089
0.204924
0.136269
0.079700
0.002596
0.000128
0.000142
0.002879
0.000043
0.000851
0.000123
0.000002
0.001829
0.000547
0.000004
0.000973
0.000088
0.000033
0.002523
0.000025
0.000002
0.000738
0.000116
0.004465
0.000359
0.004840
0.000185
0.000225
0.001940
0.025826
0.000879
0.000154
0.000348
0.002003
0.026672
0.008212
0.006598
0.016957
0.001343
0.000260
0.001709
0.001883
0.000020
0.002718
0.113895
0.012760
0.155956
0.229371
0.002596
0.000128
0.000142
0.002879
0.000043
0.000851
0.000123
0.000002
0.001829
0.000547
0.000004
0.000973
0.000088
0.000033
0.002523
0.000025
0.000002
0.000738
0.000116
0.004465
0.000359
0.004840
0.000185
0.000225
0.001940
0.025826
0.000879
0.000154
0.000348
0.002003
0.026672
0.008212
0.006598
0.016957
0.001343
0.000260
0.001709
0.001883
0.000020
0.002718
0.037492
0.290198
0.022980
0.161313
0.002596
0.000128
0.000142
0.002879
0.000043
0.000851
0.000123
0.000002
0.001829
0.000547
0.000004
0.000973
0.000088
0.000033
0.002523
0.000025
0.000002
0.000738
0.000116
0.004465
0.000359
0.004840
0.000185
0.000225
0.001940
0.025826
0.000879
0.000154
0.000348
0.002003
0.026672
0.008212
0.006598
0.016957
0.001343
0.000260
0.001709
0.001883
0.000020
0.002718
0.066236
0.072963
0.232105
0.140678
0.002596
0.000128
0.000142
0.002879
0.000043
0.000851
0.000123
0.000002
0.001829
0.000547
0.000004
0.000973
0.000088
0.000033
0.002523
0.000025
0.000002
0.000738
0.000116
0.004465
0.000359
0.004840
0.000185
0.000225
0.001940
0.025826
0.000879
0.000154
0.000348
0.002003
0.026672
0.008212
0.006598
0.016957
0.001343
0.000260
0.001709
0.001883
0.000020
0.002718
0.331266
0.059132
0.092668
0.028916
0.002596
0.000128
0.000142
0.002879
0.000043
0.000851
0.000123
0.000002
0.001829
0.000547
0.000004
0.000973
0.000088
0.000033
0.002523
0.000025
0.000002
0.000738
0.000116
0.004465
0.000359
0.004840
0.000185
0.000225
0.042217
0.018174
0.000036
0.144256
0.010635
0.000035
0.000044
0.000176
0.004053
0.006268
0.135638
0.124239
0.002505
0.050100
0.036071
0.035054
0.000000
0.000000
0.000000
0.000000
0.002596
0.000128
0.000142
0.002879
0.000043
0.000851
0.000123
0.000002
0.001829
0.000547
0.000004
0.000973
0.000088
0.000033
0.002523
0.000025
0.000002
0.000738
0.000116
0.004465
0.000359
0.004840
0.000185
0.000225
0.003275
0.001828
0.040925
0.007051
0.085390
0.002283
0.021259
0.015678
0.022076
0.067326
0.003949
0.045713
0.087532
0.049666
0.125657
0.029896
0.000000
0.000000
0.000000
0.000000
0.002596
0.000128
0.000142
0.002879
0.000043
0.000851
0.000123
0.000002
0.001829
0.000547
0.000004
0.000973
0.000088
0.000033
0.002523
0.000025
0.000002
0.000738
0.000116
0.004465
0.000359
0.004840
0.000185
0.000225
0.013581
0.013905
0.127819
0.002347
0.048558
0.008898
0.115879
0.029697
0.005101
0.112997
0.001551
0.035620
0.026270
0.047068
0.018595
0.001616
0.000000
0.000000
0.000000
0.000000
0.002596
0.000128
0.000142
0.002879
0.000043
0.000851
0.000123
0.000002
0.001829
0.000547
0.000004
0.000973
0.000088
0.000033
0.002523
0.000025
0.000002
0.000738
0.000116
0.004465
0.000359
0.004840
0.000185
0.000225
0.007622
0.021881
0.019812
0.061282
0.138890
0.008013
0.042008
0.121700
0.033126
0.001787
0.013145
0.011888
0.001789
0.111706
0.013038
0.001816
0.000000
0.000000
0.000000
0.000000
0.002596
0.000128
0.000142
0.002879
0.000043
0.000851
0.000123
0.000002
0.001829
0.000547
0.000004
0.000973
0.000088
0.000033
0.002523
0.000025
0.000002
0.000738
0.000116
0.004465
0.000359
0.004840
0.000185
0.000225
0.000274
0.000353
0.014243
0.013400
0.022487
0.096340
0.009265
0.110702
0.000020
0.014523
0.024169
0.165447
0.103743
0.015676
0.017940
0.000920
0.000000
0.000000
0.000000
0.000000
0.002596
0.000128
0.000142
0.002879
0.000043
0.000851
0.000123
0.000002
0.001829
0.000547
0.000004
0.000973
0.000088
0.000033
0.002523
0.000025
0.000002
0.000738
0.000116
0.004465
0.000359
0.004840
0.000185
0.000225
0.000086
0.003197
0.010282
0.000211
0.014822
0.084271
0.008902
0.057641
0.000941
0.072922
0.120947
0.043934
0.164431
0.025727
0.000642
0.000545
0.000000
0.000000
0.000000
0.000000
0.002596
0.000128
0.000142
0.002879
0.000043
0.000851
0.000123
0.000002
0.001829
0.000547
0.000004
0.000973
0.000088
0.000033
0.002523
0.000025
0.000002
0.000738
0.000116
0.004465
0.000359
0.004840
0.000185
0.000225
0.036022
0.011358
0.000020
0.003499
0.008264
0.019187
0.025570
0.008505
0.109000
0.032784
0.129910
0.000072
0.066542
0.004023
0.147494
0.007253
0.000000
0.000000
0.000000
0.000000
0.002596
0.000128
0.000142
0.002879
0.000043
0.000851
0.000123
0.000002
0.001829
0.000547
0.000004
0.000973
0.000088
0.000033
0.002523
0.000025
0.000002
0.000738
0.000116
0.004465
0.000359
0.004840
0.000185
0.000225
0.028997
0.002596
0.001251
0.008436
0.060961
0.009334
0.028366
0.021156
0.017799
0.004952
0.074235
0.106815
0.131630
0.101736
0.001149
0.010090
0.000000
0.000000
0.000000
0.000000
0.002596
0.000128
0.000142
0.002879
0.000043
0.000851
0.000123
0.000002
0.001829
0.000547
0.000004
0.000973
0.000088
0.000033
0.002523
0.000025
0.000002
0.000738
0.000116
0.004465
0.000359
0.004840
0.000185
0.000225
0.098383
0.049079
0.035102
0.013892
0.000207
0.009546
0.013468
0.000837
0.000974
0.011675
0.020855
0.024237
0.000344
0.000737
0.071771
0.258395
0.000000
0.000000
0.000000
0.000000
0.002596
0.000128
0.000142
0.002879
0.000043
0.000851
0.000123
0.000002
0.001829
0.000547
0.000004
0.000973
0.000088
0.000033
0.002523
0.000025
0.000002
0.000738
0.000116
0.004465
0.000359
0.004840
0.000185
0.000225
0.129203
0.069409
0.039517
0.016872
0.000614
0.055502
0.009807
0.012166
0.000838
0.007013
0.002415
0.013572
0.001236
0.038218
0.007978
0.205143
0.000000
0.000000
0.000000
0.000000
0.002596
0.000128
0.000142
0.002879
0.000043
0.000851
0.000123
0.000002
0.001829
0.000547
0.000004
0.000973
0.000088
0.000033
0.002523
0.000025
0.000002
0.000738
0.000116
0.004465
0.000359
0.004840
0.000185
0.000225
0.061722
0.149661
0.020910
0.020409
0.041511
0.035926
0.069364
0.008884
0.005802
0.052236
0.018049
0.002542
0.027622
0.019461
0.074354
0.001049
0.000000
0.000000
0.000000
0.000000
0.002596
0.000128
0.000142
0.002879
0.000043
0.000851
0.000123
0.000002
0.001829
0.000547
0.000004
0.000973
0.000088
0.000033
0.002523
0.000025
0.000002
0.000738
0.000116
0.004465
0.000359
0.004840
0.000185
0.000225
0.013787
0.000102
0.006676
0.022126
0.003091
0.047826
0.023154
0.042950
0.308863
0.020616
0.025916
0.000027
0.007844
0.063748
0.003568
0.019207
0.000000
0.000000
0.000000
0.000000
0.002596
0.000128
0.000142
0.002879
0.000043
0.000851
0.000123
0.000002
0.001829
0.000547
0.000004
0.000973
0.000088
0.000033
0.002523
0.000025
0.000002
0.000738
0.000116
0.004465
0.000359
0.004840
0.000185
0.000225
0.146167
0.014567
0.116125
0.167444
0.006461
0.000240
0.035314
0.060765
0.005788
0.036890
0.000034
0.004323
0.000163
0.000202
0.014794
0.000226
0.000000
0.000000
0.000000
0.000000
0.002596
0.000128
0.000142
0.002879
0.000043
0.000851
0.000123
0.000002
0.001829
0.000547
0.000004
0.000973
0.000088
0.000033
0.002523
0.000025
0.000002
0.000738
0.000116
0.004465
0.000359
0.004840
0.000185
0.000225
0.024755
0.151870
0.005786
0.005502
0.153133
0.011792
0.051951
0.036616
0.054122
0.000861
0.001437
0.003261
0.004641
0.099397
0.001420
0.002959
0.000000
0.000000
0.000000
0.000000
0.002596
0.000128
0.000142
0.002879
0.000043
0.000851
0.000123
0.000002
0.001829
0.000547
0.000004
0.000973
0.000088
0.000033
0.002523
0.000025
0.000002
0.000738
0.000116
0.004465
0.000359
0.004840
0.000185
0.000225
0.002690
0.002699
0.193740
0.126476
0.010005
0.044320
0.005222
0.028537
0.009467
0.040751
0.055784
0.051452
0.005140
0.000651
0.012827
0.019740
0.000000
0.000000
0.000000
0.000000
0.002596
