0.486269
0.121098
0.139125
0.000042
0.098149
0.017481
0.026726
0.060761
0.000001
0.000000
0.000000
0.000000
0.000000
0.000000
0.000000
0.000000
0.000000
0.000000
0.000000
0.000000
0.000000
0.000000
0.000000
0.000000
0.000000
0.000000
0.000000
0.000000
0.000000
0.000000
0.000000
0.000000
0.000000
0.000000
0.000000
0.000000
0.000000
0.000000
0.000000
0.000000
0.000000
0.000000
0.000000
0.050349
0.021414
0.277411
0.051627
0.002960
0.017004
0.092748
0.425725
0.060761
0.000001
0.000000
0.000000
0.000000
0.000000
0.000000
0.000000
0.000000
0.000000
0.000000
0.000000
0.000000
0.000000
0.000000
0.000000
0.000000
0.000000
0.000000
0.000000
0.000000
0.000000
0.000000
0.000000
0.000000
0.000000
0.000000
0.000000
0.000000
0.000000
0.000000
0.000000
0.000000
0.000000
0.000000
0.000000
0.050349
0.044924
0.030117
0.043328
0.037545
0.000088
0.491185
0.241702
0.060761
0.000001
0.000000
0.000000
0.000000
0.000000
0.000000
0.000000
0.000000
0.000000
0.000000
0.000000
0.000000
0.000000
0.000000
0.000000
0.000000
0.000000
0.000000
0.000000
0.000000
0.000000
0.000000
0.000000
0.000000
0.000000
0.000000
0.000000
0.000000
0.000000
0.000000
0.000000
0.000000
0.000000
0.000000
0.000000
0.050349
0.025578
0.223050
0.070942
0.001667
0.058061
0.270524
0.239067
0.060761
0.000001
0.000000
0.000000
0.000000
0.000000
0.000000
0.000000
0.000000
0.000000
0.000000
0.000000
0.000000
0.000000
0.000000
0.000000
0.000000
0.000000
0.000000
0.000000
0.000000
0.000000
0.000000
0.000000
0.000000
0.000000
0.000000
0.000000
0.000000
0.000000
0.000000
0.000000
0.000000
0.000000
0.000000
0.000000
0.050349
0.041524
0.044632
0.024023
0.111533
0.546773
0.093709
0.026695
0.060761
0.000001
0.000000
0.000000
0.000000
0.000000
0.000000
0.000000
0.000000
0.000000
0.000000
0.000000
0.000000
0.000000
0.000000
0.000000
0.000000
0.000000
0.000000
0.000000
0.000000
0.000000
0.000000
0.000000
0.000000
0.000000
0.000000
0.000000
0.000000
0.000000
0.000000
0.000000
0.000000
0.000000
0.000000
0.000000
0.050349
0.028802
0.032679
0.227651
0.016833
0.068510
0.007744
0.006670
0.057549
0.501184
0.000000
0.000000
0.000000
0.000000
0.000000
0.000000
0.000000
0.000000
0.000000
0.000000
0.000000
0.000000
0.000000
0.000000
0.000000
0.000000
0.000000
0.000000
0.000000
0.000000
0.000000
0.000000
0.000000
0.000000
0.000000
0.000000
0.000000
0.000000
0.000000
0.000000
0.000000
0.000000
0.000000
0.000000
0.052378
0.028802
0.032679
0.227651
0.016833
0.068510
0.007744
0.006670
0.064061
0.498691
0.000000
0.000000
0.000000
0.000000
0.000000
0.000000
0.000000
0.000000
0.000000
0.000000
0.000000
0.000000
0.000000
0.000000
0.000000
0.000000
0.000000
0.000000
0.000000
0.000000
0.000000
0.000000
0.000000
0.000000
0.000000
0.000000
0.000000
0.000000
0.000000
0.000000
0.000000
0.000000
0.000000
0.000000
0.048360
0.291707
0.221417
0.215615
0.000630
0.113916
0.018860
0.026744
0.060761
0.000001
0.000000
0.000000
0.000000
0.000000
0.000000
0.000000
0.000000
0.000000
0.000000
0.000000
0.000000
0.000000
0.000000
0.000000
0.000000
0.000000
0.000000
0.000000
0.000000
0.000000
0.000000
0.000000
0.000000
0.000000
0.000000
0.000000
0.000000
0.000000
0.000000
0.000000
0.000000
0.000000
0.000000
0.000000
0.050349
0.030980
0.016919
0.000038
0.811957
0.028989
0.000004
0.000002
0.060761
0.000001
0.000000
0.000000
0.000000
0.000000
0.000000
0.000000
0.000000
0.000000
0.000000
0.000000
0.000000
0.000000
0.000000
0.000000
0.000000
0.000000
0.000000
0.000000
0.000000
0.000000
0.000000
0.000000
0.000000
0.000000
0.000000
0.000000
0.000000
0.000000
0.000000
0.000000
0.000000
0.000000
0.000000
0.000000
0.050349
0.000000
0.000000
0.000000
0.000000
0.000000
0.000000
0.000000
0.012945
0.000003
0.005063
0.006213
0.000389
0.000609
0.001816
0.000473
0.001622
0.000036
0.004951
0.085145
0.131435
0.258151
0.475526
0.000000
0.000000
0.000000
0.000000
0.000000
0.000000
0.000000
0.000000
0.000000
0.000000
0.000000
0.000000
0.000000
0.000000
0.000000
0.000000
0.000000
0.000000
0.000000
0.000000
0.000000
0.015623
0.000000
0.000000
0.000000
0.000000
0.000000
0.000000
0.000000
0.012945
0.000003
0.004943
0.006965
0.000505
0.001006
0.000005
0.000081
0.000288
0.000014
0.000090
0.000389
0.000076
0.000015
0.002507
0.113205
0.658827
0.135750
0.005929
0.001919
0.000396
0.019454
0.014760
0.000233
0.001351
0.000798
0.000753
0.001085
0.000079
0.000005
0.000000
0.000000
0.000000
0.000000
0.000000
0.000000
0.015623
0.000000
0.000000
0.000000
0.000000
0.000000
0.000000
0.000000
0.012945
0.000003
0.004943
0.006965
0.000505
0.001006
0.000005
0.000081
0.000288
0.000014
0.000090
0.000389
0.000076
0.000015
0.002507
0.292739
0.027852
0.238674
0.079542
0.176889
0.011288
0.074871
0.002543
0.002496
0.043404
0.003464
0.000135
0.000533
0.000112
0.000000
0.000003
0.000000
0.000000
0.000000
0.000000
0.000000
0.015623
0.000000
0.000000
0.000000
0.000000
0.000000
0.000000
0.000000
0.012945
0.000003
0.004943
0.006965
0.000505
0.001006
0.000005
0.000081
0.000288
0.000014
0.000090
0.000389
0.000076
0.000015
0.002507
0.320335
0.138695
0.202014
0.002921
0.000650
0.001070
0.002546
0.000686
0.150934
0.124149
0.001556
0.006817
0.001962
0.000057
0.000151
0.000004
0.000000
0.000000
0.000000
0.000000
0.000000
0.015623
0.000000
0.000000
0.000000
0.000000
0.000000
0.000000
0.000000
0.012945
0.000003
0.004943
0.006965
0.000505
0.001006
0.000005
0.000081
0.000288
0.000014
0.000090
0.000389
0.000076
0.000015
0.002507
0.143553
0.124360
0.065202
0.035390
0.002105
0.020892
0.002657
0.001684
0.319742
0.229604
0.000514
0.008563
0.000215
0.000034
0.000025
0.000003
0.000000
0.000000
0.000000
0.000000
0.000000
0.015623
0.000000
0.000000
0.000000
0.000000
0.000000
0.000000
0.000000
0.012945
0.000003
0.004943
0.006965
0.000505
0.001006
0.000005
0.000081
0.000288
0.000014
0.000090
0.000389
0.000076
0.000015
0.002507
0.011905
0.004429
0.013763
0.135829
0.149812
0.193045
0.035424
0.258236
0.047301
0.073032
0.027620
0.001717
0.002078
0.000064
0.000283
0.000007
0.000000
0.000000
0.000000
0.000000
0.000000
0.015623
0.000000
0.000000
0.000000
0.000000
0.000000
0.000000
0.000000
0.012945
0.000003
0.004943
0.006965
0.000505
0.001006
0.000005
0.000081
0.000288
0.000014
0.000090
0.000389
0.000076
0.000015
0.002507
0.116725
0.008111
0.336659
0.100254
0.150044
0.000839
0.146416
0.038606
0.023261
0.026933
0.000012
0.002536
0.003911
0.000009
0.000229
0.000000
0.000000
0.000000
0.000000
0.000000
0.000000
0.015623
0.000000
0.000000
0.000000
0.000000
0.000000
0.000000
0.000000
0.012945
0.000003
0.004943
0.006965
0.000505
0.001006
0.000005
0.000081
0.000288
0.000014
0.000090
0.000389
0.000076
0.000015
0.002507
0.000991
0.002131
0.000139
0.069978
0.000002
0.276115
0.059777
0.409962
0.088344
0.026771
0.014670
0.003770
0.000263
0.000087
0.001540
0.000007
0.000000
0.000000
0.000000
0.000000
0.000000
0.015623
0.000000
0.000000
0.000000
0.000000
0.000000
0.000000
0.000000
0.012945
0.000003
0.004943
0.006965
0.000505
0.001006
0.000005
0.000081
0.000288
0.000014
0.000090
0.000389
0.000076
0.000015
0.002507
0.000200
0.000408
0.002586
0.000941
0.097954
0.016925
0.031042
0.113578
0.257905
0.267744
0.153789
0.004291
0.004460
0.000008
0.002596
0.000117
0.000000
0.000000
0.000000
0.000000
0.000000
0.015623
0.000000
0.000000
0.000000
0.000000
0.000000
0.000000
0.000000
0.012945
0.000003
0.004943
0.006965
0.000505
0.001006
0.000005
0.000081
0.000288
0.000014
0.000090
0.000389
0.000076
0.000015
0.002507
0.000221
0.015947
0.004040
0.490501
0.000341
0.120078
0.243565
0.002611
0.000107
0.004987
0.019299
0.028264
0.021437
0.003136
0.000000
0.000014
0.000000
0.000000
0.000000
0.000000
0.000000
0.015623
0.000000
0.000000
0.000000
0.000000
0.000000
0.000000
0.000000
0.012945
0.000003
0.004943
0.006965
0.000505
0.001006
0.000005
0.000081
0.000288
0.000014
0.000090
0.000389
0.000076
0.000015
0.002507
0.000002
0.002583
0.000025
0.043756
0.025062
0.019143
0.111640
0.014106
0.006594
0.009405
0.184766
0.200010
0.294775
0.022552
0.020115
0.000012
0.000000
0.000000
0.000000
0.000000
0.000000
0.015623
0.000000
0.000000
0.000000
0.000000
0.000000
0.000000
0.000000
0.012945
0.000003
0.004943
0.006965
0.000505
0.001006
0.000005
0.000081
0.000288
0.000014
0.000090
0.000389
0.000076
0.000015
0.002507
0.000002
0.001462
0.000000
0.006072
0.061296
0.182281
0.146091
0.064647
0.030692
0.002741
0.003323
0.405464
0.039572
0.000179
0.010647
0.000075
0.000000
0.000000
0.000000
0.000000
0.000000
0.015623
0.000000
0.000000
0.000000
0.000000
0.000000
0.000000
0.000000
0.012945
0.000003
0.004943
0.006965
0.000505
0.001006
0.000005
0.000081
0.000288
0.000014
0.000090
0.000389
0.000076
0.000015
0.002507
0.000005
0.003250
0.000048
0.001022
0.098138
0.064784
0.012163
0.000676
0.002625
0.067946
0.371055
0.029517
0.229424
0.072459
0.001349
0.000083
0.000000
0.000000
0.000000
0.000000
0.000000
0.015623
0.000000
0.000000
0.000000
0.000000
0.000000
0.000000
0.000000
0.012945
0.000003
0.004943
0.006965
0.000505
0.001006
0.000005
0.000081
0.000288
0.000014
0.000090
0.000389
0.000076
0.000015
0.002507
0.000006
0.000632
0.000654
0.013396
0.064866
0.008505
0.031706
0.037433
0.036837
0.028188
0.110905
0.150674
0.073994
0.342964
0.042209
0.011576
0.000000
0.000000
0.000000
0.000000
0.000000
0.015623
0.000000
0.000000
0.000000
0.000000
0.000000
0.000000
0.000000
0.012945
0.000003
0.004943
0.006965
0.000505
0.001006
0.000005
0.000081
0.000288
0.000014
0.000090
0.000389
0.000076
0.000015
0.002507
0.000014
0.001093
0.000063
0.001235
0.010229
0.007155
0.003680
0.000566
0.000306
0.004240
0.000128
0.000721
0.019952
0.001597
0.070117
0.000115
0.289175
0.452578
0.056718
0.026418
0.008444
0.015623
0.000000
0.000000
0.000000
0.000000
0.000000
0.000000
0.000000
0.012945
0.000003
0.004943
0.006965
0.000505
0.001006
0.000005
0.000081
0.000288
0.000014
0.000090
0.000389
0.000076
0.000015
0.002507
0.000014
0.001093
0.000063
0.001235
0.010229
0.007155
0.003680
0.000566
0.000306
0.004240
0.000128
0.000721
0.019952
0.001597
0.070117
0.000115
0.659419
0.132074
0.000040
0.001143
0.040658
0.015623
0.000000
0.000000
0.000000
0.000000
0.000000
0.000000
0.000000
0.012945
0.000003
0.004943
0.006965
0.000505
0.001006
0.000005
0.000081
0.000288
0.000014
0.000090
0.000389
0.000076
0.000015
0.002507
0.000014
0.001093
0.000063
0.001235
0.010229
0.007155
0.003680
0.000566
0.000306
0.004240
0.000128
0.000721
0.019952
0.001597
0.070117
0.000115
0.038169
0.080859
0.023326
0.357212
0.333768
0.015623
0.000000
0.000000
0.000000
0.000000
0.000000
0.000000
0.000000
0.012945
0.000003
0.004943
0.006965
0.000505
0.001006
0.000005
0.000081
0.000288
0.000014
0.000090
0.000389
0.000076
0.000015
0.002507
0.000014
0.001093
0.000063
0.001235
0.010229
0.007155
0.003680
0.000566
0.000306
0.004240
0.000128
0.000721
0.019952
0.001597
0.070117
0.000115
0.000707
0.308194
0.098277
0.398784
0.027371
0.015623
0.000000
0.000000
0.000000
0.000000
0.000000
0.000000
0.000000
0.012945
0.000003
0.004943
0.006965
0.000505
0.001006
0.000005
0.000081
0.000288
0.000014
0.000090
0.000389
0.000076
0.000015
0.002507
0.000014
0.001093
0.000063
0.001235
0.010229
0.007155
0.003680
0.000566
0.000306
0.004240
0.000128
0.000721
0.019952
0.001597
0.070117
0.000115
0.002356
0.024749
0.164411
0.179155
0.462663
0.015623
0.000000
0.000000
0.000000
0.000000
0.000000
0.000000
0.000000
0.012945
0.000003
0.004943
0.006965
0.000505
0.001006
0.000005
0.000081
0.000288
0.000014
0.000090
0.000389
0.000076
0.000015
0.002507
0.000014
0.001093
0.000063
0.001235
0.010229
0.007155
0.003680
0.000566
0.000306
0.004240
0.000128
0.000721
0.019952
0.001597
0.070117
0.000115
0.010174
0.001547
0.657229
0.037288
0.127096
0.015623
0.000000
0.000000
0.000000
0.000000
0.000000
0.000000
0.000000
0.012945
0.000003
0.004943
0.006965
0.000505
0.001006
0.000005
0.000081
0.000288
0.000014
0.000090
0.000389
0.000076
0.000015
0.002507
0.000008
0.001830
0.000057
0.003661
0.000006
0.027140
0.038688
0.018526
0.016794
0.067945
0.099494
0.115385
0.205419
0.029645
0.329948
0.000000
0.000000
0.000000
0.000000
0.000000
0.000000
0.015623
0.000000
0.000000
0.000000
0.000000
0.000000
0.000000
0.000000
0.012945
0.000003
0.004943
0.006965
0.000505
0.001006
0.000005
0.000081
0.000288
0.000014
0.000090
0.000389
0.000076
0.000015
0.002507
0.000010
0.001495
0.000000
0.001054
0.048459
0.004721
0.007341
0.007083
0.005121
0.000307
0.000537
0.011566
0.001068
0.308389
0.070831
0.486564
0.000000
0.000000
0.000000
0.000000
0.000000
0.015623
0.000000
0.000000
0.000000
0.000000
0.000000
0.000000
0.000000
0.012945
0.000003
0.004943
0.006965
0.000505
0.001006
0.000005
0.000081
0.000288
0.000014
0.000090
0.000389
0.000076
0.000015
0.002507
0.000009
0.001424
0.000010
0.002345
0.061081
0.009851
0.014540
0.011470
0.009176
0.000053
0.007428
0.026211
0.000094
0.210640
0.099371
0.500843
0.000000
0.000000
0.000000
0.000000
0.000000
0.015623
0.000000
0.000000
0.000000
0.000000
0.000000
0.000000
0.000000
0.012945
0.000003
0.003984
0.004343
0.001040
0.005440
0.016675
0.055264
0.053901
0.024632
0.021961
0.042793
0.039096
0.469369
0.232932
0.000000
0.000000
0.000000
0.000000
0.000000
0.000000
0.000000
0.000000
0.000000
0.000000
0.000000
0.000000
0.000000
0.000000
0.000000
0.000000
0.000000
0.000000
0.000000
0.000000
0.000000
0.015623
0.000000
0.000000
0.000000
0.000000
0.000000
0.000000
0.000000
0.012945
0.000003
0.000776
0.076343
0.012346
0.076829
0.025003
0.116963
0.000004
0.092065
0.349256
0.197330
0.023194
0.001060
0.000260
0.000000
0.000000
0.000000
0.000000
0.000000
0.000000
0.000000
0.000000
0.000000
0.000000
0.000000
0.000000
0.000000
0.000000
0.000000
0.000000
0.000000
0.000000
0.000000
0.000000
0.000000
0.015623
0.000000
0.000000
0.000000
0.000000
0.000000
0.000000
0.000000
0.012945
0.000003
0.001815
0.163712
0.031724
0.143511
0.116207
0.060183
0.066390
0.223480
0.065683
0.085991
0.010539
0.000158
0.002036
0.000000
0.000000
0.000000
0.000000
0.000000
0.000000
0.000000
0.000000
0.000000
0.000000
0.000000
0.000000
0.000000
0.000000
0.000000
0.000000
0.000000
0.000000
0.000000
0.000000
0.000000
0.015623
0.000000
0.000000
0.000000
0.000000
0.000000
0.000000
0.000000
0.012945
0.000003
0.000085
0.042389
0.060335
0.227174
0.055951
0.056256
0.116551
0.204592
0.166152
0.000012
0.006894
0.023600
0.011436
0.000000
0.000000
0.000000
0.000000
0.000000
0.000000
0.000000
0.000000
0.000000
0.000000
0.000000
0.000000
0.000000
0.000000
0.000000
0.000000
0.000000
0.000000
0.000000
0.000000
0.000000
0.015623
0.000000
0.000000
0.000000
0.000000
0.000000
0.000000
0.000000
0.012945
0.000003
0.046368
0.019621
0.000061
0.054412
0.199232
0.011019
0.489715
0.003562
0.000145
0.095422
0.000259
0.051092
0.000520
0.000000
0.000000
0.000000
0.000000
0.000000
0.000000
0.000000
0.000000
0.000000
0.000000
0.000000
0.000000
0.000000
0.000000
0.000000
0.000000
0.000000
0.000000
0.000000
0.000000
0.000000
0.015623
0.000000
0.000000
0.000000
0.000000
0.000000
0.000000
0.000000
0.012945
0.000003
0.046061
0.060191
0.016742
0.041825
0.141704
0.159148
0.029597
0.138675
0.066159
0.044140
0.106061
0.100557
0.020569
0.000000
0.000000
0.000000
0.000000
0.000000
0.000000
0.000000
0.000000
0.000000
0.000000
0.000000
0.000000
0.000000
0.000000
0.000000
0.000000
0.000000
0.000000
0.000000
0.000000
0.000000
0.015623
0.000000
0.000000
0.000000
0.000000
0.000000
0.000000
0.000000
0.012945
0.000003
0.048921
0.058329
0.002773
0.024310
0.122740
0.024198
0.088999
0.001126
0.233034
0.187765
0.098515
0.033749
0.046969
0.000000
0.000000
0.000000
0.000000
0.000000
0.000000
0.000000
0.000000
0.000000
0.000000
0.000000
0.000000
0.000000
0.000000
0.000000
0.000000
0.000000
0.000000
0.000000
0.000000
0.000000
0.015623
0.000000
0.000000
0.000000
0.000000
0.000000
0.000000
0.000000
0.012945
0.000003
0.257813
0.000046
0.074795
0.008573
0.029558
0.093667
0.018117
0.003919
0.000896
0.087389
0.291790
0.023533
0.081334
0.000000
0.000000
0.000000
0.000000
0.000000
0.000000
0.000000
0.000000
0.000000
0.000000
0.000000
0.000000
0.000000
0.000000
0.000000
0.000000
0.000000
0.000000
0.000000
0.000000
0.000000
0.015623
0.000000
0.000000
0.000000
0.000000
0.000000
0.000000
0.000000
0.012945
0.000003
0.273365
0.000266
0.062321
0.038264
0.007321
0.035176
0.077584
0.000888
0.053029
0.062103
0.265431
0.028907
0.066773
0.000000
0.000000
0.000000
0.000000
0.000000
0.000000
0.000000
0.000000
0.000000
0.000000
0.000000
0.000000
0.000000
0.000000
0.000000
0.000000
0.000000
0.000000
0.000000
0.000000
0.000000
0.015623
0.000000
0.000000
0.000000
0.000000
0.000000
0.000000
0.000000
0.012945
0.000003
0.110180
0.378981
0.003836
0.021765
0.100324
0.336713
0.001793
0.000002
0.004881
0.007133
0.005123
0.000518
0.000181
0.000000
0.000000
0.000000
0.000000
0.000000
0.000000
0.000000
0.000000
0.000000
0.000000
0.000000
0.000000
0.000000
0.000000
0.000000
0.000000
0.000000
0.000000
0.000000
0.000000
0.000000
0.015623
0.000000
0.000000
0.000000
0.000000
0.000000
0.000000
0.000000
0.012945
0.000003
0.009323
0.000907
0.605582
0.001313
0.064759
0.049108
0.040676
0.111036
0.016683
0.057063
0.011917
0.001301
0.001762
0.000000
0.000000
0.000000
0.000000
0.000000
0.000000
0.000000
0.000000
0.000000
0.000000
0.000000
0.000000
0.000000
0.000000
0.000000
0.000000
0.000000
0.000000
0.000000
0.000000
0.000000
0.015623
0.000000
0.000000
0.000000
0.000000
0.000000
0.000000
0.000000
0.012945
0.000003
0.087509
0.035438
0.116947
0.333843
0.118605
0.000043
0.008719
0.195681
0.015200
0.039155
0.008063
0.007686
0.004541
0.000000
0.000000
0.000000
0.000000
0.000000
0.000000
0.000000
0.000000
0.000000
0.000000
0.000000
0.000000
0.000000
0.000000
0.000000
0.000000
0.000000
0.000000
0.000000
0.000000
0.000000
0.015623
