0.021012
0.046737
0.014839
0.002210
0.000000
0.000000
0.000000
0.000000
0.000000
0.000000
0.000000
0.000000
0.000000
0.000000
0.000000
0.000000
0.000000
0.000000
0.000000
0.000000
0.000000
0.000000
0.000000
0.000000
0.000000
0.000000
0.000000
0.000000
0.000000
0.000000
0.000000
0.000000
0.000000
0.000000
0.000000
0.000000
0.000000
0.000000
0.000000
0.000000
0.000000
0.000000
0.000000
0.915203
0.020479
0.058558
0.002773
0.175135
0.405312
0.001264
0.041579
0.030276
0.078364
0.008982
0.000172
0.012631
0.000576
0.000429
0.022102
0.005364
0.014076
0.003716
0.000019
0.001201
0.003937
0.022929
0.005125
0.001210
0.000055
0.005260
0.004191
0.000438
0.009466
0.005170
0.002120
0.006281
0.001386
0.004292
0.004349
0.004800
0.007541
0.002243
0.002848
0.000084
0.017802
0.000996
0.002272
0.002196
0.025384
0.001041
0.000833
0.008502
0.009331
0.095715
0.095969
0.131024
0.015270
0.025053
0.003119
0.183187
0.000710
0.012869
0.002603
0.000800
0.004301
0.079258
0.000773
0.007859
0.088835
0.000248
0.001233
0.024999
0.011221
0.006173
0.000051
0.036455
0.006597
0.001952
0.001324
0.001830
0.012666
0.000598
0.031127
0.006582
0.020702
0.001028
0.005460
0.000090
0.029165
0.001639
0.005795
0.000628
0.023476
0.021012
0.006874
0.019826
0.014759
0.615330
0.054197
0.005580
0.160006
0.016884
0.005562
0.010991
0.002455
0.007361
0.002995
0.001329
0.000138
0.000078
0.002143
0.001315
0.005796
0.001044
0.000341
0.000012
0.000027
0.000003
0.000028
0.001909
0.000749
0.000111
0.000004
0.000028
0.001294
0.000069
0.000000
0.000792
0.000002
0.000049
0.000217
0.000694
0.008409
0.001560
0.000994
0.003554
0.023585
0.021881
0.002121
0.012469
0.001288
0.003156
0.000441
0.001577
0.022428
0.082846
0.026976
0.029012
0.097137
0.004617
0.035548
0.001871
0.018363
0.003180
0.006963
0.040596
0.000992
0.026177
0.004362
0.027709
0.007891
0.007575
0.026988
0.011855
0.000002
0.000067
0.007969
0.005542
0.083362
0.085911
0.009375
0.024021
0.015039
0.012106
0.000178
0.132412
0.000904
0.037785
0.035615
0.000111
0.014715
0.126442
0.004424
0.000388
0.003014
0.012588
0.003718
0.000161
0.000588
0.036209
0.031763
0.010032
0.000007
0.033345
0.023748
0.177273
0.001211
0.057994
0.003734
0.003511
0.000171
0.034692
0.027003
0.079332
0.036451
0.002749
0.017708
0.060198
0.002307
0.002865
0.002972
0.001311
0.004710
0.000679
0.017092
0.001063
0.001452
0.084818
0.002010
0.028314
0.019913
0.001228
0.014393
0.011701
0.025142
0.002305
0.004400
0.005181
0.019853
0.020190
0.002986
0.012348
0.000092
0.077757
0.224853
0.000470
0.049113
0.014967
0.071868
0.023537
0.000972
0.005559
0.002469
0.009797
0.012694
0.000242
0.007815
0.069353
0.016647
0.035313
0.000018
0.016777
0.050168
0.019949
0.003197
0.006399
0.000251
0.022656
0.001975
0.001238
0.039233
0.027396
0.003628
0.013043
0.050504
0.012661
0.014090
0.000898
0.023358
0.020645
0.010771
0.012532
0.035334
0.015850
0.006057
0.000132
0.001179
0.005909
0.009969
0.011560
0.003557
0.002288
0.023742
0.004103
0.029151
0.187533
0.014818
0.043020
0.000404
0.007401
0.146921
0.011517
0.036453
0.049366
0.003457
0.014361
0.022175
0.000011
0.002586
0.007389
0.015968
0.006130
0.027323
0.029388
0.028640
0.057834
0.000149
0.025633
0.020049
0.000942
0.020385
0.004012
0.022889
0.025668
0.012008
0.000023
0.000748
0.000748
0.003231
0.004647
0.007307
0.144479
0.059908
0.090435
0.020121
0.056103
0.022103
0.099079
0.026585
0.011709
0.003786
0.018998
0.003670
0.023301
0.006432
0.006404
0.058028
0.016579
0.000006
0.022436
0.000357
0.000498
0.011510
0.005617
0.057481
0.009925
0.021270
0.014097
0.003504
0.000035
0.000383
0.035559
0.008869
0.000067
0.058022
0.005376
0.021820
0.002415
0.091200
0.000154
0.002150
0.001276
0.000153
0.028978
0.002126
0.019404
0.000314
0.083565
0.000107
0.002022
0.050212
0.086782
0.217615
0.056022
0.000346
0.015674
0.005141
0.026401
0.004603
0.034377
0.030069
0.028606
0.004070
0.003206
0.052348
0.000059
0.000168
0.009067
0.007530
0.000259
0.007490
0.003070
0.000057
0.000081
0.004190
0.085156
0.006942
0.000604
0.003401
0.000772
0.019791
0.045447
0.049665
0.000085
0.000285
0.005524
0.000000
0.004581
0.092521
0.005778
0.005470
0.012267
0.007012
0.004495
0.002633
0.000570
0.148922
0.002448
0.003281
0.126887
0.051318
0.000380
0.019999
0.000005
0.013455
0.171825
0.002723
0.044709
0.020369
0.002514
0.001404
0.012642
0.021802
0.024440
0.000199
0.003948
0.039064
0.003239
0.000115
0.000020
0.006049
0.000019
0.020444
0.001653
0.025180
0.003808
0.000097
0.001503
0.008794
0.001355
0.001231
0.001579
0.001832
0.000574
0.000003
0.023212
0.003439
0.000000
0.042511
0.005488
0.068174
0.000008
0.000766
0.042967
0.028390
0.000948
0.099522
0.185533
0.025118
0.007773
0.012327
0.004769
0.033450
0.023217
0.065709
0.000181
0.013687
0.006939
0.006396
0.019770
0.005302
0.002520
0.013663
0.084727
0.078089
0.041240
0.008119
0.000089
0.025319
0.001207
0.002185
0.006188
0.085946
0.000012
0.047418
0.002774
0.017719
0.000909
0.000196
0.015485
0.009243
0.004347
0.042439
0.000192
0.020388
0.105678
0.001659
0.045595
0.052581
0.000741
0.038394
0.007035
0.018877
0.052718
0.057076
0.013165
0.101751
0.037277
0.022371
0.041677
0.010752
0.002723
0.026839
0.030653
0.002893
0.003323
0.016935
0.007435
0.008272
0.005097
0.005356
0.001159
0.021941
0.042167
0.000543
0.018648
0.005040
0.011754
0.000421
0.001624
0.001489
0.021857
0.005178
0.015499
0.000332
0.003859
0.001405
0.040728
0.006453
0.001758
0.105680
0.046064
0.005809
0.239681
0.036426
0.017365
0.001975
0.043859
0.011433
0.064893
0.001781
0.005455
0.013896
0.019656
0.019711
0.021156
0.019731
0.000261
0.002636
0.000034
0.003584
0.008207
0.008651
0.005564
0.091555
0.004239
0.025436
0.000015
0.001735
0.021574
0.049939
0.006617
0.296776
0.027629
0.030737
0.006172
0.008309
0.002492
0.008810
0.007629
0.096630
0.017980
0.000003
0.003219
0.003612
0.000275
0.173316
0.003047
0.026503
0.016353
0.030505
0.003071
0.015782
0.006869
0.000079
0.009543
0.002134
0.003471
0.030796
0.002689
0.023267
0.000012
0.000169
0.009752
0.002548
0.001387
0.004245
0.000438
0.017979
0.000457
0.023334
0.018037
0.017155
0.006773
0.024170
0.000861
0.009172
0.015790
0.015494
0.109388
0.004647
0.007404
0.420860
0.029099
0.066099
0.000870
0.000764
0.001740
0.001498
0.001487
0.004423
0.018182
0.020977
0.002514
0.014198
0.020302
0.018732
0.025718
0.002209
0.027411
0.000856
0.001325
0.019407
0.000090
0.000000
0.002372
0.003724
0.002318
0.007958
0.002620
0.003520
0.003523
0.021307
0.001670
0.023655
0.020627
0.003039
0.006730
0.000121
0.000105
0.013290
0.000195
0.000032
0.004283
0.002411
0.017309
0.006535
0.015179
0.021821
0.006808
0.000653
0.028803
0.002238
0.004532
0.003050
0.006582
0.002001
0.020784
0.003916
0.026143
0.106422
0.159353
0.005332
0.166943
0.001232
0.093056
0.006309
0.012205
0.034795
0.061674
0.009311
0.015641
0.048247
0.005683
0.005589
0.000247
0.026974
0.000147
0.024315
0.014077
0.000164
0.015911
0.046142
0.004788
0.036251
0.018828
0.009207
0.015683
0.000122
0.003666
0.001344
0.044411
0.005133
0.059599
0.075944
0.025225
0.002819
0.085297
0.015997
0.015075
0.010448
0.145914
0.012343
0.034044
0.000799
0.009744
0.048519
0.010910
0.001034
0.008510
0.033027
0.046928
0.003786
0.021256
0.007526
0.003330
0.049939
0.008920
0.000591
0.000664
0.021648
0.000121
0.025221
0.003015
0.000774
0.011383
0.003852
0.011211
0.006419
0.012043
0.000841
0.000276
0.002114
0.028409
0.001182
0.006773
0.004522
0.000132
0.013736
0.000696
0.000638
0.003468
0.000429
0.001532
0.000110
0.000006
0.054860
0.024348
0.039640
0.017555
0.000378
0.073935
0.027902
0.405636
0.010689
0.033171
0.087065
0.022109
0.006264
0.004118
0.032944
0.018934
0.000249
0.000056
0.000154
0.001209
0.025436
0.000475
0.000718
0.000262
0.003017
0.000037
0.000274
0.033357
0.001813
0.004263
0.000695
0.009465
0.001782
0.001603
0.022731
0.000885
0.000085
0.009328
0.021799
0.068589
0.019522
0.008954
0.009105
0.003829
0.037174
0.002753
0.042246
0.019405
0.000095
0.034553
0.039298
0.093827
0.250159
0.007208
0.000371
0.057491
0.014899
0.004753
0.088072
0.037385
0.003643
0.005811
0.012352
0.000478
0.022838
0.031311
0.000931
0.011452
0.004392
0.000827
0.016048
0.050105
0.014489
0.001433
0.012185
0.020862
0.006754
0.063456
0.011763
0.002759
0.005392
0.000266
0.002902
0.028934
0.001209
0.014420
0.058021
0.155801
0.000026
0.169037
0.008114
0.016653
0.007283
0.026286
0.044680
0.034620
0.001443
0.001011
0.061644
0.037671
0.002949
0.001162
0.009482
0.000154
0.005039
0.020741
0.013113
0.000341
0.025077
0.005029
0.000099
0.002991
0.007348
0.000327
0.003928
0.009788
0.000067
0.000216
0.001576
0.023344
0.015124
0.056629
0.012089
0.000352
0.000138
0.001488
0.006377
0.044388
0.005301
0.005532
0.000037
0.014034
0.009897
0.041180
0.013348
0.043850
0.098307
0.054342
0.072593
0.002164
0.001205
0.042910
0.000009
0.000907
0.087286
0.014446
0.201059
0.000131
0.030792
0.042596
0.001611
0.000088
0.025356
0.000191
0.003432
0.011202
0.000379
0.000557
0.006854
0.001667
0.037763
0.126427
0.035609
0.000723
0.004289
0.000158
0.009631
0.153681
0.062372
0.031001
0.000031
0.040109
0.008701
0.128638
0.056888
0.000337
0.053324
0.000319
0.003457
0.012599
0.030454
0.000021
0.000275
0.000300
0.000183
0.000000
0.052925
0.034668
0.014378
0.007208
0.001886
0.021875
0.016960
0.000022
0.002796
0.000351
0.025431
0.000788
0.000174
0.092994
0.014972
0.005182
0.009479
0.007803
0.002522
0.001205
0.000036
0.028099
0.000633
0.074946
0.001879
0.008420
0.008519
0.000000
0.025821
0.006638
0.016210
0.082357
0.003130
0.001488
0.000651
0.002312
0.048130
0.101120
0.021462
0.000448
0.084128
0.001740
0.022552
0.001544
0.118900
0.049609
0.000084
0.002624
0.004581
0.006410
0.102369
0.000230
0.011187
0.001189
0.025362
0.001549
0.000298
0.078697
0.012404
0.026902
0.015803
0.000459
0.085768
0.002750
0.281230
0.003071
0.095160
0.006882
0.117166
0.001628
0.018028
0.004383
0.003645
0.001118
0.019877
0.003593
0.068152
0.001295
0.007185
0.006765
0.002694
0.022269
0.009463
0.013646
0.004396
0.000328
0.002578
0.004551
0.001406
0.004171
0.021001
0.003986
0.003847
0.004539
0.000529
0.005510
0.004940
0.000975
0.025095
0.004824
0.000072
0.078766
0.053120
0.002646
0.076962
0.212893
0.042553
0.014281
0.012568
0.013669
0.005243
0.081598
0.036830
0.031887
0.013866
0.001297
0.000473
0.010736
0.010825
0.004555
0.019002
0.016271
0.023011
0.013559
0.007350
0.000019
0.036522
0.001727
0.005091
0.008600
0.025026
0.019970
0.011241
0.016502
0.000641
0.005764
0.011842
0.004750
0.023206
0.012099
0.003008
0.000043
0.020242
0.062251
0.000877
0.004300
0.006543
0.000001
0.010315
0.000389
0.027785
0.000722
0.000684
0.047954
0.052872
0.050140
0.007262
0.086456
0.025899
0.000264
0.124425
0.013295
0.011557
0.170981
0.005908
0.002312
0.058640
0.001806
0.011998
0.030910
0.004312
0.000974
0.000278
0.039445
0.019296
0.008315
0.028963
0.006811
0.000910
0.014997
0.027347
0.005974
0.000430
0.001213
0.002772
0.001175
0.019678
0.060865
0.018689
0.001671
0.015777
0.024188
0.010916
0.030099
0.017651
0.000087
0.021319
0.167250
0.023608
0.097107
0.004408
0.036289
0.024500
0.001703
0.005253
0.015919
0.143614
0.000087
0.007230
0.005719
0.011711
0.000137
0.020993
0.000439
0.072254
0.014349
0.009366
0.000907
0.005453
0.014703
0.000078
0.000049
0.060621
0.015602
0.000246
0.000016
0.000104
0.005978
0.004829
0.008539
0.025365
0.000626
0.002245
0.002714
0.005977
0.003743
0.009149
0.003477
0.010369
0.000094
0.003338
0.001833
0.000482
0.011008
0.007775
0.000014
0.000113
0.000097
0.000654
0.009743
0.024130
0.000190
0.011641
0.013159
0.024930
0.014900
0.002023
0.000000
0.002503
0.010054
0.291637
0.011174
0.011010
0.088916
0.039943
0.073234
0.034419
0.078216
0.005663
0.011894
0.011443
0.115082
0.023550
0.001473
0.002529
0.037104
0.520386
0.008411
0.018607
0.022962
0.012386
0.036825
0.086782
0.000381
0.036015
0.011975
0.041256
0.001780
0.006032
0.027460
0.000669
0.000959
0.002340
0.000470
0.010247
0.009124
0.002673
0.000241
0.000064
0.026012
0.002552
0.000934
0.004167
0.018510
0.002259
0.000736
0.006831
0.000019
0.013590
0.000041
0.003711
0.004156
0.007469
0.004541
0.000682
0.000059
0.002396
0.003655
0.025378
0.001252
0.000522
0.105860
0.034572
0.002512
0.021975
0.011108
0.005668
0.038471
0.022300
0.006875
0.000553
0.002109
0.000075
0.005561
0.002472
0.109279
0.018434
0.004144
0.022535
0.042107
0.034894
0.025873
0.011290
0.017466
0.105813
0.000179
0.001005
0.000000
0.077605
0.002085
0.026253
0.020728
0.009951
0.100777
0.019676
0.013214
0.010777
0.025597
0.008757
0.003493
0.000440
0.000363
0.010312
0.171913
0.019731
0.020746
0.002329
0.001009
0.045346
0.037705
0.000311
0.011978
0.098500
0.025149
0.028364
0.000415
0.072351
0.000172
0.071785
0.005983
0.016067
0.065039
0.010291
0.001502
0.064341
0.002118
0.001813
0.003282
0.005173
0.000707
0.079165
0.009252
0.017755
0.004830
0.000469
0.000138
0.002911
0.015245
0.004384
0.010133
0.003026
0.027303
0.007286
0.005406
0.000298
0.017969
0.025315
0.001069
0.002585
0.003223
0.008575
0.005988
0.005280
0.002590
0.015412
0.001541
0.000921
0.024946
0.006321
0.025730
0.008429
0.000568
0.001980
0.009570
0.000739
0.011236
0.000000
0.014280
0.001902
0.011757
0.000712
0.004558
0.001144
0.009864
0.028412
0.076981
0.044494
0.000655
0.042530
0.173030
0.003241
0.003947
0.062776
0.130341
0.021361
0.036653
0.034732
0.060663
0.072288
0.001661
0.025238
0.002809
0.000766
0.016947
0.000035
0.000003
0.000049
0.045050
0.001691
0.002307
0.000384
0.000176
0.000506
0.000004
0.008656
0.000261
0.004276
0.002045
0.001876
0.093544
0.098472
0.005438
0.000383
0.002612
0.005162
0.029523
0.073815
0.006548
0.000014
0.058648
0.017814
0.028622
0.019604
0.029811
0.032750
0.191643
0.028651
0.060205
0.001130
0.005959
0.031402
0.039632
0.025456
0.000085
0.017795
0.005631
0.189613
0.003446
0.027978
0.045916
0.044048
0.032872
0.071059
0.001592
0.006685
0.000182
0.000593
0.000020
0.034298
0.000060
0.015632
0.000309
0.018009
0.012246
0.053835
0.014433
0.000300
0.007546
0.016065
0.000006
0.002967
0.038475
0.054197
0.025581
0.011030
0.000743
0.028835
0.008557
0.024264
0.001768
0.001500
0.002418
0.043880
0.011670
0.071392
0.000255
0.051853
0.000448
0.022991
0.027319
0.005701
0.022042
0.013070
0.008932
0.020339
0.001486
0.014368
0.048704
0.022351
0.024878
0.005440
0.004704
0.003212
0.024968
0.002317
0.052466
0.000003
0.028592
0.032811
0.001009
0.031830
0.021498
0.028560
0.001967
0.047038
0.023496
0.027658
0.000317
0.042228
0.000698
0.000639
0.109424
0.037747
0.000447
0.035724
0.000000
0.005928
0.003970
0.012226
0.001108
0.179516
0.000279
0.025317
0.001843
0.000826
0.000727
0.004641
0.001185
0.008299
0.009221
0.006388
0.001347
0.000051
0.001624
0.003404
0.000137
0.025718
0.012002
0.026243
0.120394
0.007359
0.006728
0.006995
0.001104
0.040052
0.013891
0.009181
0.025554
0.179971
0.095483
0.009029
0.067295
0.000096
0.029581
0.057991
0.049045
0.017877
0.023819
0.041182
0.009641
0.006084
0.012493
0.006407
0.015877
0.016594
0.001307
0.025491
0.000116
0.000057
0.126978
0.005272
0.018188
0.051546
0.118217
0.003653
0.015789
0.000643
0.000002
0.009277
0.007446
0.001073
0.003395
0.007234
0.030656
0.000476
0.014338
0.031657
0.004212
0.008523
0.013978
0.103075
0.001765
0.000212
0.009280
0.010965
0.135625
0.000403
0.016968
0.001953
0.001154
0.096393
0.001245
0.033808
0.037216
0.031150
0.001250
0.003290
0.014560
0.000002
0.001468
0.024211
0.014699
0.001512
0.000886
0.004074
0.005910
0.000606
0.010406
0.002991
0.017697
0.005368
0.000224
0.000742
0.001142
0.015420
0.006589
0.008978
0.011161
0.004795
0.000009
0.000008
0.000761
0.000423
0.003547
0.004243
0.013285
0.000004
0.001374
0.034149
0.018313
0.035403
0.006026
0.015261
0.011922
0.043689
0.018236
0.003602
0.057005
0.107461
0.098214
0.205304
0.027601
0.156645
0.000105
0.025409
0.000938
0.000406
0.015123
0.004215
0.002017
0.001546
0.002520
0.010911
0.001196
0.001029
0.000528
0.000066
0.001853
0.004962
0.004708
0.001099
0.020900
0.053717
0.008607
0.001315
0.016625
0.010210
0.010901
0.014981
0.003200
0.035774
0.000709
0.000000
0.008492
0.012390
0.000600
0.008741
0.048758
0.013325
0.000398
0.207693
0.201854
0.100964
0.042529
0.072397
0.015852
0.009781
0.000762
0.022216
0.038582
0.001232
0.018586
0.022846
0.007805
0.000860
0.004858
0.006646
0.076480
0.037633
0.000338
0.039216
0.082526
0.040453
0.000019
0.001999
0.003110
0.393057
0.007264
0.000514
0.016119
0.000650
0.000027
0.015298
0.001725
0.001986
0.026488
0.017641
0.007973
0.001182
0.009652
0.018983
0.001588
0.000722
0.006454
0.001060
0.000494
0.035646
0.008165
0.000080
0.000395
0.021051
0.000383
0.025432
0.000851
0.000000
0.008305
0.005931
0.002023
0.000017
0.001609
0.000016
0.000045
0.000709
0.000045
0.001375
0.000341
0.007220
0.004030
0.000015
0.007020
0.005296
0.004821
0.000111
0.002172
0.001742
0.000485
0.007253
0.000692
0.003931
0.005805
0.005935
0.001163
0.002980
0.035488
0.031437
0.058397
0.000372
0.012230
0.116971
0.006369
0.036355
0.075373
0.034912
0.481955
0.002282
0.000489
0.021084
0.051038
0.003476
0.030054
0.003762
0.002287
0.002490
0.035697
0.075632
0.044450
0.000987
0.008255
0.004961
0.141197
0.001585
0.054651
0.038931
0.000309
0.010594
0.003640
0.007236
0.000015
0.084015
0.001285
0.139239
0.027981
0.036942
0.008801
0.027659
0.001658
0.012893
0.018404
0.007719
0.003880
0.013772
0.025512
0.000562
0.005179
0.021315
0.004564
0.002662
0.002738
0.010103
0.000786
0.025348
0.001823
0.000051
0.008401
0.004086
0.000510
0.006176
0.000032
0.000458
0.004101
0.006096
0.020909
0.019440
0.037275
0.000865
0.000678
0.010009
0.001388
0.118615
0.001311
0.006076
0.023189
0.020731
0.019572
0.044431
0.054513
0.020875
0.010183
0.059311
0.025905
0.001338
0.022186
0.043026
0.013566
0.051835
0.070019
0.008450
0.083150
0.018433
0.089671
0.036145
0.006797
0.002630
0.000396
