0.024094
0.000669
0.009705
0.936080
0.000008
0.027555
0.001129
0.000599
0.000082
0.000027
0.000044
0.000004
0.000001
0.000003
0.000000
0.000000
0.000000
0.000000
0.000000
0.000000
0.000000
0.000000
0.000000
0.000000
0.000000
0.000000
0.000000
0.000000
0.000000
0.000000
0.000000
0.000000
0.000000
0.000000
0.000000
0.000000
0.000000
0.000000
0.000000
0.000000
0.000000
0.000000
0.000000
0.000000
0.978033
0.001265
0.018348
0.000556
0.000510
0.000079
0.000938
0.000070
0.000123
0.000071
0.000004
0.000000
0.000000
0.000000
0.000000
0.000002
0.000001
0.000000
0.000000
0.000000
0.000000
0.000000
0.000000
0.000000
0.000000
0.000000
0.000000
0.000000
0.000000
0.000000
0.000000
0.000000
0.000000
0.000000
0.000000
0.000000
0.000000
0.000000
0.000000
0.000000
0.000000
0.000000
0.000000
0.000000
0.809359
0.155580
0.029729
0.000714
0.000157
0.000850
0.003083
0.000003
0.000126
0.000339
0.000001
0.000032
0.000001
0.000000
0.000005
0.000014
0.000008
0.000000
0.000000
0.000000
0.000000
0.000000
0.000000
0.000000
0.000000
0.000000
0.000000
0.000000
0.000000
0.000000
0.000000
0.000000
0.000000
0.000000
0.000000
0.000000
0.000000
0.000000
0.000000
0.000000
0.000000
0.000000
0.000000
0.000000
0.309596
0.071646
0.004799
0.111296
0.007635
0.487388
0.000735
0.004005
0.002006
0.000196
0.000310
0.000307
0.000024
0.000001
0.000022
0.000013
0.000017
0.000001
0.000005
0.000000
0.000000
0.000000
0.000000
0.000000
0.000000
0.000000
0.000000
0.000000
0.000000
0.000000
0.000000
0.000000
0.000000
0.000000
0.000000
0.000000
0.000000
0.000000
0.000000
0.000000
0.000000
0.000000
0.000000
0.000000
0.969184
0.005439
0.002390
0.003395
0.000781
0.001636
0.000074
0.002325
0.000465
0.002655
0.001199
0.009862
0.000102
0.000322
0.000070
0.000081
0.000015
0.000000
0.000005
0.000000
0.000000
0.000000
0.000000
0.000000
0.000000
0.000000
0.000000
0.000000
0.000000
0.000000
0.000000
0.000000
0.000000
0.000000
0.000000
0.000000
0.000000
0.000000
0.000000
0.000000
0.000000
0.000000
0.000000
0.000000
0.019611
0.457114
0.035737
0.000305
0.450059
0.030815
0.000843
0.003375
0.001294
0.000363
0.000162
0.000248
0.000022
0.000000
0.000021
0.000012
0.000015
0.000001
0.000004
0.000000
0.000000
0.000000
0.000000
0.000000
0.000000
0.000000
0.000000
0.000000
0.000000
0.000000
0.000000
0.000000
0.000000
0.000000
0.000000
0.000000
0.000000
0.000000
0.000000
0.000000
0.000000
0.000000
0.000000
0.000000
0.916654
0.023142
0.022370
0.002352
0.001748
0.000668
0.009312
0.000022
0.008020
0.001307
0.008489
0.000548
0.005030
0.000092
0.000206
0.000006
0.000009
0.000022
0.000001
0.000000
0.000000
0.000000
0.000000
0.000000
0.000000
0.000000
0.000000
0.000000
0.000000
0.000000
0.000000
0.000000
0.000000
0.000000
0.000000
0.000000
0.000000
0.000000
0.000000
0.000000
0.000000
0.000000
0.000000
0.000000
0.059273
0.035667
0.194172
0.003578
0.417250
0.217763
0.014095
0.048405
0.007130
0.000361
0.000941
0.001118
0.000128
0.000003
0.000062
0.000021
0.000020
0.000003
0.000009
0.000000
0.000000
0.000000
0.000000
0.000000
0.000000
0.000000
0.000000
0.000000
0.000000
0.000000
0.000000
0.000000
0.000000
0.000000
0.000000
0.000000
0.000000
0.000000
0.000000
0.000000
0.000000
0.000000
0.000000
0.000000
0.970489
0.006085
0.005819
0.005405
0.001749
0.000961
0.000068
0.000326
0.002095
0.000201
0.002786
0.000034
0.000257
0.001797
0.001757
0.000062
0.000088
0.000016
0.000006
0.000000
0.000000
0.000000
0.000000
0.000000
0.000000
0.000000
0.000000
0.000000
0.000000
0.000000
0.000000
0.000000
0.000000
0.000000
0.000000
0.000000
0.000000
0.000000
0.000000
0.000000
0.000000
0.000000
0.000000
0.000000
0.581115
0.052425
0.088298
0.015899
0.009286
0.005942
0.060909
0.111061
0.056109
0.006598
0.010879
0.001195
0.000014
0.000133
0.000003
0.000074
0.000046
0.000003
0.000010
0.000000
0.000000
0.000000
0.000000
0.000000
0.000000
0.000000
0.000000
0.000000
0.000000
0.000000
0.000000
0.000000
0.000000
0.000000
0.000000
0.000000
0.000000
0.000000
0.000000
0.000000
0.000000
0.000000
0.000000
0.000000
0.989201
0.003492
0.003273
0.002248
0.000037
0.000134
0.000048
0.000527
0.000034
0.000016
0.000019
0.000124
0.000374
0.000095
0.000004
0.000003
0.000073
0.000297
0.000002
0.000000
0.000000
0.000000
0.000000
0.000000
0.000000
0.000000
0.000000
0.000000
0.000000
0.000000
0.000000
0.000000
0.000000
0.000000
0.000000
0.000000
0.000000
0.000000
0.000000
0.000000
0.000000
0.000000
0.000000
0.000000
0.949193
0.000814
0.001039
0.000215
0.000628
0.000059
0.009461
0.002249
0.007485
0.016814
0.008794
0.002643
0.000297
0.000058
0.000070
0.000158
0.000012
0.000008
0.000001
0.000000
0.000000
0.000000
0.000000
0.000000
0.000000
0.000000
0.000000
0.000000
0.000000
0.000000
0.000000
0.000000
0.000000
0.000000
0.000000
0.000000
0.000000
0.000000
0.000000
0.000000
0.000000
0.000000
0.000000
0.000000
0.004755
0.366532
0.574233
0.004531
0.009914
0.003991
0.034010
0.000725
0.000006
0.000109
0.000278
0.000158
0.000437
0.000211
0.000008
0.000061
0.000032
0.000008
0.000001
0.000000
0.000000
0.000000
0.000000
0.000000
0.000000
0.000000
0.000000
0.000000
0.000000
0.000000
0.000000
0.000000
0.000000
0.000000
0.000000
0.000000
0.000000
0.000000
0.000000
0.000000
0.000000
0.000000
0.000000
0.000000
0.970500
0.001170
0.000055
0.006722
0.000109
0.000374
0.005154
0.000784
0.008013
0.000312
0.001855
0.000872
0.002948
0.001100
0.000005
0.000015
0.000011
0.000001
0.000001
0.000000
0.000000
0.000000
0.000000
0.000000
0.000000
0.000000
0.000000
0.000000
0.000000
0.000000
0.000000
0.000000
0.000000
0.000000
0.000000
0.000000
0.000000
0.000000
0.000000
0.000000
0.000000
0.000000
0.000000
0.000000
0.006391
0.361989
0.528396
0.002693
0.015335
0.003352
0.074065
0.000982
0.004490
0.000580
0.000891
0.000113
0.000499
0.000218
0.000001
0.000001
0.000003
0.000000
0.000001
0.000000
0.000000
0.000000
0.000000
0.000000
0.000000
0.000000
0.000000
0.000000
0.000000
0.000000
0.000000
0.000000
0.000000
0.000000
0.000000
0.000000
0.000000
0.000000
0.000000
0.000000
0.000000
0.000000
0.000000
0.000000
0.530997
0.045572
0.102401
0.036997
0.009286
0.009416
0.252920
0.003304
0.000455
0.006325
0.000011
0.000113
0.000416
0.001208
0.000104
0.000007
0.000268
0.000073
0.000125
0.000000
0.000000
0.000000
0.000000
0.000000
0.000000
0.000000
0.000000
0.000000
0.000000
0.000000
0.000000
0.000000
0.000000
0.000000
0.000000
0.000000
0.000000
0.000000
0.000000
0.000000
0.000000
0.000000
0.000000
0.000000
0.985707
0.004347
0.002966
0.004062
0.000069
0.000002
0.000031
0.000707
0.000691
0.000250
0.000019
0.000016
0.000015
0.000327
0.000255
0.000376
0.000098
0.000012
0.000049
0.000000
0.000000
0.000000
0.000000
0.000000
0.000000
0.000000
0.000000
0.000000
0.000000
0.000000
0.000000
0.000000
0.000000
0.000000
0.000000
0.000000
0.000000
0.000000
0.000000
0.000000
0.000000
0.000000
0.000000
0.000000
0.983926
0.000144
0.000011
0.005109
0.000592
0.000761
0.000889
0.003850
0.000225
0.000017
0.000003
0.000029
0.000864
0.001260
0.002211
0.000056
0.000009
0.000007
0.000035
0.000000
0.000000
0.000000
0.000000
0.000000
0.000000
0.000000
0.000000
0.000000
0.000000
0.000000
0.000000
0.000000
0.000000
0.000000
0.000000
0.000000
0.000000
0.000000
0.000000
0.000000
0.000000
0.000000
0.000000
0.000000
0.783287
0.013286
0.031279
0.017975
0.000754
0.004062
0.127083
0.003749
0.003364
0.012091
0.001099
0.000345
0.000511
0.000593
0.000284
0.000045
0.000120
0.000000
0.000074
0.000000
0.000000
0.000000
0.000000
0.000000
0.000000
0.000000
0.000000
0.000000
0.000000
0.000000
0.000000
0.000000
0.000000
0.000000
0.000000
0.000000
0.000000
0.000000
0.000000
0.000000
0.000000
0.000000
0.000000
0.000000
0.516684
0.365406
0.113844
0.000336
0.002638
0.001073
0.000010
0.000003
0.000004
0.000001
0.000001
0.000000
0.000000
0.000000
0.000000
0.000000
0.000000
0.000000
0.000000
0.000000
0.000000
0.000000
0.000000
0.000000
0.000000
0.000000
0.000000
0.000000
0.000000
0.000000
0.000000
0.000000
0.000000
0.000000
0.000000
0.000000
0.000000
0.000000
0.000000
0.000000
0.000000
0.000000
0.000000
0.000000
0.813670
0.004094
0.009371
0.000377
0.012663
0.007509
0.000241
0.084275
0.062689
0.004337
0.000347
0.000049
0.000014
0.000329
0.000032
0.000003
0.000000
0.000000
0.000000
0.000000
0.000000
0.000000
0.000000
0.000000
0.000000
0.000000
0.000000
0.000000
0.000000
0.000000
0.000000
0.000000
0.000000
0.000000
0.000000
0.000000
0.000000
0.000000
0.000000
0.000000
0.000000
0.000000
0.000000
0.000000
0.000075
0.000044
0.000053
0.000386
0.000040
0.000029
0.000034
0.000118
0.000249
0.000011
0.000955
0.000209
0.000085
0.000174
0.000318
0.000024
0.000000
0.000210
0.000743
0.000183
0.020183
0.008538
0.000755
0.036956
0.059447
0.045736
0.030705
0.017114
0.016802
0.008091
0.094887
0.095373
0.146275
0.000824
0.019984
0.000193
0.000000
0.000000
0.000000
0.000000
0.000000
0.000000
0.000000
0.000190
0.000075
0.000044
0.000053
0.000386
0.000040
0.000029
0.000034
0.000118
0.000249
0.000011
0.000955
0.000209
0.000085
0.000174
0.000318
0.000024
0.000000
0.000210
0.000743
0.000183
0.020183
0.015045
0.000887
0.009297
0.000009
0.001092
0.000804
0.006694
0.000005
0.001284
0.000467
0.001174
0.003932
0.000032
0.000151
0.008701
0.313330
0.000015
0.043924
0.155198
0.002256
0.005239
0.012141
0.000190
0.000075
0.000044
0.000053
0.000386
0.000040
0.000029
0.000034
0.000118
0.000249
0.000011
0.000955
0.000209
0.000085
0.000174
0.000318
0.000024
0.000000
0.000210
0.000743
0.000183
0.020183
0.015045
0.000887
0.009297
0.000009
0.001092
0.000804
0.006694
0.000005
0.001284
0.000467
0.001174
0.003932
0.000032
0.000151
0.008701
0.040382
0.107327
0.009099
0.007659
0.183755
0.136920
0.046965
0.000190
0.000075
0.000044
0.000053
0.000386
0.000040
0.000029
0.000034
0.000118
0.000249
0.000011
0.000955
0.000209
0.000085
0.000174
0.000318
0.000024
0.000000
0.000210
0.000743
0.000183
0.020183
0.015045
0.000887
0.009297
0.000009
0.001092
0.000804
0.006694
0.000005
0.001284
0.000467
0.001174
0.003932
0.000032
0.000151
0.008701
0.011699
0.036535
0.279500
0.148338
0.035325
0.000001
0.020705
0.000190
0.000075
0.000044
0.000053
0.000386
0.000040
0.000029
0.000034
0.000118
0.000249
0.000011
0.000955
0.000209
0.000085
0.000174
0.000318
0.000024
0.000000
0.000210
0.000743
0.000183
0.020183
0.015045
0.000887
0.009297
0.000009
0.001092
0.000804
0.006694
0.000005
0.001284
0.000467
0.001174
0.003932
0.000032
0.000151
0.008701
0.013192
0.228843
0.000355
0.005456
0.184665
0.000182
0.099412
0.000190
0.000075
0.000044
0.000053
0.000386
0.000040
0.000029
0.000034
0.000118
0.000249
0.000011
0.000955
0.000209
0.000085
0.000174
0.000318
0.000024
0.000000
0.000210
0.000743
0.000183
0.020183
0.015045
0.000887
0.009297
0.000009
0.001092
0.000804
0.006694
0.000005
0.001284
0.000467
0.001174
0.003932
0.000032
0.000151
0.008701
0.041261
0.029707
0.266775
0.090091
0.026352
0.000913
0.077006
0.000190
0.000075
0.000044
0.000053
0.000386
0.000040
0.000029
0.000034
0.000118
0.000249
0.000011
0.000955
0.000209
0.000085
0.000174
0.000318
0.000024
0.000000
0.000210
0.000743
0.000183
0.020183
0.015045
0.000887
0.009297
0.000009
0.001092
0.000804
0.006694
0.000005
0.001284
0.000467
0.001174
0.003932
0.000032
0.000151
0.008701
0.160628
0.173200
0.006137
0.145405
0.023361
0.007407
0.015968
0.000190
0.000075
0.000044
0.000053
0.000386
0.000040
0.000029
0.000034
0.000118
0.000249
0.000011
0.000955
0.000209
0.000085
0.000174
0.000318
0.000024
0.000000
0.000210
0.000743
0.000183
0.020183
0.015045
0.000887
0.009297
0.000009
0.001092
0.000804
0.006694
0.000005
0.001284
0.000467
0.001174
0.003932
0.000032
0.000151
0.008701
0.020829
0.019089
0.001621
0.044469
0.136602
0.022207
0.287287
0.000190
0.000075
0.000044
0.000053
0.000386
0.000040
0.000029
0.000034
0.000118
0.000249
0.000011
0.000955
0.000209
0.000085
0.000174
0.000318
0.000024
0.000000
0.000210
0.000743
0.000183
0.020183
0.015045
0.000887
0.009297
0.000009
0.001092
0.000804
0.006694
0.000005
0.001284
0.000467
0.001174
0.003932
0.000032
0.000151
0.008701
0.006799
0.013404
0.000708
0.011503
0.015804
0.435252
0.048636
0.000190
0.000075
0.000044
0.000053
0.000386
0.000040
0.000029
0.000034
0.000118
0.000249
0.000011
0.000955
0.000209
0.000085
0.000174
0.000318
0.000024
0.000000
0.000210
0.000743
0.000183
0.020183
0.015026
0.000890
0.009287
0.000011
0.000958
0.001032
0.007625
0.000140
0.002806
0.002119
0.000068
0.001608
0.002871
0.012815
0.524426
0.000000
0.000000
0.000000
0.000000
0.000000
0.000000
0.000000
0.000190
0.000075
0.000044
0.000053
0.000386
0.000040
0.000029
0.000034
0.000118
0.000249
0.000011
0.000955
0.000209
0.000085
0.000174
0.000318
0.000024
0.000000
0.000210
0.000743
0.000183
0.020183
0.000442
0.034152
0.008936
0.108395
0.047133
0.005789
0.004082
0.047718
0.003308
0.004049
0.002041
0.001132
0.168461
0.145815
0.000228
0.000000
0.000000
0.000000
0.000000
0.000000
0.000000
0.000000
0.000190
0.000075
0.000044
0.000053
0.000386
0.000040
0.000029
0.000034
0.000118
0.000249
0.000011
0.000955
0.000209
0.000085
0.000174
0.000318
0.000024
0.000000
0.000210
0.000743
0.000183
0.020183
0.000579
0.035345
0.012710
0.136443
0.040093
0.002976
0.003026
0.031743
0.039243
0.017122
0.000001
0.004261
0.143944
0.114119
0.000077
0.000000
0.000000
0.000000
0.000000
0.000000
0.000000
0.000000
0.000190
0.000075
0.000044
0.000053
0.000386
0.000040
0.000029
0.000034
0.000118
0.000249
0.000011
0.000955
0.000209
0.000085
0.000174
0.000318
0.000024
0.000000
0.000210
0.000743
0.000183
0.020183
0.017288
0.134051
0.110116
0.072280
0.021851
0.000098
0.000165
0.172214
0.031153
0.000818
0.018264
0.000051
0.000931
0.002327
0.000073
0.000000
0.000000
0.000000
0.000000
0.000000
0.000000
0.000000
0.000190
0.000075
0.000044
0.000053
0.000386
0.000040
0.000029
0.000034
0.000118
0.000249
0.000011
0.000955
0.000209
0.000085
0.000174
0.000318
0.000024
0.000000
0.000210
0.000743
0.000183
0.020183
0.005005
0.173053
0.111744
0.010117
0.005026
0.017980
0.009805
0.095755
0.135840
0.016226
0.000177
0.000822
0.000014
0.000115
0.000002
0.000000
0.000000
0.000000
0.000000
0.000000
0.000000
0.000000
0.000190
0.000075
0.000044
0.000053
0.000386
0.000040
0.000029
0.000034
0.000118
0.000249
0.000011
0.000955
0.000209
0.000085
0.000174
0.000318
0.000024
0.000000
0.000210
0.000743
0.000183
0.020183
0.018216
0.083920
0.009580
0.000931
0.245529
0.015922
0.072394
0.000839
0.079703
0.008209
0.034547
0.010169
0.001128
0.000584
0.000010
0.000000
0.000000
0.000000
0.000000
0.000000
0.000000
0.000000
0.000190
0.000075
0.000044
0.000053
0.000386
0.000040
0.000029
0.000034
0.000118
0.000249
0.000011
0.000955
0.000209
0.000085
0.000174
0.000318
0.000024
0.000000
0.000210
0.000743
0.000183
0.020183
0.055358
0.022971
0.003238
0.010523
0.015079
0.005011
0.009745
0.020185
0.101991
0.005464
0.126294
0.021685
0.057670
0.119084
0.007381
0.000000
0.000000
0.000000
0.000000
0.000000
0.000000
0.000000
0.000190
0.000075
0.000044
0.000053
0.000386
0.000040
0.000029
0.000034
0.000118
0.000249
0.000011
0.000955
0.000209
0.000085
0.000174
0.000318
0.000024
0.000000
0.000210
0.000743
0.000183
0.020183
0.055588
0.022166
0.004168
0.006845
0.012198
0.003394
0.012326
0.011918
0.060109
0.000850
0.009939
0.016349
0.190030
0.169803
0.005996
0.000000
0.000000
0.000000
0.000000
0.000000
0.000000
0.000000
0.000190
0.000075
0.000044
0.000053
0.000386
0.000040
0.000029
0.000034
0.000118
0.000249
0.000011
0.000955
0.000209
0.000085
0.000174
0.000318
0.000024
0.000000
0.000210
0.000743
0.000183
0.020183
0.073728
0.000349
0.104941
0.090022
0.032188
0.051102
0.105743
0.107564
0.012331
0.000551
0.001697
0.001459
0.000001
0.000003
0.000001
0.000000
0.000000
0.000000
0.000000
0.000000
0.000000
0.000000
0.000190
0.000075
0.000044
0.000053
0.000386
0.000040
0.000029
0.000034
0.000118
0.000249
0.000011
0.000955
0.000209
0.000085
0.000174
0.000318
0.000024
0.000000
0.000210
0.000743
0.000183
0.020183
0.003547
0.000372
0.011197
0.001874
0.033778
0.319078
0.016363
0.000445
0.033463
0.048059
0.074414
0.036878
0.001820
0.000380
0.000013
0.000000
0.000000
0.000000
0.000000
0.000000
0.000000
0.000000
0.000190
0.000075
0.000044
0.000053
0.000386
0.000040
0.000029
0.000034
0.000118
0.000249
0.000011
0.000955
0.000209
0.000085
0.000174
0.000318
0.000024
0.000000
0.000210
0.000743
0.000183
0.020183
0.061210
0.018547
0.008270
0.000116
0.002892
0.000007
0.039857
0.000695
0.001138
0.229947
0.155460
0.017605
0.039742
0.006122
0.000075
0.000000
0.000000
0.000000
0.000000
0.000000
0.000000
0.000000
0.000190
0.000075
0.000044
0.000053
0.000386
0.000040
0.000029
0.000034
0.000118
0.000249
0.000011
0.000955
0.000209
0.000085
0.000174
0.000318
0.000024
0.000000
0.000210
0.000743
0.000183
0.020183
0.091007
0.006693
0.011480
0.089736
0.086699
0.037785
0.002533
0.005126
0.038660
0.051264
0.019303
0.131970
0.000042
0.009349
0.000034
0.000000
0.000000
0.000000
0.000000
0.000000
0.000000
0.000000
0.000190
0.000075
0.000044
0.000053
0.000386
0.000040
0.000029
0.000034
0.000118
0.000249
0.000011
0.000955
0.000209
0.000085
0.000174
0.000318
0.000024
0.000000
0.000210
0.000743
0.000183
0.020183
0.018189
0.035485
0.054069
0.001780
0.004992
0.082438
0.103677
0.070471
0.034755
0.120060
0.022616
0.032612
0.000302
0.000233
0.000000
0.000000
0.000000
0.000000
0.000000
0.000000
0.000000
0.000000
0.000190
0.000075
0.000044
0.000053
0.000386
0.000040
0.000029
0.000034
0.000118
0.000249
0.000011
0.000955
0.000209
0.000085
0.000174
0.000318
0.000024
0.000000
0.000210
0.000743
0.000183
0.020183
0.064035
0.032279
0.037052
0.019532
0.005234
0.028371
0.150113
0.026469
0.015252
0.004756
0.038532
0.153789
0.000089
0.006176
0.000001
0.000000
0.000000
0.000000
0.000000
0.000000
0.000000
0.000000
0.000190
