0.000875
0.000176
0.004920
0.874933
0.000013
0.054209
0.004594
0.005924
0.001228
0.001125
0.002768
0.000418
0.000181
0.000780
0.000141
0.000013
0.000001
0.000035
0.000047
0.000000
0.011269
0.000000
0.000000
0.000000
0.000000
0.000000
0.000000
0.000000
0.000000
0.000000
0.000000
0.000000
0.000000
0.000000
0.000000
0.000000
0.000000
0.000000
0.000000
0.000000
0.000000
0.000000
0.000000
0.036350
0.541260
0.005083
0.141768
0.007914
0.013115
0.002374
0.058225
0.010511
0.027886
0.045843
0.004189
0.000432
0.000066
0.000269
0.001077
0.048938
0.024962
0.018084
0.000385
0.000000
0.011269
0.000000
0.000000
0.000000
0.000000
0.000000
0.000000
0.000000
0.000000
0.000000
0.000000
0.000000
0.000000
0.000000
0.000000
0.000000
0.000000
0.000000
0.000000
0.000000
0.000000
0.000000
0.000000
0.036350
0.165512
0.231105
0.084879
0.003759
0.001488
0.009424
0.070674
0.000166
0.010568
0.080736
0.000347
0.019365
0.000703
0.000565
0.010378
0.123667
0.105307
0.005583
0.019388
0.008771
0.011269
0.000000
0.000000
0.000000
0.000000
0.000000
0.000000
0.000000
0.000000
0.000000
0.000000
0.000000
0.000000
0.000000
0.000000
0.000000
0.000000
0.000000
0.000000
0.000000
0.000000
0.000000
0.000000
0.036350
0.007808
0.013125
0.001690
0.072257
0.008946
0.666020
0.002078
0.027496
0.020764
0.005748
0.013463
0.022803
0.002735
0.000267
0.005773
0.014519
0.029244
0.003234
0.025636
0.008776
0.011269
0.000000
0.000000
0.000000
0.000000
0.000000
0.000000
0.000000
0.000000
0.000000
0.000000
0.000000
0.000000
0.000000
0.000000
0.000000
0.000000
0.000000
0.000000
0.000000
0.000000
0.000000
0.000000
0.036350
0.020075
0.000818
0.000691
0.001810
0.000751
0.001836
0.000172
0.013113
0.003952
0.064068
0.042767
0.602442
0.009780
0.051101
0.015457
0.071791
0.020736
0.000131
0.022441
0.008448
0.011269
0.000000
0.000000
0.000000
0.000000
0.000000
0.000000
0.000000
0.000000
0.000000
0.000000
0.000000
0.000000
0.000000
0.000000
0.000000
0.000000
0.000000
0.000000
0.000000
0.000000
0.000000
0.000000
0.036350
0.000575
0.097272
0.014617
0.000230
0.612570
0.048915
0.002767
0.026922
0.015558
0.012378
0.008150
0.021467
0.002941
0.000010
0.006567
0.015125
0.029006
0.003201
0.025356
0.008755
0.011269
0.000000
0.000000
0.000000
0.000000
0.000000
0.000000
0.000000
0.000000
0.000000
0.000000
0.000000
0.000000
0.000000
0.000000
0.000000
0.000000
0.000000
0.000000
0.000000
0.000000
0.000000
0.000000
0.036350
0.016421
0.003011
0.005595
0.001085
0.001455
0.000648
0.018703
0.000109
0.058970
0.027277
0.261854
0.028959
0.415788
0.012685
0.039261
0.004454
0.011315
0.042600
0.002183
0.000006
0.011269
0.000000
0.000000
0.000000
0.000000
0.000000
0.000000
0.000000
0.000000
0.000000
0.000000
0.000000
0.000000
0.000000
0.000000
0.000000
0.000000
0.000000
0.000000
0.000000
0.000000
0.000000
0.000000
0.036350
0.000888
0.003880
0.040601
0.001380
0.290335
0.176716
0.023666
0.197372
0.043825
0.006294
0.024255
0.049389
0.008853
0.000357
0.009869
0.013604
0.020583
0.004578
0.026984
0.008951
0.011269
0.000000
0.000000
0.000000
0.000000
0.000000
0.000000
0.000000
0.000000
0.000000
0.000000
0.000000
0.000000
0.000000
0.000000
0.000000
0.000000
0.000000
0.000000
0.000000
0.000000
0.000000
0.000000
0.036350
0.017454
0.000795
0.001461
0.002502
0.001462
0.000936
0.000138
0.001597
0.015467
0.004206
0.086283
0.001821
0.021319
0.247381
0.335905
0.047348
0.106186
0.031057
0.021451
0.007611
0.011269
0.000000
0.000000
0.000000
0.000000
0.000000
0.000000
0.000000
0.000000
0.000000
0.000000
0.000000
0.000000
0.000000
0.000000
0.000000
0.000000
0.000000
0.000000
0.000000
0.000000
0.000000
0.000000
0.036350
0.005311
0.003480
0.011266
0.003740
0.003943
0.002942
0.062402
0.276324
0.210450
0.070250
0.171172
0.032210
0.000600
0.009274
0.000290
0.028988
0.028242
0.003459
0.019643
0.008396
0.011269
0.000000
0.000000
0.000000
0.000000
0.000000
0.000000
0.000000
0.000000
0.000000
0.000000
0.000000
0.000000
0.000000
0.000000
0.000000
0.000000
0.000000
0.000000
0.000000
0.000000
0.000000
0.000000
0.036350
0.021995
0.000564
0.001016
0.001287
0.000038
0.000162
0.000119
0.003189
0.000311
0.000413
0.000742
0.008102
0.038322
0.016215
0.001026
0.002503
0.109253
0.730993
0.007303
0.008827
0.011269
0.000000
0.000000
0.000000
0.000000
0.000000
0.000000
0.000000
0.000000
0.000000
0.000000
0.000000
0.000000
0.000000
0.000000
0.000000
0.000000
0.000000
0.000000
0.000000
0.000000
0.000000
0.000000
0.036350
0.015219
0.000095
0.000233
0.000089
0.000468
0.000051
0.017007
0.009818
0.049259
0.314096
0.242781
0.124964
0.021999
0.007168
0.011907
0.108413
0.012651
0.013543
0.002620
0.000001
0.011269
0.000000
0.000000
0.000000
0.000000
0.000000
0.000000
0.000000
0.000000
0.000000
0.000000
0.000000
0.000000
0.000000
0.000000
0.000000
0.000000
0.000000
0.000000
0.000000
0.000000
0.000000
0.000000
0.036350
0.000117
0.065556
0.197405
0.002872
0.011342
0.005325
0.093881
0.004860
0.000058
0.003135
0.011794
0.011457
0.049608
0.039867
0.001983
0.064235
0.052289
0.022569
0.003145
0.310883
0.011269
0.000000
0.000000
0.000000
0.000000
0.000000
0.000000
0.000000
0.000000
0.000000
0.000000
0.000000
0.000000
0.000000
0.000000
0.000000
0.000000
0.000000
0.000000
0.000000
0.000000
0.000000
0.000000
0.036350
0.017752
0.000155
0.000014
0.003165
0.000092
0.000371
0.010570
0.003906
0.060159
0.006642
0.058416
0.047041
0.248809
0.154002
0.001017
0.011676
0.013694
0.001076
0.004455
0.309370
0.011269
0.000000
0.000000
0.000000
0.000000
0.000000
0.000000
0.000000
0.000000
0.000000
0.000000
0.000000
0.000000
0.000000
0.000000
0.000000
0.000000
0.000000
0.000000
0.000000
0.000000
0.000000
0.000000
0.036350
0.000144
0.059438
0.166764
0.001567
0.016105
0.004106
0.187698
0.006043
0.041659
0.015285
0.034672
0.007524
0.051999
0.037742
0.000329
0.000524
0.004922
0.000558
0.004105
0.311194
0.011269
0.000000
0.000000
0.000000
0.000000
0.000000
0.000000
0.000000
0.000000
0.000000
0.000000
0.000000
0.000000
0.000000
0.000000
0.000000
0.000000
0.000000
0.000000
0.000000
0.000000
0.000000
0.000000
0.036350
0.004757
0.002965
0.012808
0.008532
0.003865
0.004570
0.254009
0.008059
0.001674
0.066015
0.000173
0.002989
0.017187
0.082877
0.009918
0.002747
0.161241
0.072788
0.235206
0.000000
0.011269
0.000000
0.000000
0.000000
0.000000
0.000000
0.000000
0.000000
0.000000
0.000000
0.000000
0.000000
0.000000
0.000000
0.000000
0.000000
0.000000
0.000000
0.000000
0.000000
0.000000
0.000000
0.000000
0.036350
0.022617
0.000725
0.000950
0.002399
0.000073
0.000003
0.000081
0.004420
0.006506
0.006688
0.000750
0.001066
0.001609
0.057424
0.062151
0.368395
0.151470
0.030995
0.234054
0.000006
0.011269
0.000000
0.000000
0.000000
0.000000
0.000000
0.000000
0.000000
0.000000
0.000000
0.000000
0.000000
0.000000
0.000000
0.000000
0.000000
0.000000
0.000000
0.000000
0.000000
0.000000
0.000000
0.000000
0.036350
0.018462
0.000020
0.000003
0.002468
0.000516
0.000773
0.001871
0.019668
0.001735
0.000378
0.000091
0.001628
0.074790
0.181006
0.441187
0.045192
0.010819
0.014833
0.136940
0.000002
0.011269
0.000000
0.000000
0.000000
0.000000
0.000000
0.000000
0.000000
0.000000
0.000000
0.000000
0.000000
0.000000
0.000000
0.000000
0.000000
0.000000
0.000000
0.000000
0.000000
0.000000
0.000000
0.000000
0.036350
0.010484
0.001292
0.005845
0.006194
0.000469
0.002946
0.190695
0.013661
0.018481
0.188555
0.025336
0.013613
0.031576
0.060729
0.040350
0.025663
0.107885
0.000000
0.208608
0.000000
0.011269
0.000000
0.000000
0.000000
0.000000
0.000000
0.000000
0.000000
0.000000
0.000000
0.000000
0.000000
0.000000
0.000000
0.000000
0.000000
0.000000
0.000000
0.000000
0.000000
0.000000
0.000000
0.000000
0.036350
0.099272
0.509968
0.305385
0.001662
0.023552
0.011169
0.000219
0.000157
0.000292
0.000119
0.000446
0.000000
0.000089
0.000000
0.000039
0.000004
0.000000
0.000003
0.000004
0.000000
0.011269
0.000000
0.000000
0.000000
0.000000
0.000000
0.000000
0.000000
0.000000
0.000000
0.000000
0.000000
0.000000
0.000000
0.000000
0.000000
0.000000
0.000000
0.000000
0.000000
0.000000
0.000000
0.000000
0.036350
0.013004
0.000475
0.002091
0.000155
0.009403
0.006503
0.000432
0.366687
0.411195
0.080749
0.009553
0.002309
0.001045
0.040279
0.005377
0.002201
0.000195
0.000681
0.000045
0.000003
0.011269
0.000000
0.000000
0.000000
0.000000
0.000000
0.000000
0.000000
0.000000
0.000000
0.000000
0.000000
0.000000
0.000000
0.000000
0.000000
0.000000
0.000000
0.000000
0.000000
0.000000
0.000000
0.000000
0.036350
0.000000
0.000000
0.000000
0.000000
0.000000
0.000000
0.000000
0.000000
0.000000
0.000000
0.000000
0.000000
0.000000
0.000000
0.000000
0.000000
0.000000
0.000000
0.000000
0.000000
0.033189
0.014041
0.001241
0.060770
0.097755
0.075209
0.050491
0.028143
0.027629
0.013306
0.156033
0.156833
0.240537
0.001355
0.032862
0.000318
0.000000
0.000000
0.000000
0.000000
0.000000
0.000000
0.000000
0.010289
0.000000
0.000000
0.000000
0.000000
0.000000
0.000000
0.000000
0.000000
0.000000
0.000000
0.000000
0.000000
0.000000
0.000000
0.000000
0.000000
0.000000
0.000000
0.000000
0.000000
0.033189
0.024741
0.001458
0.015288
0.000014
0.001796
0.001322
0.011008
0.000007
0.002112
0.000769
0.001931
0.006465
0.000052
0.000249
0.014309
0.515244
0.000025
0.072230
0.255210
0.003711
0.008615
0.019965
0.010289
0.000000
0.000000
0.000000
0.000000
0.000000
0.000000
0.000000
0.000000
0.000000
0.000000
0.000000
0.000000
0.000000
0.000000
0.000000
0.000000
0.000000
0.000000
0.000000
0.000000
0.033189
0.024741
0.001458
0.015288
0.000014
0.001796
0.001322
0.011008
0.000007
0.002112
0.000769
0.001931
0.006465
0.000052
0.000249
0.014309
0.066404
0.176489
0.014962
0.012595
0.302168
0.225152
0.077229
0.010289
0.000000
0.000000
0.000000
0.000000
0.000000
0.000000
0.000000
0.000000
0.000000
0.000000
0.000000
0.000000
0.000000
0.000000
0.000000
0.000000
0.000000
0.000000
0.000000
0.000000
0.033189
0.024741
0.001458
0.015288
0.000014
0.001796
0.001322
0.011008
0.000007
0.002112
0.000769
0.001931
0.006465
0.000052
0.000249
0.014309
0.019238
0.060079
0.459614
0.243929
0.058089
0.000002
0.034048
0.010289
0.000000
0.000000
0.000000
0.000000
0.000000
0.000000
0.000000
0.000000
0.000000
0.000000
0.000000
0.000000
0.000000
0.000000
0.000000
0.000000
0.000000
0.000000
0.000000
0.000000
0.033189
0.024741
0.001458
0.015288
0.000014
0.001796
0.001322
0.011008
0.000007
0.002112
0.000769
0.001931
0.006465
0.000052
0.000249
0.014309
0.021693
0.376312
0.000584
0.008972
0.303665
0.000299
0.163474
0.010289
0.000000
0.000000
0.000000
0.000000
0.000000
0.000000
0.000000
0.000000
0.000000
0.000000
0.000000
0.000000
0.000000
0.000000
0.000000
0.000000
0.000000
0.000000
0.000000
0.000000
0.033189
0.024741
0.001458
0.015288
0.000014
0.001796
0.001322
0.011008
0.000007
0.002112
0.000769
0.001931
0.006465
0.000052
0.000249
0.014309
0.067850
0.048851
0.438688
0.148147
0.043334
0.001501
0.126629
0.010289
0.000000
0.000000
0.000000
0.000000
0.000000
0.000000
0.000000
0.000000
0.000000
0.000000
0.000000
0.000000
0.000000
0.000000
0.000000
0.000000
0.000000
0.000000
0.000000
0.000000
0.033189
0.024741
0.001458
0.015288
0.000014
0.001796
0.001322
0.011008
0.000007
0.002112
0.000769
0.001931
0.006465
0.000052
0.000249
0.014309
0.264138
0.284812
0.010092
0.239105
0.038415
0.012180
0.026258
0.010289
0.000000
0.000000
0.000000
0.000000
0.000000
0.000000
0.000000
0.000000
0.000000
0.000000
0.000000
0.000000
0.000000
0.000000
0.000000
0.000000
0.000000
0.000000
0.000000
0.000000
0.033189
0.024741
0.001458
0.015288
0.000014
0.001796
0.001322
0.011008
0.000007
0.002112
0.000769
0.001931
0.006465
0.000052
0.000249
0.014309
0.034252
0.031390
0.002666
0.073125
0.224630
0.036518
0.472418
0.010289
0.000000
0.000000
0.000000
0.000000
0.000000
0.000000
0.000000
0.000000
0.000000
0.000000
0.000000
0.000000
0.000000
0.000000
0.000000
0.000000
0.000000
0.000000
0.000000
0.000000
0.033189
0.024741
0.001458
0.015288
0.000014
0.001796
0.001322
0.011008
0.000007
0.002112
0.000769
0.001931
0.006465
0.000052
0.000249
0.014309
0.011180
0.022041
0.001164
0.018916
0.025988
0.715733
0.079977
0.010289
0.000000
0.000000
0.000000
0.000000
0.000000
0.000000
0.000000
0.000000
0.000000
0.000000
0.000000
0.000000
0.000000
0.000000
0.000000
0.000000
0.000000
0.000000
0.000000
0.000000
0.033189
0.024708
0.001463
0.015272
0.000018
0.001575
0.001697
0.012538
0.000230
0.004614
0.003484
0.000112
0.002644
0.004720
0.021074
0.862372
0.000000
0.000000
0.000000
0.000000
0.000000
0.000000
0.000000
0.010289
0.000000
0.000000
0.000000
0.000000
0.000000
0.000000
0.000000
0.000000
0.000000
0.000000
0.000000
0.000000
0.000000
0.000000
0.000000
0.000000
0.000000
0.000000
0.000000
0.000000
0.033189
0.000726
0.056160
0.014694
0.178247
0.077505
0.009520
0.006713
0.078468
0.005439
0.006658
0.003357
0.001862
0.277019
0.239780
0.000375
0.000000
0.000000
0.000000
0.000000
0.000000
0.000000
0.000000
0.010289
0.000000
0.000000
0.000000
0.000000
0.000000
0.000000
0.000000
0.000000
0.000000
0.000000
0.000000
0.000000
0.000000
0.000000
0.000000
0.000000
0.000000
0.000000
0.000000
0.000000
0.033189
0.000951
0.058121
0.020901
0.224368
0.065929
0.004894
0.004976
0.052198
0.064532
0.028155
0.000001
0.007007
0.236703
0.187659
0.000126
0.000000
0.000000
0.000000
0.000000
0.000000
0.000000
0.000000
0.010289
0.000000
0.000000
0.000000
0.000000
0.000000
0.000000
0.000000
0.000000
0.000000
0.000000
0.000000
0.000000
0.000000
0.000000
0.000000
0.000000
0.000000
0.000000
0.000000
0.000000
0.033189
0.028428
0.220434
0.181076
0.118859
0.035932
0.000161
0.000272
0.283191
0.051229
0.001345
0.030033
0.000084
0.001531
0.003826
0.000120
0.000000
0.000000
0.000000
0.000000
0.000000
0.000000
0.000000
0.010289
0.000000
0.000000
0.000000
0.000000
0.000000
0.000000
0.000000
0.000000
0.000000
0.000000
0.000000
0.000000
0.000000
0.000000
0.000000
0.000000
0.000000
0.000000
0.000000
0.000000
0.033189
0.008229
0.284571
0.183754
0.016637
0.008265
0.029567
0.016124
0.157461
0.223377
0.026682
0.000291
0.001352
0.000022
0.000188
0.000003
0.000000
0.000000
0.000000
0.000000
0.000000
0.000000
0.000000
0.010289
0.000000
0.000000
0.000000
0.000000
0.000000
0.000000
0.000000
0.000000
0.000000
0.000000
0.000000
0.000000
0.000000
0.000000
0.000000
0.000000
0.000000
0.000000
0.000000
0.000000
0.033189
0.029955
0.137998
0.015753
0.001530
0.403750
0.026182
0.119045
0.001380
0.131065
0.013500
0.056810
0.016722
0.001855
0.000960
0.000017
0.000000
0.000000
0.000000
0.000000
0.000000
0.000000
0.000000
0.010289
0.000000
0.000000
0.000000
0.000000
0.000000
0.000000
0.000000
0.000000
0.000000
0.000000
0.000000
0.000000
0.000000
0.000000
0.000000
0.000000
0.000000
0.000000
0.000000
0.000000
0.033189
0.091032
0.037773
0.005324
0.017305
0.024796
0.008240
0.016025
0.033193
0.167716
0.008985
0.207680
0.035660
0.094834
0.195823
0.012137
0.000000
0.000000
0.000000
0.000000
0.000000
0.000000
0.000000
0.010289
0.000000
0.000000
0.000000
0.000000
0.000000
0.000000
0.000000
0.000000
0.000000
0.000000
0.000000
0.000000
0.000000
0.000000
0.000000
0.000000
0.000000
0.000000
0.000000
0.000000
0.033189
0.091410
0.036450
0.006854
0.011256
0.020058
0.005582
0.020269
0.019599
0.098844
0.001398
0.016343
0.026885
0.312487
0.279226
0.009859
0.000000
0.000000
0.000000
0.000000
0.000000
0.000000
0.000000
0.010289
0.000000
0.000000
0.000000
0.000000
0.000000
0.000000
0.000000
0.000000
0.000000
0.000000
0.000000
0.000000
0.000000
0.000000
0.000000
0.000000
0.000000
0.000000
0.000000
0.000000
0.033189
0.121240
0.000573
0.172566
0.148032
0.052930
0.084033
0.173885
0.176880
0.020277
0.000907
0.002790
0.002400
0.000001
0.000006
0.000001
0.000000
0.000000
0.000000
0.000000
0.000000
0.000000
0.000000
0.010289
0.000000
0.000000
0.000000
0.000000
0.000000
0.000000
0.000000
0.000000
0.000000
0.000000
0.000000
0.000000
0.000000
0.000000
0.000000
0.000000
0.000000
0.000000
0.000000
0.000000
0.033189
0.005833
0.000612
0.018412
0.003082
0.055544
0.524695
0.026907
0.000732
0.055028
0.079029
0.122367
0.060642
0.002992
0.000625
0.000021
0.000000
0.000000
0.000000
0.000000
0.000000
0.000000
0.000000
0.010289
0.000000
0.000000
0.000000
0.000000
0.000000
0.000000
0.000000
0.000000
0.000000
0.000000
0.000000
0.000000
0.000000
0.000000
0.000000
0.000000
0.000000
0.000000
0.000000
0.000000
0.033189
0.100655
0.030498
0.013599
0.000191
0.004756
0.000011
0.065540
0.001142
0.001871
0.378127
0.255640
0.028949
0.065352
0.010067
0.000123
0.000000
0.000000
0.000000
0.000000
0.000000
0.000000
0.000000
0.010289
0.000000
0.000000
0.000000
0.000000
0.000000
0.000000
0.000000
0.000000
0.000000
0.000000
0.000000
0.000000
0.000000
0.000000
0.000000
0.000000
0.000000
0.000000
0.000000
0.000000
0.033189
0.149654
0.011006
0.018878
0.147562
0.142569
0.062134
0.004165
0.008429
0.063573
0.084298
0.031742
0.217014
0.000069
0.015374
0.000055
0.000000
0.000000
0.000000
0.000000
0.000000
0.000000
0.000000
0.010289
0.000000
0.000000
0.000000
0.000000
0.000000
0.000000
0.000000
0.000000
0.000000
0.000000
0.000000
0.000000
0.000000
0.000000
0.000000
0.000000
0.000000
0.000000
0.000000
0.000000
0.033189
0.029910
0.058352
0.088911
0.002928
0.008209
0.135562
0.170488
0.115884
0.057151
0.197428
0.037191
0.053628
0.000497
0.000384
0.000000
0.000000
0.000000
0.000000
0.000000
0.000000
0.000000
0.000000
0.010289
0.000000
0.000000
0.000000
0.000000
0.000000
0.000000
0.000000
0.000000
0.000000
0.000000
0.000000
0.000000
0.000000
0.000000
0.000000
0.000000
0.000000
0.000000
0.000000
0.000000
0.033189
0.105301
0.053079
0.060929
0.032119
0.008607
0.046654
0.246848
0.043526
0.025081
0.007821
0.063362
0.252893
0.000146
0.010155
0.000002
0.000000
0.000000
0.000000
0.000000
0.000000
0.000000
0.000000
0.010289
