0.019580
0.000716
0.110911
0.020650
0.008926
0.021819
0.020109
0.027993
0.099204
0.000842
0.089699
0.071660
0.164236
0.034993
0.069154
0.075464
0.000099
0.000282
0.000898
0.004985
0.000000
0.000000
0.000000
0.000000
0.000000
0.000000
0.000000
0.000000
0.000000
0.000000
0.000000
0.000000
0.000000
0.000000
0.000000
0.000000
0.000000
0.000000
0.000000
0.000000
0.000000
0.000000
0.000000
0.157780
0.013610
0.032423
0.003921
0.053583
0.030213
0.454116
0.008820
0.007850
0.030416
0.000643
0.020002
0.002735
0.017293
0.003032
0.013324
0.048954
0.011969
0.013625
0.004552
0.053067
0.000789
0.037429
0.002289
0.004342
0.008840
0.000021
0.007266
0.000463
0.000895
0.000199
0.000041
0.001735
0.076096
0.000090
0.000230
0.006747
0.000379
0.000853
0.001870
0.000674
0.005394
0.016012
0.000973
0.002229
0.027095
0.007089
0.002092
0.009407
0.016690
0.013426
0.004446
0.012049
0.017895
0.236176
0.195786
0.078531
0.011162
0.010190
0.005692
0.005263
0.005225
0.003536
0.002782
0.021229
0.019954
0.000396
0.000000
0.023463
0.013319
0.015646
0.000644
0.001582
0.006036
0.000116
0.023153
0.014378
0.010402
0.007726
0.001927
0.000289
0.000914
0.006808
0.011909
0.016608
0.011878
0.005134
0.001720
0.120236
0.026617
0.021093
0.000192
0.000034
0.000879
0.005278
0.000008
0.000837
0.004283
0.000001
0.001134
0.000006
0.000598
0.006691
0.005406
0.007558
0.002878
0.000706
0.013277
0.002240
0.008527
0.002206
0.006529
0.069195
0.008910
0.010485
0.090148
0.000481
0.000358
0.043931
0.096631
0.008738
0.039648
0.126616
0.019518
0.019159
0.022237
0.071134
0.139610
0.022787
0.021622
0.000124
0.071075
0.000617
0.028094
0.009359
0.000960
0.000024
0.002320
0.000180
0.000251
0.003875
0.002746
0.013381
0.093039
0.007753
0.295387
0.002714
0.077903
0.006529
0.004884
0.001830
0.047614
0.065885
0.004271
0.000001
0.010547
0.011442
0.070167
0.000356
0.000728
0.008058
0.027517
0.016202
0.001236
0.056628
0.025927
0.000963
0.004495
0.005314
0.011110
0.005960
0.003829
0.018244
0.001919
0.043482
0.002235
0.004641
0.028739
0.000158
0.003442
0.003777
0.010575
0.012832
0.001652
0.002592
0.004254
0.002699
0.007950
0.014489
0.002576
0.017070
0.001572
0.049023
0.001183
0.004763
0.000819
0.019053
0.031209
0.031657
0.060505
0.014714
0.017708
0.015434
0.013540
0.021410
0.002428
0.007970
0.097696
0.043777
0.001448
0.019005
0.005607
0.000027
0.073478
0.196596
0.002754
0.051041
0.073234
0.010879
0.006504
0.012163
0.025055
0.031982
0.000060
0.000115
0.003098
0.006416
0.000163
0.001150
0.003562
0.000573
0.000077
0.000361
0.000318
0.004045
0.009713
0.023638
0.003214
0.002753
0.020780
0.001641
0.004440
0.016378
0.064002
0.068871
0.018556
0.022771
0.125304
0.024544
0.004275
0.000121
0.048951
0.012560
0.006952
0.003970
0.017951
0.143351
0.068975
0.012452
0.121338
0.009090
0.022038
0.019346
0.023804
0.001250
0.027701
0.000019
0.012086
0.013640
0.001220
0.028215
0.000016
0.000164
0.000883
0.018260
0.002259
0.000226
0.001336
0.001216
0.006477
0.047148
0.000094
0.013740
0.000002
0.008415
0.008916
0.004144
0.005767
0.005653
0.018218
0.046064
0.016050
0.009202
0.015594
0.037318
0.033486
0.104714
0.335779
0.076408
0.004946
0.000245
0.007205
0.003981
0.004900
0.000200
0.001188
0.040072
0.008752
0.028079
0.023144
0.019439
0.008490
0.027289
0.024006
0.075342
0.017038
0.001194
0.011060
0.011935
0.062637
0.000365
0.006064
0.213020
0.103120
0.065741
0.151800
0.030952
0.029047
0.021310
0.015207
0.003476
0.001225
0.000471
0.006541
0.002482
0.001797
0.000000
0.001261
0.007219
0.000106
0.019271
0.003463
0.007285
0.005193
0.002356
0.000850
0.001097
0.004236
0.000645
0.007546
0.003127
0.001398
0.000753
0.027486
0.007535
0.009175
0.000045
0.005463
0.004034
0.001390
0.006160
0.086935
0.004728
0.039582
0.002601
0.004277
0.082828
0.071448
0.037808
0.010832
0.002103
0.009120
0.073827
0.013154
0.014869
0.018754
0.000130
0.051926
0.089584
0.033354
0.004628
0.111464
0.007586
0.011502
0.000056
0.000745
0.000991
0.007205
0.026924
0.000075
0.064372
0.013846
0.004518
0.000083
0.021095
0.000128
0.015636
0.025870
0.001354
0.001164
0.036822
0.022269
0.081303
0.010157
0.000711
0.007302
0.001255
0.000645
0.000010
0.002085
0.010902
0.030339
0.001913
0.081254
0.016345
0.026593
0.194971
0.023576
0.039970
0.000047
0.026629
0.033666
0.028461
0.050162
0.081234
0.001368
0.000001
0.000125
0.012561
0.044247
0.004369
0.024149
0.003844
0.003606
0.000550
0.004832
0.000491
0.000079
0.030953
0.031025
0.000788
0.022579
0.032376
0.001674
0.051028
0.014016
0.003816
0.000001
0.004912
0.036475
0.025843
0.021846
0.001927
0.037867
0.029607
0.018749
0.072150
0.000266
0.006600
0.000303
0.002661
0.116889
0.000188
0.048916
0.000023
0.001156
0.005444
0.001801
0.010554
0.032421
0.092103
0.038648
0.000366
0.045757
0.003827
0.000461
0.005340
0.007942
0.003703
0.089554
0.076936
0.001099
0.000000
0.003705
0.028471
0.026684
0.020319
0.000001
0.002859
0.001981
0.001536
0.000009
0.000050
0.000383
0.000156
0.002496
0.001123
0.000992
0.012234
0.000245
0.000166
0.001319
0.000086
0.004709
0.000746
0.033847
0.074896
0.018383
0.170023
0.000273
0.119989
0.024210
0.001607
0.069920
0.020346
0.069969
0.060606
0.007279
0.000080
0.000464
0.025585
0.048143
0.097011
0.002243
0.019007
0.000634
0.053998
0.001753
0.001641
0.026613
0.002187
0.000006
0.068117
0.000002
0.001124
0.006938
0.001680
0.003968
0.000467
0.003488
0.003140
0.020681
0.000452
0.003971
0.000353
0.000481
0.080905
0.009859
0.031080
0.026938
0.000234
0.079397
0.016233
0.011837
0.008556
0.000389
0.073567
0.138358
0.062304
0.008045
0.078417
0.009366
0.001748
0.009109
0.005638
0.002589
0.094828
0.000128
0.019679
0.002693
0.025084
0.000066
0.059284
0.023042
0.035826
0.001763
0.016629
0.003712
0.002777
0.062993
0.000197
0.051417
0.109879
0.002396
0.001274
0.028615
0.000940
0.001289
0.001000
0.043385
0.020122
0.000264
0.000207
0.001143
0.010150
0.003715
0.009408
0.000339
0.003254
0.005161
0.001615
0.019860
0.023636
0.054803
0.005232
0.018902
0.000594
0.000001
0.041541
0.003248
0.001909
0.002806
0.000343
0.010885
0.012654
0.001818
0.359257
0.026265
0.014058
0.000004
0.010221
0.003387
0.015003
0.034325
0.020121
0.044344
0.105044
0.227118
0.013025
0.018168
0.004793
0.017457
0.000000
0.012176
0.000000
0.029801
0.000612
0.059486
0.001964
0.033203
0.000591
0.001013
0.006301
0.008947
0.058318
0.002227
0.006977
0.024788
0.032677
0.000088
0.001534
0.019396
0.049269
0.020856
0.000010
0.036795
0.014152
0.000030
0.013120
0.012176
0.000161
0.029264
0.001600
0.000135
0.001532
0.001187
0.000976
0.006152
0.002741
0.000798
0.001416
0.000022
0.004415
0.000185
0.005285
0.002782
0.023322
0.025941
0.022302
0.010075
0.012843
0.055800
0.054571
0.027769
0.069732
0.061164
0.005548
0.284109
0.005187
0.031859
0.088991
0.002073
0.021948
0.001212
0.036401
0.011170
0.000000
0.010435
0.003932
0.002357
0.017092
0.027712
0.008017
0.015699
0.004249
0.028788
0.003510
0.001396
0.000005
0.005022
0.000183
0.011508
0.000060
0.018036
0.019171
0.002745
0.023770
0.034041
0.000073
0.018827
0.008660
0.125595
0.179143
0.008534
0.000004
0.056356
0.005630
0.025904
0.017333
0.061167
0.050431
0.032597
0.032341
0.004632
0.017889
0.001323
0.000030
0.001862
0.017176
0.013981
0.013704
0.013799
0.022565
0.003505
0.004734
0.037129
0.066228
0.008984
0.001631
0.024626
0.021315
0.010990
0.009623
0.013823
0.017996
0.015878
0.031791
0.007120
0.010262
0.002001
0.054813
0.000050
0.090498
0.000040
0.000766
0.122698
0.002042
0.001380
0.056298
0.010999
0.000685
0.247768
0.010400
0.020280
0.002035
0.009111
0.000274
0.002432
0.016415
0.000711
0.002988
0.002249
0.000202
0.001480
0.003178
0.001942
0.029253
0.000004
0.005392
0.031885
0.105144
0.000379
0.000786
0.022989
0.029167
0.000005
0.005294
0.100765
0.004692
0.020538
0.000008
0.003142
0.001121
0.000796
0.000013
0.003006
0.059575
0.008491
0.022615
0.056281
0.000850
0.006368
0.004014
0.011650
0.164310
0.017587
0.079317
0.098866
0.012622
0.061826
0.129771
0.007297
0.004851
0.001449
0.009374
0.001029
0.016049
0.001443
0.003387
0.002213
0.000529
0.003248
0.006457
0.003075
0.004361
0.000017
0.009543
0.021437
0.011222
0.083145
0.003851
0.000441
0.015959
0.028976
0.000775
0.000746
0.002737
0.001025
0.002471
0.026420
0.024870
0.000093
0.000579
0.001610
0.022257
0.356649
0.002854
0.005003
0.003041
0.039147
0.001705
0.000016
0.019366
0.017905
0.165153
0.020813
0.000472
0.044295
0.000101
0.011458
0.021699
0.004796
0.000042
0.000209
0.001721
0.000000
0.000499
0.005600
0.003927
0.007770
0.017146
0.029192
0.000523
0.000055
0.008029
0.000183
0.000434
0.008190
0.000073
0.000231
0.000188
0.000048
0.002136
0.005265
0.005987
0.002833
0.003568
0.005104
0.001543
0.000000
0.000179
0.050521
0.036203
0.001123
0.014021
0.013048
0.052992
0.000203
0.000011
0.142293
0.062015
0.009512
0.073441
0.038633
0.000711
0.113694
0.084602
0.015785
0.000228
0.009345
0.005656
0.024273
0.141249
0.029567
0.007113
0.022614
0.025542
0.036866
0.006938
0.004507
0.001468
0.019947
0.067232
0.000160
0.000268
0.061401
0.003187
0.028942
0.101496
0.221116
0.047864
0.043030
0.006691
0.002276
0.111881
0.000255
0.003261
0.011408
0.005392
0.047444
0.001174
0.013853
0.017147
0.000122
0.013115
0.014515
0.001044
0.000259
0.001446
0.002295
0.007998
0.010241
0.006076
0.003333
0.006794
0.000469
0.008170
0.000091
0.010671
0.028112
0.009734
0.000008
0.004060
0.001312
0.001147
0.000740
0.000055
0.000339
0.000168
0.001245
0.000145
0.000010
0.003576
0.000654
0.000649
0.000050
0.000018
0.002555
0.000270
0.000430
0.011452
0.006641
0.002407
0.000162
0.008268
0.005944
0.012773
0.008396
0.054811
0.067675
0.000135
0.016393
0.089955
0.187501
0.000286
0.000158
0.052199
0.032699
0.317771
0.036051
0.010186
0.022820
0.000044
0.028697
0.002604
0.000000
0.014117
0.001111
0.000027
0.004105
0.000093
0.000777
0.000066
0.000673
0.000089
0.002423
0.001167
0.000002
0.002269
0.000026
0.001221
0.000542
0.000070
0.007969
0.010233
0.004192
0.001677
0.003072
0.011722
0.001039
0.000002
0.000000
0.000061
0.001157
0.014958
0.002584
0.001455
0.000549
0.324397
0.538323
0.003535
0.000249
0.003805
0.003466
0.000759
0.002049
0.002669
0.028646
0.000853
0.000074
0.002250
0.023770
0.004972
0.000127
0.010053
0.058455
0.012684
0.000646
0.000015
0.039850
0.013249
0.009041
0.128070
0.043310
0.264994
0.024202
0.009013
0.016765
0.011990
0.033547
0.030933
0.005117
0.023211
0.016216
0.046823
0.002247
0.000761
0.001753
0.001010
0.003642
0.011967
0.010052
0.005400
0.008144
0.001894
0.003496
0.023476
0.009348
0.035170
0.002615
0.020150
0.007544
0.001740
0.038389
0.459767
0.000045
0.065024
0.000000
0.001194
0.015346
0.028018
0.006240
0.009486
0.000304
0.005029
0.002677
0.017533
0.000134
0.051780
0.009637
0.004975
0.011730
0.000024
0.001194
0.001748
0.000604
0.000136
0.001335
0.001439
0.014731
0.000011
0.083885
0.002911
0.002994
0.014733
0.000088
0.000009
0.014118
0.003070
0.036880
0.025566
0.012031
0.044285
0.000679
0.000936
0.010979
0.008902
0.208104
0.009247
0.000516
0.007415
0.220709
0.014152
0.005557
0.000314
0.005437
0.021844
0.000165
0.027671
0.014144
0.007294
0.004543
0.100734
0.066816
0.000412
0.013893
0.000001
0.007147
0.000004
0.001911
0.023363
0.016105
0.025605
0.015847
0.017210
0.000410
0.030494
0.008949
0.019828
0.011249
0.000469
0.000356
0.003568
0.005697
0.031120
0.003210
0.005414
0.002787
0.020412
0.007391
0.127105
0.050078
0.002419
0.037803
0.009192
0.008496
0.002315
0.005779
0.001004
0.024272
0.000025
0.005577
0.000338
0.005153
0.006419
0.000160
0.003339
0.000007
0.002589
0.024596
0.004247
0.069933
0.003662
0.049939
0.040227
0.012432
0.018384
0.015812
0.003972
0.007078
0.013533
0.000886
0.046175
0.037361
0.013219
0.000042
0.050931
0.055052
0.061406
0.135352
0.011628
0.009676
0.014998
0.001172
0.075433
0.191900
0.003727
0.010942
0.004045
0.400050
0.028722
0.061914
0.078938
0.025996
0.009604
0.003309
0.003305
0.000256
0.001131
0.003251
0.005695
0.025027
0.002638
0.000241
0.000153
0.010408
0.003765
0.001895
0.005403
0.001039
0.009558
0.006092
0.000670
0.001947
0.000255
0.000875
0.008213
0.000334
0.000022
0.000270
0.000063
0.000211
0.000270
0.000018
0.011137
0.000042
0.000063
0.009685
0.104532
0.036337
0.044572
0.026244
0.000433
0.073418
0.001995
0.000198
0.000260
0.007105
0.003428
0.013248
0.087114
0.020789
0.017498
0.030742
0.057427
0.023055
0.033703
0.002364
0.041702
0.010248
0.001586
0.005155
0.030696
0.001189
0.069900
0.002502
0.000738
0.040667
0.026164
0.064763
0.005572
0.022349
0.000263
0.002033
0.003036
0.002774
0.047487
0.000047
0.001669
0.023989
0.001326
0.024975
0.011429
0.000751
0.004788
0.090896
0.027950
0.000005
0.026497
0.001587
0.134167
0.052127
0.470883
0.002497
0.000048
0.009570
0.004100
0.006334
0.034519
0.005268
0.001384
0.000347
0.003042
0.002000
0.004610
0.000000
0.010583
0.000797
0.000807
0.005798
0.006352
0.001568
0.006285
0.000759
0.004940
0.002527
0.006178
0.012020
0.002518
0.001787
0.007098
0.010119
0.000009
0.000063
0.000018
0.027620
0.007459
0.000934
0.018919
0.003128
0.003410
0.000316
0.000599
0.002100
0.050222
0.000351
0.065512
0.048985
0.019895
0.000822
0.016796
0.026935
0.007520
0.003563
0.013420
0.064397
0.034339
0.001798
0.037640
0.013007
0.001184
0.000468
0.003384
0.070043
0.000650
0.000006
0.097631
0.096252
0.000032
0.012029
0.098098
0.034373
0.020975
0.010729
0.010883
0.040273
0.000395
0.032729
0.000181
0.016900
0.082266
0.007828
0.005136
0.014119
0.017850
0.004660
0.000444
0.000067
0.001377
0.007583
0.000101
0.000136
0.003768
0.000639
0.011689
0.000570
0.000029
0.000578
0.000009
0.015123
0.001237
0.000013
0.010177
0.000090
0.000175
0.003322
0.007691
0.010819
0.017560
0.002816
0.036865
0.001771
0.028123
0.014380
0.022840
0.010604
0.000431
0.000522
0.028535
0.015674
0.000314
0.580141
0.015026
0.023201
0.004156
0.003824
0.007786
0.170485
0.035905
0.000068
0.127032
0.187737
0.014547
0.011884
0.102998
0.018482
0.006261
0.023464
0.028280
0.001564
0.001048
0.001286
0.076942
0.010850
0.006040
0.026693
0.012247
0.017512
0.014387
0.000572
0.012211
0.000817
0.002859
0.010659
0.012387
0.003151
0.000136
0.003609
0.001002
0.002819
0.003431
0.000103
0.000134
0.000615
0.000172
0.010641
0.000003
0.023821
0.019026
0.043105
0.000002
0.002621
0.000047
0.000616
0.013136
0.000023
0.001551
0.005971
0.000498
0.006727
0.066591
0.119571
0.135137
0.017551
0.008716
0.001489
0.012327
0.018888
0.019998
0.002107
0.051670
0.018463
0.020983
0.006202
0.002781
0.014574
0.004841
0.000408
0.020492
0.014924
0.100211
0.002683
0.001835
0.002307
0.053970
0.106471
0.001888
0.028997
0.005057
0.001676
0.020046
0.015879
0.054711
0.083745
0.002334
0.000160
0.004630
0.000762
0.006230
0.000335
0.039319
0.000862
0.000879
0.047759
0.000016
0.031374
0.002676
0.071267
0.000381
0.009017
0.035709
0.002231
0.005926
0.011569
0.020874
0.075066
0.158692
0.009632
0.001936
0.009542
0.082904
0.013565
0.003720
0.004179
0.000000
0.001848
0.010694
0.017967
0.060947
0.036593
0.015956
0.035258
0.005745
0.003650
0.003461
0.016593
0.060089
0.000163
0.009060
0.187884
0.015827
0.001563
0.006854
0.015556
0.020386
0.001052
0.003676
0.012684
0.023186
0.014696
0.002364
0.010351
0.005956
0.000001
0.021534
0.001376
0.080128
0.004591
0.062567
0.136498
0.017928
0.009078
0.011860
0.023726
0.011737
0.015585
0.026051
0.004874
0.000293
0.055780
0.033671
0.010460
0.001691
0.011100
0.002467
0.001487
0.035706
0.000074
0.011797
0.026859
0.013307
0.000636
0.020046
0.003550
0.000353
0.000024
0.010310
0.009633
0.000399
0.000203
0.003730
0.005083
0.011453
0.037937
0.020025
0.002422
0.001368
0.009674
0.011551
0.056462
0.051630
0.003752
0.011723
0.007806
0.024873
0.032014
0.008008
0.103734
0.052017
0.062458
0.089124
0.001653
0.095197
0.056478
0.007096
0.014522
0.044172
0.001732
0.017705
0.000466
0.018437
0.020454
0.029921
0.023705
0.024720
0.001388
0.007918
0.084701
0.016639
0.000046
0.002679
0.000468
0.011963
0.001899
0.000596
0.000508
0.000051
0.000181
0.002245
0.015975
0.011211
0.004371
0.004760
0.035783
0.002512
0.006352
0.058655
0.035665
0.000676
0.000108
0.033008
0.000057
0.149966
0.033168
0.000947
0.044670
0.000157
0.037786
0.000273
0.000866
0.005588
0.102649
0.057896
0.043635
0.130401
0.001186
0.001971
0.026336
0.007337
0.008339
0.026160
0.022218
0.009116
0.002166
0.000103
0.000059
0.030958
0.004811
0.005503
0.036719
0.002235
0.007434
0.041265
0.022345
0.004446
0.226804
0.001170
0.001610
0.041954
0.052616
0.001582
0.023720
0.051893
0.037444
0.041892
0.000443
0.008287
0.062663
0.000117
0.003598
0.038844
0.029045
0.009703
0.003307
0.019159
0.000854
0.043183
0.006252
0.004380
0.027269
0.004662
0.027209
0.006358
0.017912
0.000395
0.011425
0.000136
0.000116
0.007569
0.000289
0.002971
0.000027
0.000314
0.020792
0.000122
0.003675
0.000376
0.012973
0.002658
0.000054
0.023514
0.092569
0.043533
0.001044
0.040156
0.019901
0.031972
0.028754
0.001370
0.003956
0.000059
0.003290
0.014734
0.004874
0.000215
0.038836
0.001065
0.000625
0.028057
0.121952
0.000078
0.326970
0.035121
0.015602
0.006385
0.024742
0.010705
0.003813
0.005574
0.019671
0.002520
0.000679
0.542563
0.198288
0.001532
0.000993
0.010642
0.021368
0.001989
0.007589
0.003468
0.017404
0.003113
0.000168
0.050704
0.002926
0.014684
0.005023
0.000263
0.019946
0.001098
0.010764
0.000070
0.001543
0.002088
0.002247
0.000004
0.001012
0.001127
0.001183
0.001335
0.000065
0.001727
0.003390
0.000027
0.000262
0.001363
0.000139
0.000187
0.022851
0.038722
0.014138
0.002213
0.012716
0.004437
0.001829
0.003188
0.000134
0.002108
0.002429
0.000001
0.003813
0.000423
0.000288
0.000637
0.000772
0.000653
0.000182
0.003299
0.060525
0.109519
0.015147
0.022969
0.000018
0.003512
0.006447
0.043356
0.045891
0.052669
0.003941
0.041539
0.034394
0.183934
0.204826
0.013607
0.000388
0.013473
0.002621
0.002212
0.000004
0.010474
0.012080
0.001622
