16.980619
12.968270
-1.765393
0.980214
-0.248099
-0.050946
-0.811246
-0.151764
-0.097751
0.225329
-0.109367
-0.003031
-0.013372
-0.026231
0.019926
-0.002357
-0.007531
-0.002484
0.007976
-0.002134
-0.003150
0.001883
-0.001129
-0.002300
0.000285
0.000341
0.000435
0.000316
-0.000384
0.000060
-0.000040
-0.000022
0.000001
-0.000001
0.000000
-0.000000
0.000000
-0.000000
0.000000
0.000000
-0.000000
-0.000000
0.000000
0.000000
-0.378637
1.299055
-1.662326
0.506831
-2.131348
1.478313
1.859059
0.734928
0.371541
-0.184177
0.075252
-0.016916
0.041662
0.033018
-0.031970
-0.002402
0.008376
-0.003900
-0.011303
0.000647
0.003588
-0.007680
0.002210
0.002523
-0.001526
-0.001907
0.000177
-0.000442
0.000426
-0.000223
-0.000049
0.000055
-0.000002
0.000005
-0.000000
-0.000000
0.000000
-0.000000
0.000000
0.000000
-0.000000
-0.000000
0.000000
0.000000
-2.202413
-0.141970
-0.423371
0.262217
0.345747
-0.159982
-0.302684
-0.128499
0.453267
-0.336039
0.055299
-0.131681
-0.015248
-0.085904
-0.197575
-0.045368
-0.153030
0.028211
-0.064464
-0.048216
0.006380
0.044397
-0.008775
0.010333
0.003847
-0.015561
0.007817
-0.002898
0.006194
0.000197
0.003193
0.002138
-0.000586
0.000416
0.000007
-0.000000
0.000000
-0.000000
0.000000
0.000000
-0.000000
0.000000
0.000000
0.000000
-3.277093
-0.243240
0.100099
0.208809
-0.096591
-0.144845
-0.041474
0.002740
-0.015390
-0.001398
-0.072368
-0.076977
-0.014908
-0.087791
0.032484
-0.057683
0.029672
-0.009419
0.012997
0.008960
-0.005653
-0.007916
-0.023156
-0.006989
-0.009576
0.005148
-0.006870
-0.009214
-0.009968
0.005598
0.005776
0.006301
0.000700
-0.000309
-0.000008
-0.000000
0.000000
-0.000000
0.000000
0.000000
-0.000000
-0.000000
0.000000
0.000000
-3.226044
-0.226754
0.069322
0.214880
-0.082754
-0.189809
-0.121295
-0.033433
-0.014613
-0.078910
-0.063764
-0.058452
0.026925
-0.056614
0.014612
-0.080444
-0.024239
-0.027674
0.019882
-0.023994
0.003856
-0.014163
-0.033650
-0.014608
-0.002631
-0.018055
-0.018456
0.006209
0.020680
0.002246
-0.005419
0.002098
0.000336
-0.000396
-0.000007
-0.000000
0.000000
-0.000000
0.000000
0.000000
-0.000000
-0.000000
0.000000
0.000000
-2.540986
-0.203635
-0.320807
0.264811
0.364827
-0.152368
-0.188970
-0.066328
0.486180
-0.275910
-0.044346
-0.079073
-0.091345
-0.163808
-0.156926
-0.019804
-0.089735
0.023509
-0.055660
0.019219
-0.037052
-0.007623
0.049026
-0.011945
-0.012701
0.028124
-0.002981
0.000095
-0.006014
0.000984
-0.003578
-0.002119
0.000583
-0.000430
-0.000007
-0.000000
0.000000
-0.000000
0.000000
0.000000
-0.000000
-0.000000
0.000000
0.000000
-3.103601
-0.258208
0.075077
0.200191
-0.073235
-0.152249
-0.075905
-0.024233
-0.056275
0.013462
0.034315
-0.127015
0.027424
-0.058879
0.003829
-0.074348
0.001547
-0.015945
0.018636
-0.038046
0.018699
0.030523
-0.042834
0.024774
-0.002973
-0.028201
0.011459
-0.006606
-0.012511
-0.006551
-0.001897
-0.003824
0.000726
-0.000316
-0.000007
-0.000000
0.000000
-0.000000
0.000000
0.000000
-0.000000
-0.000000
0.000000
0.000000
4.029369
7.002235
3.430802
-1.463342
0.700944
-1.301990
1.506828
0.289749
0.151264
-0.142069
0.087410
-0.000092
-0.017556
0.040284
-0.039489
0.013561
0.000267
0.007141
-0.003401
0.005743
-0.000458
-0.001258
-0.001944
0.001281
0.000051
-0.001050
-0.000177
-0.000195
0.000284
0.000040
-0.000009
0.000035
-0.000002
0.000002
-0.000000
-0.000000
0.000000
-0.000000
0.000000
0.000000
-0.000000
-0.000000
0.000000
0.000000
-1.127070
2.465147
2.244812
-2.006871
0.099425
2.807852
-1.125504
0.227313
-0.057073
-0.217711
0.061163
-0.008797
0.072899
-0.029657
-0.000533
-0.003516
0.010364
-0.004669
-0.001193
-0.001238
0.004290
-0.001685
0.004399
0.000674
-0.000446
0.000414
-0.000651
0.000078
0.000076
-0.000200
0.000131
-0.000038
0.000003
-0.000006
0.000000
-0.000000
0.000000
-0.000000
0.000000
0.000000
-0.000000
-0.000000
0.000000
0.000000
-2.949282
-0.127306
-0.011270
0.238622
-0.169608
-0.114745
-0.025335
0.016956
-0.068680
-0.000125
-0.025526
-0.085870
-0.007792
-0.056493
0.003060
-0.047368
0.138535
0.140294
-0.017749
0.015610
0.025713
0.075028
-0.006068
0.025435
0.020330
0.018029
-0.005661
0.013191
-0.001235
0.002421
-0.001425
0.000938
-0.000040
-0.000067
0.000000
-0.000000
0.000000
-0.000000
0.000000
0.000000
-0.000000
-0.000000
0.000000
0.000000
-2.753796
-0.230099
0.066206
0.278677
-0.009156
0.013617
0.078933
0.063970
-0.333993
0.051448
0.101879
-0.015150
-0.140639
-0.002746
0.175580
-0.064879
-0.089816
0.033538
0.094065
0.014783
-0.061665
-0.011664
0.041584
0.067963
-0.001104
0.000845
-0.002874
-0.001728
0.006691
-0.002268
0.001302
0.000425
0.000027
-0.000061
0.000000
-0.000000
0.000000
-0.000000
0.000000
0.000000
-0.000000
-0.000000
0.000000
0.000000
-1.340215
-0.039576
-0.310901
0.042708
-0.258234
-0.287215
-0.394063
-0.206773
-0.226957
-0.281902
0.338397
-0.375058
-0.156945
0.377019
0.043386
0.126601
0.013701
-0.064071
-0.086110
-0.047964
-0.000501
-0.006353
-0.013113
0.015391
-0.011432
0.007119
-0.011406
0.004016
-0.002211
0.003865
0.000494
-0.001088
0.000043
-0.000022
0.000000
-0.000000
0.000000
-0.000000
0.000000
0.000000
-0.000000
-0.000000
0.000000
0.000000
-2.535104
-0.154195
-0.082418
0.259790
-0.113931
-0.087713
-0.177847
-0.129975
-0.242434
-0.153025
0.143445
-0.270314
-0.085986
0.138505
0.112589
-0.049792
-0.034907
0.103187
-0.044253
0.141370
0.011792
-0.022331
0.000139
-0.032706
0.011888
-0.013788
0.015408
-0.003869
-0.000360
-0.003136
-0.001561
0.001176
-0.000073
0.000072
-0.000000
-0.000000
0.000000
-0.000000
0.000000
0.000000
-0.000000
-0.000000
0.000000
0.000000
-2.851037
-0.239319
0.077824
0.106482
-0.177181
-0.313484
-0.166952
0.133420
-0.008024
-0.011925
-0.042915
-0.021256
-0.131847
-0.028641
0.034602
0.011727
0.154082
-0.119666
-0.016187
0.001539
-0.009485
0.053104
0.068705
-0.015455
-0.016880
-0.014417
0.012395
-0.006888
0.007022
-0.001248
-0.000572
0.001132
-0.000047
0.000036
-0.000000
-0.000000
0.000000
-0.000000
0.000000
0.000000
-0.000000
-0.000000
0.000000
0.000000
-3.154510
-0.322615
0.096956
0.170538
-0.094797
-0.156915
-0.010174
-0.006442
-0.060114
0.004502
-0.062107
-0.041082
0.013060
-0.110153
0.039638
-0.047690
0.006546
0.002708
0.028437
0.011438
0.013410
-0.021444
0.004575
-0.006428
-0.001644
-0.011865
0.018025
0.008970
0.003624
0.015139
0.003772
-0.004850
0.000004
-0.000090
0.000000
-0.000000
0.000000
-0.000000
0.000000
0.000000
-0.000000
0.000000
0.000000
0.000000
31.891644
-7.801445
0.653384
0.261183
0.019636
0.060551
0.143365
0.046282
-0.133580
-0.280174
-0.013110
-0.153343
0.027947
-0.078305
0.025808
-0.030743
0.008987
-0.009516
0.003265
-0.001863
0.007330
-0.000783
0.002923
0.001407
0.000110
0.000910
-0.000412
0.000013
0.000178
-0.000171
0.000056
0.000035
0.000001
-0.000003
0.000000
-0.000000
0.000000
-0.000000
0.000000
0.000000
-0.000000
-0.000000
0.000000
0.000000
1.610286
-2.304650
-0.185765
-1.526521
-1.051371
-1.140321
-1.074539
1.931638
0.213939
0.407751
0.067302
0.160030
-0.009037
0.076971
-0.044177
0.018483
-0.034875
0.022045
0.005543
0.004632
-0.002335
-0.001314
-0.005024
-0.003527
0.001022
0.001107
-0.000043
0.000265
-0.000519
-0.000089
0.000007
-0.000070
0.000000
-0.000002
0.000000
-0.000000
0.000000
-0.000000
0.000000
0.000000
-0.000000
-0.000000
0.000000
0.000000
-2.597982
-0.520263
0.042922
0.132061
-0.084337
-0.119427
0.132344
0.120378
-0.310991
-0.049650
-0.167882
0.029002
0.124288
-0.258750
0.176049
0.362069
-0.023756
0.034624
-0.074275
-0.019159
-0.052556
0.000351
-0.009021
-0.002412
0.009556
-0.008403
0.000948
-0.000691
-0.000724
-0.000144
-0.000560
0.000291
0.000001
0.000026
-0.000000
-0.000000
0.000000
-0.000000
0.000000
0.000000
-0.000000
-0.000000
0.000000
0.000000
0.270564
-1.417330
2.759202
3.677789
-0.527118
0.468014
-0.270047
-0.251920
0.520019
0.511227
0.000157
0.236003
-0.037726
0.157483
-0.036534
0.051019
-0.012237
0.018342
-0.005316
-0.001639
-0.016829
0.002189
-0.004799
-0.003825
-0.000037
-0.001624
0.000858
0.000022
-0.000248
0.000355
-0.000095
-0.000071
-0.000001
0.000005
-0.000000
-0.000000
0.000000
-0.000000
0.000000
0.000000
-0.000000
-0.000000
0.000000
0.000000
0.504935
-0.198356
-0.798175
-0.164890
0.281694
-0.464820
-0.336047
-0.407394
0.439593
-0.496037
0.198834
0.485219
0.245384
0.104106
0.039021
0.001771
0.059328
0.012649
-0.017107
0.004294
0.006642
-0.020690
0.009863
0.014336
0.008123
-0.002638
0.002568
-0.000603
0.001272
-0.001365
0.001132
-0.000085
-0.000311
0.000126
-0.000024
-0.000000
0.000000
-0.000000
0.000000
0.000000
0.000000
0.000000
0.000000
0.000000
-2.080859
0.024869
0.002624
0.188322
-0.123891
-0.359665
-0.013375
-0.170633
-0.156678
-0.064829
0.186789
0.338840
0.232888
-0.019676
0.212308
-0.149108
-0.020441
0.016344
-0.082701
-0.043128
0.041082
-0.006857
0.015757
-0.006240
-0.009074
0.007352
-0.004004
-0.004714
-0.001323
0.000332
-0.000961
-0.000142
0.000331
-0.000109
0.000024
-0.000000
0.000000
-0.000000
0.000000
0.000000
-0.000000
-0.000000
0.000000
0.000000
-0.729716
-0.486250
-0.684850
-0.144185
0.327329
-0.265294
-0.364053
-0.233909
0.578581
-0.434457
-0.055243
0.077634
0.000007
0.029615
-0.142329
0.088275
0.103306
-0.022516
0.085570
0.053051
-0.043061
-0.028455
-0.019626
0.013631
0.006346
-0.009063
-0.001338
0.002027
-0.001745
-0.000862
-0.000497
0.000326
0.000315
-0.000127
0.000024
-0.000000
0.000000
-0.000000
0.000000
0.000000
-0.000000
-0.000000
0.000000
0.000000
-1.276059
-0.682477
-0.183859
-0.350402
-0.040968
-0.167085
0.087578
-0.477342
-0.231681
0.690863
0.343467
-0.379186
0.386913
-0.041029
-0.223067
0.025650
0.049558
0.023547
0.009950
-0.017729
-0.004380
-0.031161
0.031076
0.004365
0.005575
-0.001433
-0.000317
-0.002730
0.002153
-0.001090
0.000118
0.000484
0.000007
-0.000000
0.000000
-0.000000
0.000000
-0.000000
0.000000
0.000000
-0.000000
-0.000000
0.000000
0.000000
2.758608
-1.604543
-0.499789
-2.184110
-0.681256
0.063100
0.234731
-1.164582
0.264753
0.337053
-0.031336
0.149749
-0.093285
0.105515
0.042573
0.079381
-0.062051
0.027549
0.048924
-0.007646
0.009355
0.030478
-0.003233
-0.014566
-0.004999
0.001838
0.004343
-0.001201
-0.000164
-0.000040
0.000427
0.000209
-0.000545
-0.001027
0.000001
-0.000000
0.000000
-0.000000
0.000000
0.000000
0.000000
-0.000000
0.000000
-0.000000
-2.259269
-0.365248
-0.116765
-0.066745
-0.263867
-0.174727
0.013010
-0.289070
-0.022097
-0.165174
0.118364
-0.046216
0.128459
0.045854
0.064429
0.082177
-0.063921
0.017091
0.157684
-0.006523
0.013471
0.038092
-0.004217
-0.031550
-0.019779
0.014618
0.000236
0.002724
0.000097
-0.000698
-0.000458
-0.000345
0.000533
0.000988
-0.000001
-0.000000
0.000000
-0.000000
0.000000
0.000000
-0.000000
-0.000000
0.000000
0.000000
1.703910
-1.496072
-0.260165
-1.913609
-0.492967
0.085289
0.177027
-0.869824
0.267652
0.497745
-0.216385
0.127753
-0.232049
-0.036122
0.006778
-0.065264
0.024565
-0.007481
-0.083430
0.003202
-0.016690
-0.022268
-0.010347
0.012844
0.004200
-0.002981
-0.002360
0.000464
0.000223
0.000826
-0.000994
-0.000192
0.000534
0.001044
-0.000002
-0.000000
0.000000
-0.000000
0.000000
0.000000
-0.000000
-0.000000
0.000000
0.000000
-3.154830
-0.322893
0.100297
0.150782
-0.035159
-0.155948
0.024849
-0.010451
-0.102761
0.002718
-0.159096
-0.045505
-0.025392
-0.036185
0.017180
-0.060855
0.012607
-0.017150
-0.025186
-0.026921
-0.011292
-0.023650
0.002614
-0.021903
-0.008889
0.002288
0.002211
0.022620
0.000520
-0.012811
0.005255
-0.000162
0.000036
-0.000163
0.000000
-0.000000
0.000000
-0.000000
0.000000
0.000000
-0.000000
-0.000000
0.000000
0.000000
-2.585544
-0.386344
0.092372
0.330617
-0.004545
-0.101160
0.000543
-0.027570
-0.287309
0.027198
-0.346609
0.075420
0.011939
-0.024539
-0.104935
0.128797
-0.048756
-0.055207
-0.006821
0.079622
0.136009
-0.009560
0.013921
0.030187
-0.010873
0.001130
-0.010156
-0.000412
0.001190
-0.001686
0.000640
-0.000172
0.000009
-0.000001
-0.000000
-0.000000
0.000000
-0.000000
0.000000
0.000000
-0.000000
-0.000000
0.000000
0.000000
-2.561020
-0.410838
-0.013909
0.072223
-0.019437
-0.046747
0.087583
0.010862
-0.300704
-0.152578
-0.286709
0.016216
-0.043654
0.141338
-0.026527
-0.034086
-0.042413
-0.035698
0.049176
-0.059516
0.008008
-0.001512
0.043862
-0.024135
0.055265
-0.009766
-0.013420
-0.001480
-0.007986
0.001112
0.000006
-0.000265
0.000094
0.000050
0.000000
-0.000000
0.000000
-0.000000
0.000000
0.000000
-0.000000
-0.000000
0.000000
0.000000
2.594172
-1.124016
-1.546341
0.125686
2.517924
0.919326
0.644706
0.514563
-0.320780
0.303225
0.164108
0.276882
-0.098484
0.135548
-0.078566
0.051707
-0.001437
0.031031
-0.019481
0.004656
-0.003779
0.019908
-0.007976
-0.011021
0.001213
-0.001141
0.001649
-0.001149
0.006322
0.000092
0.001606
-0.000625
0.000674
-0.000113
0.000000
-0.000000
0.000000
-0.000000
0.000000
0.000000
-0.000000
-0.000000
0.000000
0.000000
-3.200580
-0.184432
0.047202
0.224137
-0.125641
-0.146269
-0.052138
-0.009231
-0.015777
-0.028249
-0.085219
-0.099489
-0.028644
-0.080662
0.012612
-0.053169
0.058910
0.009152
0.000166
0.026711
-0.021796
0.007671
-0.031265
-0.017196
0.004779
0.016997
-0.022659
-0.017250
0.008731
-0.003513
0.003496
-0.004809
-0.000538
0.000042
-0.000000
-0.000000
0.000000
-0.000000
0.000000
0.000000
-0.000000
0.000000
0.000000
0.000000
-1.980345
-0.208974
-0.058828
0.467826
-0.083748
-0.003612
0.042638
-0.084705
-0.435088
0.036977
0.629847
0.246887
-0.286123
-0.289308
-0.066401
0.000176
0.004877
-0.067893
0.034791
0.004273
0.017654
-0.014572
-0.015170
-0.010141
0.006666
0.001669
-0.003715
0.003731
-0.007660
0.000089
-0.001645
0.000674
-0.000685
0.000115
-0.000000
-0.000000
0.000000
-0.000000
0.000000
0.000000
-0.000000
0.000000
0.000000
0.000000
-2.076375
-0.465541
-0.197028
0.215325
0.420813
0.063590
0.050018
0.185159
-0.346399
-0.132372
-0.330690
0.023075
-0.132199
0.060569
-0.073968
-0.007313
0.069966
0.147386
0.036004
-0.088610
0.012063
-0.043953
0.003129
-0.003254
-0.029940
-0.003987
0.004182
-0.005553
-0.004189
0.000444
-0.002362
0.000641
-0.000711
0.000153
-0.000000
-0.000000
0.000000
-0.000000
0.000000
0.000000
-0.000000
0.000000
0.000000
0.000000
-2.086232
-0.542076
-0.693197
0.116047
1.731991
0.309541
0.192460
0.404754
0.963026
0.357548
-0.058181
-0.310798
0.060504
-0.031101
0.242317
-0.022068
-0.002209
-0.061637
0.020749
0.000667
0.024546
-0.009000
-0.000664
0.002153
0.000552
0.001373
-0.004878
0.002594
-0.006898
0.000476
-0.001668
0.000493
-0.000711
0.000121
-0.000000
-0.000000
0.000000
-0.000000
0.000000
0.000000
-0.000000
0.000000
0.000000
0.000000
-1.342091
-0.751952
-0.134182
-0.070698
0.155339
0.050516
0.247428
0.004670
-0.646411
0.050600
-0.259831
0.139781
0.245426
0.118773
-0.086013
-0.108593
-0.042280
-0.082414
-0.026444
0.065051
-0.079561
0.029330
-0.017419
0.003065
-0.016267
-0.002340
-0.004222
0.004815
-0.008433
0.002904
-0.001821
0.000213
-0.000678
0.000113
-0.000000
-0.000000
0.000000
-0.000000
0.000000
0.000000
-0.000000
0.000000
0.000000
0.000000
-2.973414
-0.298959
0.090239
0.194606
0.023568
-0.062372
0.028548
0.056695
-0.218251
-0.030935
-0.175340
-0.037186
0.016506
0.037996
-0.009771
-0.014545
-0.001559
-0.091005
0.007267
-0.031141
0.006356
-0.017061
-0.034353
0.009837
0.020962
0.038914
0.033891
-0.004527
0.006891
-0.001084
-0.001800
0.001215
-0.000025
-0.000070
0.000000
-0.000000
0.000000
-0.000000
0.000000
0.000000
-0.000000
-0.000000
0.000000
0.000000
-0.000000
-0.000000
-0.000000
0.000000
0.000000
-0.000000
0.000000
-0.000000
0.000000
0.000000
-0.000000
0.000000
-0.000000
-0.000000
0.000000
-0.000000
0.000000
-0.000000
0.000000
-0.000000
0.000000
0.000000
0.000000
-0.000000
-0.000000
-0.000000
0.000000
-0.000000
-0.000000
-0.000000
-0.000000
0.000000
0.000000
0.000000
0.000000
0.000000
0.000000
0.000000
0.000000
-0.000000
0.000000
0.000000
-0.000000
0.000000
-0.000000
-0.000000
-0.000000
0.000000
0.000000
-0.000000
0.000000
-0.000000
0.000000
0.000000
-0.000000
0.000000
-0.000000
-0.000000
0.000000
-0.000000
0.000000
-0.000000
0.000000
-0.000000
0.000000
0.000000
0.000000
-0.000000
-0.000000
-0.000000
0.000000
-0.000000
-0.000000
-0.000000
-0.000000
0.000000
0.000000
0.000000
0.000000
0.000000
0.000000
0.000000
0.000000
-0.000000
-0.000000
-0.000000
0.000000
-0.000000
-0.000000
-0.000000
-0.000000
0.000000
0.000000
-0.000000
0.000000
-0.000000
0.000000
0.000000
-0.000000
0.000000
-0.000000
-0.000000
0.000000
-0.000000
0.000000
-0.000000
0.000000
-0.000000
0.000000
0.000000
0.000000
-0.000000
-0.000000
-0.000000
0.000000
-0.000000
-0.000000
-0.000000
-0.000000
0.000000
0.000000
0.000000
0.000000
0.000000
0.000000
0.000000
-0.000000
0.000000
-0.000000
-0.000000
-0.000000
-0.000000
-0.000000
-0.000000
-0.000000
0.000000
0.000000
-0.000000
0.000000
-0.000000
0.000000
0.000000
-0.000000
0.000000
-0.000000
-0.000000
0.000000
-0.000000
0.000000
-0.000000
0.000000
-0.000000
0.000000
0.000000
0.000000
-0.000000
-0.000000
-0.000000
0.000000
-0.000000
-0.000000
-0.000000
-0.000000
0.000000
0.000000
0.000000
0.000000
0.000000
0.000000
-0.000000
-0.000000
0.000000
-0.000000
-0.000000
0.000000
0.000000
-0.000000
-0.000000
-0.000000
0.000000
0.000000
-0.000000
0.000000
-0.000000
0.000000
0.000000
-0.000000
0.000000
-0.000000
-0.000000
0.000000
-0.000000
0.000000
-0.000000
0.000000
-0.000000
0.000000
0.000000
0.000000
-0.000000
-0.000000
-0.000000
0.000000
-0.000000
-0.000000
-0.000000
-0.000000
0.000000
0.000000
0.000000
0.000000
0.000000
0.000000
-0.000000
0.000000
0.000000
0.000000
0.000000
-0.000000
-0.000000
-0.000000
-0.000000
-0.000000
0.000000
0.000000
-0.000000
0.000000
-0.000000
0.000000
0.000000
-0.000000
0.000000
-0.000000
-0.000000
0.000000
-0.000000
0.000000
-0.000000
0.000000
-0.000000
0.000000
0.000000
0.000000
-0.000000
-0.000000
-0.000000
0.000000
-0.000000
-0.000000
-0.000000
-0.000000
0.000000
0.000000
0.000000
0.000000
0.000000
0.000000
-0.000000
-0.000000
-0.000000
-0.000000
0.000000
0.000000
-0.000000
-0.000000
-0.000000
-0.000000
0.000000
0.000000
-0.000000
0.000000
-0.000000
0.000000
0.000000
-0.000000
0.000000
-0.000000
-0.000000
0.000000
-0.000000
0.000000
-0.000000
0.000000
-0.000000
0.000000
0.000000
0.000000
-0.000000
-0.000000
-0.000000
0.000000
-0.000000
-0.000000
-0.000000
-0.000000
0.000000
0.000000
0.000000
0.000000
0.000000
0.000000
0.000000
-0.000000
0.000000
0.000000
-0.000000
0.000000
-0.000000
-0.000000
-0.000000
-0.000000
0.000000
0.000000
-0.000000
0.000000
-0.000000
0.000000
0.000000
-0.000000
0.000000
-0.000000
-0.000000
0.000000
-0.000000
0.000000
-0.000000
0.000000
-0.000000
0.000000
0.000000
0.000000
-0.000000
-0.000000
-0.000000
0.000000
-0.000000
-0.000000
-0.000000
-0.000000
0.000000
0.000000
0.000000
0.000000
0.000000
0.000000
-0.000000
-0.000000
-0.000000
0.000000
-0.000000
-0.000000
0.000000
