0.826965	-0.480796	0.001778	-0.230697	-0.068720	-0.018800	0.035223	-0.128781	0.017521	0.068163	-0.044280	0.010747	-0.029041	-0.002185	-0.000214	-0.026448	-0.006568	0.003320	-0.013558	-0.003620	-0.000836	-0.000687	-0.000467	-0.000911	-0.000989	0.000148	0.000831	0.001731	0.001939	-0.000712	0.000336	0.000150	-0.000016	-0.000006	-0.000000	0.000000	-0.000000	0.000000	0.000000	-0.000000	-0.000000	-0.000000	-0.000000	0.000000
0.825373	-0.206354	-0.243426	0.021704	0.414290	0.083536	-0.000616	0.084711	0.174048	0.007624	-0.003036	-0.001452	-0.005581	-0.010837	0.009265	-0.003439	-0.000028	0.004958	0.000144	0.004561	0.001203	-0.000646	-0.000238	-0.001404	-0.000627	-0.000175	0.000005	0.000170	0.000471	0.000084	-0.000011	0.000052	0.000011	0.000001	-0.000000	-0.000000	-0.000000	0.000000	-0.000000	-0.000000	0.000000	0.000000	-0.000000	-0.000000
0.958055	-0.194948	0.155815	0.130995	0.003939	0.012254	0.011420	-0.035950	0.006031	0.002862	-0.020194	0.009037	-0.004612	0.001312	-0.003713	0.010032	-0.000377	-0.009698	-0.001191	0.015323	0.006145	0.002931	-0.006380	0.001747	0.000288	0.000639	-0.001947	0.000101	0.000844	-0.000677	0.000050	-0.000981	-0.000011	0.000032	0.000001	0.000000	0.000000	0.000000	-0.000000	0.000000	-0.000000	-0.000000	-0.000000	0.000000
0.943993	0.310444	-0.077160	-0.020880	0.018492	-0.020825	-0.043145	-0.046713	-0.026894	0.013352	0.009751	0.000880	0.003556	0.006703	0.011962	0.003348	0.000990	-0.002893	0.005842	0.002978	0.001319	0.001985	0.002033	-0.003965	0.001821	-0.001039	0.001174	0.000363	-0.000051	-0.000278	0.000109	0.000046	0.000022	0.000012	0.000000	0.000000	-0.000000	0.000000	0.000000	0.000000	-0.000000	0.000000	0.000000	-0.000000
0.978892	0.108684	-0.091101	0.083126	0.019872	0.008678	-0.082618	0.023972	-0.058537	0.019777	0.017139	-0.022260	0.025289	0.000028	-0.024107	-0.005264	0.016465	0.024828	-0.008385	-0.004652	0.005125	0.003131	-0.000991	-0.000733	0.000497	-0.000716	-0.001483	0.001454	0.000578	-0.000261	-0.000705	-0.000153	0.000055	0.000000	-0.000000	-0.000000	-0.000000	0.000000	-0.000000	-0.000000	0.000000	0.000000	-0.000000	-0.000000
0.976507	0.188428	-0.056885	-0.011775	0.024014	-0.007622	-0.039017	-0.000885	-0.047249	-0.006699	0.028198	-0.032045	0.023351	0.016821	-0.008057	0.005549	0.000092	0.003142	-0.009001	0.014133	-0.000730	-0.007075	0.004481	0.001131	-0.001005	-0.000098	0.002902	-0.000780	0.001123	-0.000114	0.000396	-0.000012	0.000034	-0.000111	0.000000	0.000000	0.000000	-0.000000	-0.000000	-0.000000	-0.000000	-0.000000	-0.000000	0.000000
0.918315	0.368889	-0.105984	-0.010291	0.014600	-0.007368	-0.060025	-0.060973	-0.025963	0.015293	0.007409	0.007649	-0.002153	0.002558	0.020838	0.004082	-0.000049	-0.005097	0.010110	-0.000386	0.003962	0.004046	0.001518	-0.005836	0.002808	-0.000953	0.001378	0.000733	-0.000473	-0.000561	0.000075	0.000043	0.000016	0.000025	-0.000001	-0.000000	0.000000	0.000000	-0.000000	-0.000000	-0.000000	-0.000000	-0.000000	0.000000
0.936857	-0.325790	-0.018939	-0.106128	-0.005328	-0.013608	-0.009813	-0.051481	-0.010800	0.022425	-0.004979	0.003121	0.014186	0.015011	-0.007199	-0.006917	0.010714	-0.005001	0.001845	0.009858	-0.011183	0.002234	0.003800	-0.001039	-0.000858	-0.001901	-0.002133	-0.000726	0.000694	0.001100	-0.000085	0.000291	0.000026	0.000133	0.000002	-0.000000	0.000000	-0.000000	-0.000000	-0.000000	-0.000000	-0.000000	-0.000000	-0.000000
0.897215	-0.381291	-0.009128	-0.159450	-0.055908	-0.069166	-0.061138	0.098925	-0.009535	0.034398	-0.017088	-0.002934	0.005329	0.001916	-0.018916	-0.017576	-0.010800	0.010226	0.003227	0.007809	-0.005056	-0.005547	-0.003396	-0.005681	0.001130	0.002642	-0.000784	-0.000391	-0.002388	-0.000002	0.000062	-0.000196	-0.000039	0.000016	-0.000001	0.000000	0.000000	-0.000000	0.000000	0.000000	0.000000	0.000000	0.000000	0.000000
0.570938	0.771587	0.144928	-0.039757	0.070649	-0.195707	0.107104	0.019120	0.007743	0.021113	0.003221	0.002934	-0.007648	0.010319	-0.009055	0.006384	-0.005557	0.006083	0.002180	0.003176	-0.007281	-0.000508	-0.001859	0.002014	0.001726	-0.003211	-0.000343	0.000280	0.000658	0.000619	0.000296	-0.000171	0.000035	-0.000021	-0.000002	-0.000000	-0.000000	0.000000	-0.000000	-0.000000	0.000000	0.000000	-0.000000	-0.000000
0.620442	0.713175	0.155685	-0.043972	0.069901	-0.222613	0.148429	0.007760	0.025930	-0.012344	0.023060	0.032777	0.016891	0.026904	0.007077	-0.000931	0.005233	-0.000577	-0.010559	-0.001478	0.007454	-0.001578	0.002335	-0.002450	-0.003702	0.003515	0.000231	-0.000097	-0.000590	-0.000498	-0.000154	0.000113	-0.000043	0.000069	0.000001	-0.000000	-0.000000	0.000000	-0.000000	-0.000000	-0.000000	-0.000000	-0.000000	-0.000000
0.962299	-0.098802	0.055915	0.199568	0.055411	0.038271	-0.029645	-0.007311	-0.070580	-0.020318	0.061653	-0.036692	-0.070536	-0.003297	0.010442	-0.002013	-0.009511	0.001209	-0.005155	0.000783	-0.002063	-0.004996	-0.001878	0.000423	-0.001847	0.000673	0.000209	0.000275	-0.000073	0.000439	-0.000444	0.000093	-0.000023	0.000066	-0.000000	-0.000000	-0.000000	0.000000	-0.000000	0.000000	-0.000000	-0.000000	-0.000000	-0.000000
0.975448	0.202583	-0.035130	0.030402	0.024054	-0.008211	-0.037064	-0.040278	-0.032185	0.006972	0.016239	-0.004824	-0.009860	0.004681	0.010610	0.003130	-0.000917	-0.002891	0.003473	0.003815	0.001215	0.000924	0.000648	-0.002799	0.001101	-0.000619	0.000757	0.000333	0.000027	-0.000201	0.000011	-0.000037	0.000012	0.000022	0.000000	0.000000	-0.000000	-0.000000	-0.000000	-0.000000	0.000000	0.000000	0.000000	-0.000000
0.990604	0.036032	-0.055308	0.062230	-0.030485	0.000831	-0.074708	-0.006772	0.013480	0.003540	-0.009806	0.039739	0.005099	0.025891	0.031418	-0.012383	-0.001085	0.008874	-0.005789	0.001842	-0.000816	0.003556	-0.000153	0.008485	0.000944	0.000448	0.000850	0.001252	-0.001889	0.000833	0.000166	-0.000068	0.000011	0.000002	0.000001	0.000000	0.000000	0.000000	-0.000000	-0.000000	-0.000000	0.000000	0.000000	0.000000
0.870925	-0.367027	-0.053868	0.020275	0.234876	0.068472	0.097819	0.074821	-0.131622	-0.046303	-0.083533	0.008391	-0.014279	0.037751	-0.009938	0.009574	-0.001783	-0.004382	-0.003537	-0.008048	-0.001239	-0.000202	0.002524	-0.000412	0.001473	-0.000425	-0.000342	-0.000108	-0.000292	-0.000196	0.000032	-0.000033	-0.000005	-0.000011	0.000000	0.000000	0.000000	-0.000000	-0.000000	0.000000	-0.000000	0.000000	0.000000	0.000000
0.777710	-0.425386	0.305890	0.328502	-0.051380	0.062723	-0.001500	-0.032678	0.062795	-0.009944	-0.006468	-0.011928	0.014609	0.012482	0.013364	-0.008709	0.008622	0.000923	-0.004670	-0.009221	-0.005064	-0.000550	0.003686	-0.003658	0.000230	0.000666	0.000660	-0.001134	0.000845	0.000492	0.000034	-0.000363	0.000019	0.000020	-0.000002	0.000000	0.000000	-0.000000	0.000000	-0.000000	0.000000	0.000000	0.000000	0.000000
0.949146	-0.303780	0.017702	-0.018518	-0.012298	0.011440	-0.002988	0.019540	-0.025530	-0.047833	-0.012445	-0.034059	0.013356	-0.027722	0.006908	-0.012119	0.007687	-0.001859	0.002619	0.001424	0.004179	-0.002527	0.001263	0.003104	-0.001038	-0.000199	-0.001866	-0.000978	-0.000334	-0.001258	0.000531	0.000356	0.000048	0.000056	-0.000001	0.000000	-0.000000	0.000000	-0.000000	-0.000000	0.000000	0.000000	0.000000	-0.000000
0.977207	-0.189227	0.004377	0.030853	0.039662	0.016920	-0.027864	0.007979	-0.013086	-0.009693	0.052364	0.026648	-0.008469	-0.020326	-0.034846	0.001687	0.001685	-0.006010	-0.005988	-0.002970	0.005063	0.005727	0.004680	-0.001571	-0.000167	-0.000109	-0.001390	0.000620	-0.000318	0.000967	0.000816	-0.000025	-0.000138	-0.000036	-0.000000	0.000000	0.000000	0.000000	-0.000000	-0.000000	0.000000	0.000000	0.000000	0.000000
0.868716	-0.464053	0.000296	-0.142762	-0.037710	-0.038686	0.002244	0.006212	-0.025620	-0.013879	-0.023088	-0.011958	0.027057	-0.031546	0.030533	0.047552	-0.003617	0.006801	-0.009954	-0.001971	-0.002529	-0.000478	-0.004257	-0.002630	-0.001421	0.000916	-0.000081	0.000796	0.000310	0.000804	0.000138	0.000090	-0.000022	0.000014	0.000000	0.000000	-0.000000	0.000000	-0.000000	-0.000000	0.000000	0.000000	-0.000000	-0.000000
0.902738	-0.387065	-0.020598	-0.166591	-0.033989	-0.035962	0.005758	-0.058952	0.013776	0.005735	-0.009829	0.013510	-0.014282	-0.006759	-0.001240	0.001635	-0.000355	0.010364	0.008236	-0.004433	0.010242	-0.002955	0.003240	0.001087	0.004309	0.002665	0.001345	-0.002265	0.000848	0.000956	-0.000203	-0.000264	0.000001	0.000001	0.000001	-0.000000	-0.000000	0.000000	-0.000000	-0.000000	-0.000000	0.000000	-0.000000	-0.000000
0.915068	-0.380436	0.011743	-0.114740	-0.008558	-0.004622	0.018589	-0.047508	-0.020700	-0.023438	-0.017827	-0.009855	-0.005416	0.007361	0.007196	-0.010765	0.002060	-0.003703	0.010773	0.005643	0.001253	0.007972	-0.000357	-0.001627	-0.006287	0.001129	-0.000009	-0.000377	-0.000289	0.000568	-0.000544	0.000036	0.000015	-0.000137	-0.000001	-0.000000	-0.000000	0.000000	-0.000000	-0.000000	0.000000	0.000000	-0.000000	-0.000000
0.972434	-0.229867	0.003832	0.003113	-0.011990	0.005619	-0.022335	0.001309	-0.008229	-0.021957	-0.004987	-0.000178	0.006131	-0.008368	0.008609	-0.006167	0.003341	0.002077	-0.001001	-0.000285	0.002854	0.000332	0.001405	0.003173	0.000123	0.000360	-0.000590	-0.000243	-0.000556	-0.000032	0.000352	0.000093	0.000009	0.000020	-0.000002	-0.000000	-0.000000	-0.000000	-0.000000	0.000000	-0.000000	-0.000000	0.000000	-0.000000
0.570039	0.711615	-0.182909	0.035197	-0.228380	0.231065	0.121344	0.097347	0.032914	0.008055	-0.005587	-0.040376	-0.007916	0.033092	0.008274	0.001020	-0.005258	0.010142	-0.000794	0.002122	0.003302	0.004608	-0.002477	-0.001557	0.000044	0.000594	-0.001059	-0.000886	0.000775	0.000131	0.000378	0.000205	-0.000071	0.000015	0.000000	-0.000000	-0.000000	0.000000	-0.000000	-0.000000	0.000000	0.000000	-0.000000	-0.000000
0.998533	0.007426	-0.018032	0.018523	0.007863	-0.001899	-0.031102	-0.021951	-0.021854	-0.006262	0.006799	-0.002806	-0.002694	-0.001238	0.009949	-0.001101	0.001032	-0.000655	0.001485	0.002010	0.002007	0.000674	0.001015	-0.000100	0.000674	-0.000180	0.000151	0.000075	-0.000243	-0.000127	0.000170	0.000022	0.000010	0.000022	-0.000001	-0.000000	0.000000	0.000000	0.000000	0.000000	0.000000	-0.000000	-0.000000	-0.000000
0.996016	-0.075129	0.019817	0.032145	0.004471	-0.009231	-0.011263	-0.005512	-0.017654	-0.011984	0.005824	-0.003403	-0.002950	-0.004000	0.008016	-0.003275	0.002127	0.000007	-0.000438	0.001953	0.001355	-0.001653	-0.000053	0.002227	0.000126	0.000782	-0.000202	-0.000129	-0.000018	0.000010	0.000137	0.000092	-0.000003	-0.000033	0.000001	-0.000000	0.000000	-0.000000	0.000000	0.000000	0.000000	0.000000	0.000000	0.000000
0.975689	0.080308	-0.157255	0.057456	-0.013557	0.092138	0.021743	0.012990	-0.018394	-0.011477	0.026837	0.045412	0.013790	-0.005717	-0.012041	-0.009735	0.005346	-0.015426	-0.010502	-0.003021	-0.004590	0.000962	-0.009960	-0.001185	0.001646	0.002321	0.001823	-0.000848	0.000188	0.000178	0.000014	0.000197	0.000095	-0.000014	0.000000	-0.000000	-0.000000	0.000000	0.000000	-0.000000	0.000000	-0.000000	0.000000	-0.000000
0.915919	-0.046306	0.151273	0.320678	-0.043263	0.074250	-0.104432	-0.053478	0.041719	0.079708	-0.035494	0.035520	0.003411	0.012486	-0.022035	0.025742	-0.009682	-0.000236	0.003905	0.002934	0.003889	-0.003344	0.001329	0.000946	-0.001137	0.000447	-0.000578	0.000006	-0.000333	-0.000264	-0.000201	0.000687	0.000003	-0.000015	-0.000000	-0.000000	-0.000000	0.000000	0.000000	-0.000000	0.000000	-0.000000	0.000000	-0.000000
0.923617	-0.276758	-0.120898	-0.082543	-0.064310	-0.050912	-0.076597	-0.092589	0.070433	-0.140698	0.031126	0.011971	0.016951	0.030526	-0.011310	0.002684	-0.021227	0.001936	0.003905	-0.005683	-0.001951	-0.001634	-0.001444	-0.000057	0.000357	-0.000980	-0.001781	0.000451	0.000711	-0.000421	-0.000130	0.000014	0.000002	-0.000001	0.000000	0.000000	0.000000	-0.000000	0.000000	0.000000	-0.000000	-0.000000	0.000000	0.000000
0.965088	0.060088	-0.139969	-0.025217	-0.145676	0.046259	0.128777	0.044827	0.031384	-0.014450	-0.022783	-0.019525	0.011001	-0.015174	-0.011587	-0.002802	-0.002865	-0.010634	0.002801	0.000929	0.005642	-0.005190	0.004714	0.001170	-0.001108	-0.002303	0.001635	0.001796	-0.000507	0.000625	-0.000417	-0.000282	-0.000001	0.000047	0.000000	0.000000	-0.000000	0.000000	0.000000	0.000000	0.000000	-0.000000	0.000000	0.000000
-0.550181	-0.785800	0.215937	-0.015037	0.090824	0.038875	0.023212	0.101574	-0.072013	0.049458	0.043151	0.018054	0.037087	0.014778	0.014716	-0.015740	-0.016963	0.001599	0.008413	-0.002202	0.008930	-0.000431	-0.003756	-0.000258	-0.001229	-0.002733	0.000471	0.000004	0.001063	0.000343	0.000146	0.000096	-0.000001	0.000027	0.000000	0.000000	-0.000000	0.000000	0.000000	0.000000	0.000000	-0.000000	0.000000	0.000000
0.588301	-0.756809	0.052582	-0.044648	-0.051924	0.108325	0.235659	0.005802	0.003721	0.019223	0.060720	0.041378	-0.007829	-0.010102	0.004666	0.013692	-0.001582	0.010868	0.001861	0.003685	-0.007289	0.002602	0.005160	0.000744	0.001586	0.000107	-0.000599	0.000020	-0.000681	-0.001121	-0.000223	-0.000020	0.000047	-0.000035	0.000000	0.000000	0.000000	0.000000	0.000000	0.000000	0.000000	-0.000000	0.000000	0.000000
0.952240	-0.156335	-0.042423	-0.172802	0.094852	0.012169	0.021467	-0.091661	0.026136	0.097517	0.036092	-0.079741	0.018569	0.021533	-0.005122	0.010153	-0.001641	-0.013156	0.000645	-0.011781	-0.001914	0.000600	-0.001717	0.003801	0.000308	0.000942	-0.000705	-0.000356	-0.001145	-0.000236	-0.000026	-0.000172	-0.000021	-0.000009	0.000000	0.000000	0.000000	-0.000000	-0.000000	0.000000	-0.000000	-0.000000	0.000000	-0.000000
0.741948	0.637908	-0.156601	0.093504	0.011739	-0.003974	-0.048242	0.024486	-0.044663	0.035064	-0.005945	0.027499	0.023125	-0.022661	0.027613	-0.013883	-0.009699	-0.005852	-0.003146	-0.002854	-0.006278	-0.002795	0.003920	0.000534	0.000476	-0.000183	-0.002850	-0.000894	0.000883	-0.000357	-0.000474	-0.000210	-0.000136	-0.000060	0.000000	-0.000000	-0.000000	0.000000	0.000000	-0.000000	0.000000	-0.000000	0.000000	-0.000000
0.984572	-0.013050	-0.098782	0.045277	-0.073981	0.073181	0.075201	0.034663	0.001184	0.008611	0.002751	0.017253	0.016753	-0.010026	-0.006664	-0.004214	-0.003885	-0.010163	-0.001005	-0.000603	0.001254	-0.002796	-0.000319	0.000404	-0.000066	-0.000636	0.000992	0.000506	-0.000063	0.000244	-0.000280	-0.000020	0.000024	0.000012	-0.000002	-0.000000	0.000000	-0.000000	-0.000000	-0.000000	-0.000000	0.000000	-0.000000	-0.000000
0.593422	0.592489	0.353009	-0.345992	0.021955	0.214701	-0.055467	-0.032311	0.028601	-0.018108	-0.001687	0.016490	-0.009945	-0.002923	0.004823	-0.000294	0.002816	-0.000163	-0.012987	-0.000423	0.004281	-0.002561	-0.001387	-0.001684	0.000193	-0.004614	-0.000816	-0.001107	-0.001290	0.000067	-0.000249	-0.000009	0.000015	-0.000030	0.000000	0.000000	0.000000	-0.000000	0.000000	0.000000	-0.000000	-0.000000	0.000000	0.000000
0.843142	0.513707	0.066560	0.085904	0.026554	-0.095335	0.005888	0.020983	-0.001602	0.004053	-0.021494	-0.021529	0.001266	-0.032946	-0.013330	-0.004228	-0.027386	0.004078	-0.005815	-0.003466	-0.000399	0.009397	0.002213	0.000708	-0.001114	-0.000318	0.001055	-0.001493	-0.000288	-0.000080	-0.000016	-0.000013	0.000111	0.000034	0.000001	0.000000	0.000000	-0.000000	0.000000	0.000000	-0.000000	-0.000000	0.000000	0.000000
0.867270	0.473829	-0.132315	0.005886	-0.034943	-0.030725	0.022088	0.000278	-0.014385	0.031627	0.005370	0.032039	-0.021286	-0.002617	0.003517	0.004486	0.007102	0.003675	0.012905	-0.009463	0.001159	-0.005779	-0.002034	-0.000522	-0.003601	-0.000277	-0.002666	-0.000149	0.000208	0.000330	0.000473	-0.000203	0.000124	-0.000028	0.000000	0.000000	0.000000	-0.000000	-0.000000	0.000000	0.000000	-0.000000	0.000000	-0.000000
0.919906	-0.073231	0.304625	0.206135	-0.024984	-0.061556	0.057681	0.031194	0.039912	-0.025311	-0.011461	-0.040983	0.006179	-0.006394	0.006965	-0.013274	0.002586	-0.001748	0.004528	-0.001909	-0.002453	-0.000909	-0.001440	-0.002740	0.002721	-0.000258	-0.000315	0.001505	-0.000600	0.000074	0.000175	0.000176	-0.000003	-0.000089	0.000003	-0.000000	0.000000	0.000000	-0.000000	0.000000	-0.000000	-0.000000	-0.000000	-0.000000
0.993610	-0.092563	-0.011141	0.030485	-0.009802	0.007156	-0.044804	0.007895	0.006875	-0.007521	-0.005462	0.016437	0.000821	-0.003509	-0.010312	0.004577	0.008758	0.009636	0.008174	-0.004927	-0.006637	0.001275	-0.003257	0.001508	-0.003343	-0.002854	0.004116	-0.000977	-0.000264	-0.000854	0.000093	-0.000230	-0.000146	0.000041	0.000001	-0.000000	0.000000	0.000000	-0.000000	0.000000	0.000000	-0.000000	0.000000	-0.000000
0.973711	0.136280	0.093106	-0.074932	0.036067	-0.108582	0.073583	0.000572	-0.003521	-0.013816	-0.004067	-0.005811	-0.003210	-0.009833	-0.004529	-0.001279	0.006958	-0.001074	0.004926	0.003715	0.002571	0.001561	-0.004656	0.003148	0.003498	0.000042	-0.000198	-0.000382	0.000945	0.000143	-0.000493	0.000626	-0.000090	-0.000005	-0.000001	0.000000	0.000000	-0.000000	-0.000000	0.000000	0.000000	-0.000000	0.000000	0.000000
0.821036	-0.401656	0.054505	-0.157029	-0.149260	-0.139749	-0.153696	0.259744	0.046567	0.020158	0.011421	0.003282	-0.026897	0.015492	0.005597	0.010621	0.005039	-0.012307	-0.004139	-0.003334	-0.000185	0.002688	0.002828	0.000876	0.000348	-0.000431	0.000076	-0.000040	0.000859	-0.000488	-0.000187	0.000000	0.000040	-0.000016	0.000000	-0.000000	0.000000	0.000000	-0.000000	-0.000000	0.000000	-0.000000	-0.000000	-0.000000
0.987202	0.134461	0.048808	0.032903	-0.011938	-0.051745	0.024618	0.013558	0.006011	-0.001006	-0.003117	0.003509	-0.006261	-0.005388	-0.001069	-0.000541	0.006860	0.002689	0.008238	-0.003673	-0.001202	-0.001203	-0.002926	0.000446	-0.000442	-0.000857	0.000101	-0.000058	0.000124	-0.000067	0.000076	0.000081	-0.000023	-0.000016	0.000001	0.000000	-0.000000	-0.000000	0.000000	-0.000000	-0.000000	-0.000000	0.000000	0.000000
0.458729	0.764333	0.303199	-0.231355	0.078120	0.212147	-0.069870	0.051620	-0.019072	-0.019417	0.001831	0.003895	0.010360	-0.007720	-0.007935	0.000324	-0.002640	0.000210	0.013264	-0.001328	-0.006105	0.000513	0.002482	0.002207	-0.000407	0.004938	0.000708	0.001653	0.001154	-0.000040	0.000046	-0.000071	0.000010	0.000036	-0.000000	0.000000	-0.000000	0.000000	-0.000000	-0.000000	0.000000	0.000000	-0.000000	-0.000000
0.991501	0.109596	0.001916	0.038989	-0.030774	-0.011634	0.040693	0.021152	0.004121	0.002433	-0.002189	0.006869	0.001827	-0.008549	-0.003633	-0.001991	0.001423	-0.001546	0.004390	-0.002666	-0.000328	-0.001178	-0.001798	0.000447	-0.000355	-0.000776	0.000452	0.000050	0.000036	0.000035	-0.000049	0.000042	-0.000000	-0.000006	0.000001	0.000000	-0.000000	-0.000000	-0.000000	0.000000	0.000000	0.000000	-0.000000	0.000000
