0.624908
0.364480
0.006754
0.002082
0.000133
0.000006
0.001426
0.000050
0.000021
0.000110
0.000026
0.000000
0.000000
0.000001
0.000001
0.000000
0.000000
0.000000
0.000000
0.000000
0.000000
0.000000
0.000000
0.000000
0.000000
0.000000
0.000000
0.000000
0.000000
0.000000
0.000000
0.000000
0.000000
0.000000
0.000000
0.000000
0.000000
0.000000
0.000000
0.000000
0.000000
0.000000
0.000000
0.000000
0.009098
0.107095
0.175366
0.016302
0.288285
0.138690
0.219331
0.034277
0.008760
0.002153
0.000359
0.000018
0.000110
0.000069
0.000065
0.000000
0.000004
0.000001
0.000008
0.000000
0.000001
0.000004
0.000000
0.000000
0.000000
0.000000
0.000000
0.000000
0.000000
0.000000
0.000000
0.000000
0.000000
0.000000
0.000000
0.000000
0.000000
0.000000
0.000000
0.000000
0.000000
0.000000
0.000000
0.000000
0.837355
0.003479
0.030942
0.011870
0.020636
0.004418
0.015816
0.002850
0.035467
0.019494
0.000528
0.002993
0.000040
0.001274
0.006739
0.000355
0.004043
0.000137
0.000717
0.000401
0.000007
0.000340
0.000013
0.000018
0.000003
0.000042
0.000011
0.000001
0.000007
0.000000
0.000002
0.000001
0.000000
0.000000
0.000000
0.000000
0.000000
0.000000
0.000000
0.000000
0.000000
0.000000
0.000000
0.000000
0.984337
0.005423
0.000918
0.003996
0.000855
0.001923
0.000158
0.000001
0.000022
0.000000
0.000480
0.000543
0.000020
0.000706
0.000097
0.000305
0.000081
0.000008
0.000015
0.000007
0.000003
0.000006
0.000049
0.000004
0.000008
0.000002
0.000004
0.000008
0.000009
0.000003
0.000003
0.000004
0.000000
0.000000
0.000000
0.000000
0.000000
0.000000
0.000000
0.000000
0.000000
0.000000
0.000000
0.000000
0.982006
0.004852
0.000453
0.004357
0.000646
0.003399
0.001388
0.000105
0.000020
0.000588
0.000384
0.000322
0.000068
0.000302
0.000020
0.000611
0.000055
0.000072
0.000037
0.000054
0.000001
0.000019
0.000107
0.000020
0.000001
0.000031
0.000032
0.000004
0.000040
0.000000
0.000003
0.000000
0.000000
0.000000
0.000000
0.000000
0.000000
0.000000
0.000000
0.000000
0.000000
0.000000
0.000000
0.000000
0.888665
0.005707
0.014165
0.009652
0.018319
0.003195
0.004915
0.000606
0.032533
0.010478
0.000271
0.000861
0.001148
0.003693
0.003389
0.000054
0.001108
0.000076
0.000426
0.000051
0.000189
0.000008
0.000331
0.000020
0.000022
0.000109
0.000001
0.000000
0.000005
0.000000
0.000002
0.000001
0.000000
0.000000
0.000000
0.000000
0.000000
0.000000
0.000000
0.000000
0.000000
0.000000
0.000000
0.000000
0.981188
0.006791
0.000574
0.004082
0.000546
0.002361
0.000587
0.000060
0.000323
0.000018
0.000120
0.001643
0.000077
0.000353
0.000001
0.000563
0.000000
0.000026
0.000035
0.000147
0.000036
0.000095
0.000187
0.000063
0.000001
0.000081
0.000013
0.000004
0.000016
0.000004
0.000000
0.000001
0.000000
0.000000
0.000000
0.000000
0.000000
0.000000
0.000000
0.000000
0.000000
0.000000
0.000000
0.000000
0.193804
0.585278
0.140501
0.025561
0.005865
0.020235
0.027103
0.001002
0.000273
0.000241
0.000091
0.000000
0.000004
0.000019
0.000019
0.000002
0.000000
0.000001
0.000000
0.000000
0.000000
0.000000
0.000000
0.000000
0.000000
0.000000
0.000000
0.000000
0.000000
0.000000
0.000000
0.000000
0.000000
0.000000
0.000000
0.000000
0.000000
0.000000
0.000000
0.000000
0.000000
0.000000
0.000000
0.000000
0.049452
0.236575
0.196175
0.156792
0.000385
0.306925
0.049315
0.002012
0.000127
0.001845
0.000146
0.000003
0.000207
0.000034
0.000000
0.000000
0.000004
0.000001
0.000000
0.000000
0.000001
0.000000
0.000001
0.000000
0.000000
0.000000
0.000000
0.000000
0.000000
0.000000
0.000000
0.000000
0.000000
0.000000
0.000000
0.000000
0.000000
0.000000
0.000000
0.000000
0.000000
0.000000
0.000000
0.000000
0.979533
0.001825
0.000014
0.006412
0.003240
0.001483
0.000072
0.000032
0.000531
0.000000
0.000073
0.000830
0.000007
0.000359
0.000001
0.000253
0.002161
0.002217
0.000035
0.000027
0.000074
0.000634
0.000004
0.000073
0.000047
0.000037
0.000004
0.000020
0.000000
0.000001
0.000000
0.000000
0.000000
0.000000
0.000000
0.000000
0.000000
0.000000
0.000000
0.000000
0.000000
0.000000
0.000000
0.000000
0.955422
0.006671
0.000552
0.009784
0.000011
0.000023
0.000785
0.000516
0.014054
0.000333
0.001308
0.000029
0.002492
0.000001
0.003884
0.000530
0.001016
0.000142
0.001115
0.000028
0.000479
0.000017
0.000218
0.000582
0.000000
0.000000
0.000001
0.000000
0.000006
0.000001
0.000000
0.000000
0.000000
0.000000
0.000000
0.000000
0.000000
0.000000
0.000000
0.000000
0.000000
0.000000
0.000000
0.000000
0.634894
0.000554
0.034166
0.000645
0.023571
0.029159
0.054889
0.015113
0.018207
0.028090
0.040477
0.049722
0.008707
0.050244
0.000665
0.005665
0.000066
0.001451
0.002621
0.000813
0.000000
0.000014
0.000061
0.000084
0.000046
0.000018
0.000046
0.000006
0.000002
0.000005
0.000000
0.000000
0.000000
0.000000
0.000000
0.000000
0.000000
0.000000
0.000000
0.000000
0.000000
0.000000
0.000000
0.000000
0.938528
0.003472
0.000992
0.009856
0.001896
0.001124
0.004619
0.002467
0.008583
0.003420
0.003005
0.010671
0.001080
0.002801
0.001851
0.000362
0.000178
0.001555
0.000286
0.002919
0.000020
0.000073
0.000000
0.000156
0.000021
0.000028
0.000035
0.000002
0.000000
0.000001
0.000000
0.000000
0.000000
0.000000
0.000000
0.000000
0.000000
0.000000
0.000000
0.000000
0.000000
0.000000
0.000000
0.000000
0.962238
0.006780
0.000717
0.001342
0.003716
0.011633
0.003300
0.002107
0.000008
0.000017
0.000218
0.000053
0.002058
0.000097
0.000142
0.000016
0.002810
0.001695
0.000031
0.000000
0.000011
0.000334
0.000559
0.000028
0.000034
0.000025
0.000018
0.000006
0.000006
0.000000
0.000000
0.000000
0.000000
0.000000
0.000000
0.000000
0.000000
0.000000
0.000000
0.000000
0.000000
0.000000
0.000000
0.000000
0.979895
0.010249
0.000926
0.002864
0.000885
0.002425
0.000010
0.000004
0.000356
0.000002
0.000380
0.000166
0.000017
0.001195
0.000155
0.000224
0.000004
0.000001
0.000080
0.000013
0.000018
0.000045
0.000002
0.000004
0.000000
0.000014
0.000032
0.000008
0.000001
0.000023
0.000001
0.000002
0.000000
0.000000
0.000000
0.000000
0.000000
0.000000
0.000000
0.000000
0.000000
0.000000
0.000000
0.000000
0.942969
0.056428
0.000396
0.000063
0.000000
0.000003
0.000019
0.000002
0.000017
0.000073
0.000000
0.000022
0.000001
0.000006
0.000001
0.000001
0.000000
0.000000
0.000000
0.000000
0.000000
0.000000
0.000000
0.000000
0.000000
0.000000
0.000000
0.000000
0.000000
0.000000
0.000000
0.000000
0.000000
0.000000
0.000000
0.000000
0.000000
0.000000
0.000000
0.000000
0.000000
0.000000
0.000000
0.000000
0.145569
0.298175
0.001937
0.130818
0.062055
0.072999
0.064820
0.209466
0.002569
0.009334
0.000254
0.001438
0.000005
0.000333
0.000110
0.000019
0.000068
0.000027
0.000002
0.000001
0.000000
0.000000
0.000001
0.000001
0.000000
0.000000
0.000000
0.000000
0.000000
0.000000
0.000000
0.000000
0.000000
0.000000
0.000000
0.000000
0.000000
0.000000
0.000000
0.000000
0.000000
0.000000
0.000000
0.000000
0.902799
0.036205
0.000246
0.002333
0.000951
0.001908
0.002343
0.001938
0.012936
0.000330
0.003770
0.000113
0.002066
0.008955
0.004146
0.017535
0.000075
0.000160
0.000738
0.000049
0.000369
0.000000
0.000011
0.000001
0.000012
0.000009
0.000000
0.000000
0.000000
0.000000
0.000000
0.000000
0.000000
0.000000
0.000000
0.000000
0.000000
0.000000
0.000000
0.000000
0.000000
0.000000
0.000000
0.000000
0.002991
0.082083
0.311084
0.552694
0.011353
0.008950
0.002980
0.002593
0.011050
0.010679
0.000000
0.002276
0.000058
0.001013
0.000055
0.000106
0.000006
0.000014
0.000001
0.000000
0.000012
0.000000
0.000001
0.000001
0.000000
0.000000
0.000000
0.000000
0.000000
0.000000
0.000000
0.000000
0.000000
0.000000
0.000000
0.000000
0.000000
0.000000
0.000000
0.000000
0.000000
0.000000
0.000000
0.000000
0.109680
0.016926
0.274064
0.011696
0.034136
0.092945
0.048580
0.071398
0.083130
0.105848
0.017007
0.101282
0.025903
0.004662
0.000655
0.000001
0.001514
0.000069
0.000126
0.000008
0.000019
0.000184
0.000042
0.000088
0.000028
0.000003
0.000003
0.000000
0.000001
0.000001
0.000001
0.000000
0.000000
0.000000
0.000000
0.000000
0.000000
0.000000
0.000000
0.000000
0.000000
0.000000
0.000000
0.000000
0.892403
0.000127
0.000001
0.007309
0.003163
0.026661
0.000037
0.006001
0.005059
0.000866
0.007191
0.023663
0.011178
0.000080
0.009290
0.004582
0.000086
0.000055
0.001410
0.000383
0.000348
0.000010
0.000051
0.000008
0.000017
0.000011
0.000003
0.000005
0.000000
0.000000
0.000000
0.000000
0.000000
0.000000
0.000000
0.000000
0.000000
0.000000
0.000000
0.000000
0.000000
0.000000
0.000000
0.000000
0.240976
0.107000
0.212255
0.009408
0.048488
0.031851
0.059979
0.024760
0.151493
0.085420
0.001381
0.002728
0.000000
0.000397
0.009168
0.003526
0.004830
0.000229
0.003314
0.001274
0.000839
0.000366
0.000174
0.000084
0.000018
0.000037
0.000001
0.000002
0.000001
0.000000
0.000000
0.000000
0.000000
0.000000
0.000000
0.000000
0.000000
0.000000
0.000000
0.000000
0.000000
0.000000
0.000000
0.000000
0.463149
0.132481
0.009615
0.034923
0.000477
0.007941
0.002182
0.064809
0.015267
0.135757
0.033554
0.040896
0.042580
0.000479
0.014153
0.000187
0.000699
0.000158
0.000028
0.000089
0.000005
0.000276
0.000275
0.000005
0.000009
0.000001
0.000000
0.000002
0.000001
0.000000
0.000000
0.000000
0.000000
0.000000
0.000000
0.000000
0.000000
0.000000
0.000000
0.000000
0.000000
0.000000
0.000000
0.000000
0.439183
0.148583
0.014416
0.275305
0.026785
0.000230
0.003180
0.078272
0.004045
0.006556
0.000057
0.001294
0.000502
0.000643
0.000105
0.000364
0.000222
0.000044
0.000138
0.000003
0.000005
0.000054
0.000001
0.000012
0.000001
0.000000
0.000001
0.000000
0.000000
0.000000
0.000000
0.000000
0.000000
0.000000
0.000000
0.000000
0.000000
0.000000
0.000000
0.000000
0.000000
0.000000
0.000000
0.000000
0.920415
0.024056
0.002459
0.000803
0.012555
0.005505
0.000031
0.015068
0.000088
0.004920
0.002526
0.000385
0.002976
0.000379
0.000749
0.001218
0.000737
0.000053
0.004484
0.000008
0.000033
0.000262
0.000003
0.000179
0.000071
0.000039
0.000000
0.000001
0.000000
0.000000
0.000000
0.000000
0.000000
0.000000
0.000000
0.000000
0.000000
0.000000
0.000000
0.000000
0.000000
0.000000
0.000000
0.000000
0.280241
0.216045
0.006533
0.353463
0.023457
0.000702
0.003025
0.073030
0.006915
0.023914
0.004520
0.001575
0.005198
0.000126
0.000004
0.000411
0.000058
0.000005
0.000672
0.000001
0.000027
0.000048
0.000010
0.000016
0.000002
0.000001
0.000001
0.000000
0.000000
0.000000
0.000000
0.000000
0.000000
0.000000
0.000000
0.000000
0.000000
0.000000
0.000000
0.000000
0.000000
0.000000
0.000000
0.000000
0.979239
0.010258
0.000990
0.002237
0.000122
0.002393
0.000061
0.000011
0.001039
0.000001
0.002490
0.000204
0.000063
0.000129
0.000029
0.000364
0.000016
0.000029
0.000062
0.000071
0.000013
0.000055
0.000001
0.000047
0.000008
0.000001
0.000000
0.000050
0.000000
0.000016
0.000003
0.000000
0.000000
0.000000
0.000000
0.000000
0.000000
0.000000
0.000000
0.000000
0.000000
0.000000
0.000000
0.000000
0.924325
0.020638
0.001180
0.015114
0.000003
0.001415
0.000000
0.000105
0.011414
0.000102
0.016611
0.000786
0.000020
0.000083
0.001523
0.002294
0.000329
0.000421
0.000006
0.000877
0.002558
0.000013
0.000027
0.000126
0.000016
0.000000
0.000014
0.000000
0.000000
0.000000
0.000000
0.000000
0.000000
0.000000
0.000000
0.000000
0.000000
0.000000
0.000000
0.000000
0.000000
0.000000
0.000000
0.000000
0.939890
0.024188
0.000028
0.000747
0.000054
0.000313
0.001099
0.000017
0.012958
0.003336
0.011780
0.000038
0.000273
0.002863
0.000101
0.000166
0.000258
0.000183
0.000347
0.000508
0.000009
0.000000
0.000276
0.000083
0.000438
0.000014
0.000026
0.000000
0.000009
0.000000
0.000000
0.000000
0.000000
0.000000
0.000000
0.000000
0.000000
0.000000
0.000000
0.000000
0.000000
0.000000
0.000000
0.000000
0.361755
0.067914
0.128537
0.000849
0.340802
0.045431
0.022343
0.014233
0.005531
0.004942
0.001448
0.004121
0.000521
0.000988
0.000332
0.000144
0.000000
0.000052
0.000020
0.000001
0.000001
0.000021
0.000003
0.000007
0.000000
0.000000
0.000000
0.000000
0.000002
0.000000
0.000000
0.000000
0.000000
0.000000
0.000000
0.000000
0.000000
0.000000
0.000000
0.000000
0.000000
0.000000
0.000000
0.000000
0.984403
0.003269
0.000214
0.004828
0.001517
0.002056
0.000261
0.000008
0.000024
0.000077
0.000698
0.000951
0.000079
0.000625
0.000015
0.000272
0.000333
0.000008
0.000000
0.000069
0.000046
0.000006
0.000094
0.000028
0.000002
0.000028
0.000049
0.000029
0.000007
0.000001
0.000001
0.000002
0.000000
0.000000
0.000000
0.000000
0.000000
0.000000
0.000000
0.000000
0.000000
0.000000
0.000000
0.000000
0.779840
0.008684
0.000688
0.043520
0.001395
0.000003
0.000361
0.001427
0.037643
0.000272
0.078885
0.012120
0.016279
0.016644
0.000877
0.000000
0.000005
0.000917
0.000241
0.000004
0.000062
0.000042
0.000046
0.000020
0.000009
0.000001
0.000003
0.000003
0.000012
0.000000
0.000001
0.000000
0.000000
0.000000
0.000000
0.000000
0.000000
0.000000
0.000000
0.000000
0.000000
0.000000
0.000000
0.000000
0.838115
0.042132
0.007547
0.009013
0.034425
0.000786
0.000486
0.006665
0.023326
0.003406
0.021259
0.000104
0.003397
0.000713
0.001064
0.000010
0.000952
0.004223
0.000252
0.001526
0.000028
0.000376
0.000002
0.000002
0.000174
0.000003
0.000003
0.000006
0.000003
0.000000
0.000001
0.000000
0.000000
0.000000
0.000000
0.000000
0.000000
0.000000
0.000000
0.000000
0.000000
0.000000
0.000000
0.000000
0.450520
0.030417
0.049740
0.001394
0.310513
0.009918
0.003834
0.016958
0.095999
0.013233
0.000350
0.009999
0.000379
0.000100
0.006078
0.000050
0.000001
0.000393
0.000045
0.000000
0.000062
0.000008
0.000000
0.000000
0.000000
0.000000
0.000002
0.000001
0.000005
0.000000
0.000000
0.000000
0.000000
0.000000
0.000000
0.000000
0.000000
0.000000
0.000000
0.000000
0.000000
0.000000
0.000000
0.000000
0.581042
0.182399
0.005808
0.001612
0.007784
0.000823
0.019749
0.000007
0.134791
0.000826
0.021778
0.006303
0.019430
0.004551
0.002387
0.003804
0.000577
0.002191
0.000226
0.001365
0.002042
0.000277
0.000098
0.000003
0.000085
0.000002
0.000006
0.000007
0.000023
0.000003
0.000001
0.000000
0.000000
0.000000
0.000000
0.000000
0.000000
0.000000
0.000000
0.000000
0.000000
0.000000
0.000000
0.000000
0.973497
0.009841
0.000897
0.004170
0.000061
0.000428
0.000090
0.000354
0.005245
0.000105
0.003385
0.000152
0.000030
0.000159
0.000011
0.000023
0.000000
0.000912
0.000006
0.000107
0.000004
0.000032
0.000130
0.000011
0.000048
0.000167
0.000126
0.000002
0.000005
0.000000
0.000000
0.000000
0.000000
0.000000
0.000000
0.000000
0.000000
0.000000
0.000000
0.000000
0.000000
0.000000
0.000000
0.000000
0.004254
0.000025
0.013131
0.000964
0.003890
0.000047
0.001317
0.000156
0.000974
0.000394
0.001575
0.017062
0.005017
0.000523
0.001392
0.002387
0.001606
0.025694
0.015530
0.012880
0.012416
0.003732
0.000710
0.000678
0.002260
0.021801
0.012914
0.003087
0.033414
0.001909
0.000034
0.000192
0.000008
0.008383
0.093445
5.470267
0.734076
3.827300
0.149022
0.036579
0.058021
0.332878
0.883996
1.214375
0.004254
0.000025
0.013131
0.000964
0.003890
0.000047
0.001317
0.000156
0.000974
0.000394
0.001575
0.017062
0.005017
0.000523
0.001392
0.002387
0.001606
0.025694
0.015530
0.012880
0.012416
0.003732
0.000710
0.000678
0.002260
0.021801
0.012914
0.003087
0.033414
0.001909
0.000034
0.000192
0.000008
0.008383
0.093445
5.470267
0.734076
0.029122
3.616553
0.164825
0.006696
1.353007
1.238177
0.093792
0.004254
0.000025
0.013131
0.000964
0.003890
0.000047
0.001317
0.000156
0.000974
0.000394
0.001575
0.017062
0.005017
0.000523
0.001392
0.002387
0.001606
0.025694
0.015530
0.012880
0.012416
0.003732
0.000710
0.000678
0.002260
0.021801
0.012914
0.003087
0.033414
0.001909
0.000034
0.000192
0.000008
0.008383
0.093445
5.470267
0.734076
0.371597
0.849423
0.087413
0.990357
1.181044
0.754986
2.267351
0.004254
0.000025
0.013131
0.000964
0.003890
0.000047
0.001317
0.000156
0.000974
0.000394
0.001575
0.017062
0.005017
0.000523
0.001392
0.002387
0.001606
0.025694
0.015530
0.012880
0.012416
0.003732
0.000710
0.000678
0.002260
0.021801
0.012914
0.003087
0.033414
0.001909
0.000034
0.000192
0.000008
0.008383
0.093445
5.470267
0.734076
0.510557
0.409139
0.407933
1.737351
0.187224
0.277022
2.972946
0.004254
0.000025
0.013131
0.000964
0.003890
0.000047
0.001317
0.000156
0.000974
0.000394
0.001575
0.017062
0.005017
0.000523
0.001392
0.002387
0.001606
0.025694
0.015530
0.012880
0.012416
0.003732
0.000710
0.000678
0.002260
0.021801
0.012914
0.003087
0.033414
0.001909
0.000034
0.000192
0.000008
0.008383
0.093445
5.470267
0.734076
0.483320
0.540686
3.945999
0.351105
0.748790
0.198130
0.234140
0.004254
0.000025
0.013131
0.000964
0.003890
0.000047
0.001317
0.000156
0.000974
0.000394
0.001575
0.017062
0.005017
0.000523
0.001392
0.002387
0.001606
0.025694
0.015530
0.012880
0.012416
0.003732
0.000710
0.000678
0.002260
0.021801
0.012914
0.003087
0.033414
0.001909
0.000034
0.000192
0.000008
0.008383
0.093445
5.470267
0.734076
0.095631
0.004894
1.241722
0.903519
3.394819
0.339893
0.521693
0.004254
0.000025
0.013131
0.000964
0.003890
0.000047
0.001317
0.000156
0.000974
0.000394
0.001575
0.017062
0.005017
0.000523
0.001392
0.002387
0.001606
0.025694
0.015530
0.012880
0.012416
0.003732
0.000710
0.000678
0.002260
0.021801
0.012914
0.003087
0.033414
0.001909
0.000034
0.000192
0.000008
0.008383
0.093445
5.470267
0.734076
0.147797
1.860562
0.001150
2.541017
0.019551
1.913395
0.018698
0.004254
0.000025
0.013131
0.000964
0.003890
0.000047
0.001317
0.000156
0.000974
0.000394
0.001575
0.017062
0.005017
0.000523
0.001392
0.002387
0.001606
0.025694
0.015530
0.012880
0.012416
0.003732
0.000710
0.000678
0.002260
0.021801
0.012914
0.003087
0.033414
0.001909
0.000034
0.000192
0.000008
0.008383
0.093445
5.470267
0.734076
1.965729
0.000773
1.545432
0.842986
0.213739
1.825453
0.108058
