0.020021
0.033620
0.000004
0.070941
0.011897
0.001026
0.005374
0.093999
0.003362
0.080678
0.063622
0.004260
0.059384
0.000409
0.000005
0.114910
0.014855
0.004489
0.090366
0.010005
0.000758
0.000923
0.000491
0.002930
0.006212
0.000175
0.008551
0.090024
0.126489
0.041077
0.028380
0.008054
0.001923
0.000379
0.000146
0.000258
0.000000
0.000000
0.000000
0.000000
0.000000
0.000000
0.000000
0.000000
0.019944
0.006193
0.073188
0.000628
0.432398
0.020260
0.000002
0.040672
0.331772
0.001009
0.000299
0.000078
0.002193
0.010070
0.010261
0.001943
0.000000
0.010012
0.000010
0.015880
0.001568
0.000815
0.000127
0.006961
0.002497
0.000245
0.000000
0.000868
0.007450
0.000566
0.000028
0.000979
0.001019
0.000007
0.000003
0.000025
0.000007
0.000007
0.000000
0.000003
0.000005
0.000000
0.000000
0.000004
0.026872
0.005527
0.029987
0.022873
0.000039
0.000436
0.000565
0.007325
0.000398
0.000142
0.013232
0.003012
0.001498
0.000148
0.001648
0.016532
0.000049
0.038310
0.000698
0.179217
0.040929
0.016804
0.091603
0.010777
0.000525
0.003277
0.046951
0.000310
0.023955
0.037157
0.000630
0.343526
0.001014
0.011035
0.007638
0.000972
0.000696
0.001163
0.002217
0.001104
0.008478
0.000555
0.000000
0.000178
0.026089
0.014017
0.007354
0.000581
0.000861
0.001259
0.008063
0.012368
0.007922
0.003096
0.003085
0.000029
0.000890
0.003853
0.017105
0.001841
0.000337
0.003408
0.016780
0.006769
0.001885
0.007707
0.009300
0.055495
0.021064
0.008663
0.017070
0.003965
0.000087
0.006248
0.002987
0.000772
0.003841
0.001591
0.003428
0.010073
0.026631
0.067235
0.000708
0.261535
0.003649
0.309019
0.038482
0.002858
0.028054
0.001718
0.010251
0.009211
0.000995
0.000219
0.029565
0.003257
0.037529
0.006792
0.009531
0.018273
0.045031
0.000000
0.069468
0.004553
0.093366
0.251108
0.034562
0.016520
0.028467
0.019166
0.002209
0.001897
0.001571
0.004119
0.027247
0.063511
0.011223
0.005503
0.125030
0.008401
0.023649
0.000002
0.000165
0.004914
0.000689
0.000966
0.000034
0.000564
0.000370
0.000000
0.000024
0.000278
0.027917
0.005164
0.003997
0.000185
0.001453
0.000169
0.006594
0.000004
0.024450
0.000779
0.025800
0.037869
0.038393
0.024261
0.007760
0.005057
0.000003
0.004021
0.039832
0.152456
0.000577
0.097903
0.045179
0.004517
0.006413
0.000077
0.104331
0.018280
0.042421
0.001062
0.039395
0.000054
0.009109
0.134713
0.004121
0.034473
0.006893
0.000282
0.004337
0.000638
0.019846
0.016940
0.000885
0.001393
0.024689
0.019791
0.013874
0.000141
0.000537
0.000158
0.015606
0.021071
0.007383
0.004061
0.001781
0.002158
0.000326
0.000561
0.051905
0.002737
0.000001
0.010584
0.050243
0.000114
0.017016
0.032016
0.005188
0.120220
0.050097
0.007291
0.023512
0.016156
0.007529
0.025478
0.001409
0.000674
0.001954
0.006672
0.026545
0.003381
0.011009
0.035176
0.051499
0.073230
0.022192
0.147572
0.005398
0.081065
0.025696
0.015437
0.000443
0.015013
0.000072
0.000538
0.000417
0.015021
0.001277
0.008732
0.000804
0.000359
0.014171
0.019322
0.006196
0.007861
0.039534
0.010187
0.001674
0.074175
0.135572
0.009760
0.032488
0.003812
0.004674
0.029025
0.056336
0.015841
0.016213
0.098085
0.001838
0.030195
0.005197
0.195330
0.067735
0.011484
0.003441
0.000369
0.002647
0.000027
0.013244
0.008926
0.000739
0.000094
0.023567
0.021144
0.000103
0.033889
0.007874
0.013889
0.016190
0.055467
0.000996
0.020545
0.009475
0.000317
0.002000
0.000315
0.042771
0.050747
0.040173
0.042599
0.005119
0.046550
0.027707
0.060170
0.025956
0.113955
0.008112
0.056057
0.007604
0.004585
0.191743
0.000000
0.000974
0.013741
0.011464
0.002724
0.018369
0.010708
0.000498
0.000306
0.000411
0.000149
0.001646
0.000393
0.000564
0.008430
0.009543
0.086585
0.025942
0.002107
0.012574
0.111201
0.049687
0.002072
0.000657
0.007740
0.000337
0.000317
0.004118
0.009130
0.009802
0.006694
0.010633
0.015073
0.002336
0.007701
0.057473
0.000504
0.007776
0.014313
0.018921
0.082807
0.001455
0.002355
0.014541
0.031077
0.022106
0.010428
0.009308
0.004928
0.138378
0.055001
0.038394
0.044469
0.000127
0.023152
0.038800
0.002474
0.000265
0.006697
0.011270
0.073972
0.029937
0.002577
0.012310
0.143878
0.095425
0.000341
0.007364
0.002646
0.017254
0.039620
0.020090
0.062067
0.005986
0.000142
0.009430
0.000136
0.054815
0.001668
0.060232
0.004869
0.012267
0.021193
0.087033
0.099210
0.000658
0.000285
0.011696
0.020113
0.005992
0.004548
0.014475
0.052166
0.006386
0.004456
0.000053
0.000075
0.000211
0.000050
0.000570
0.000222
0.000203
0.002110
0.027111
0.001420
0.003862
0.053088
0.007735
0.004252
0.003807
0.000303
0.054559
0.007168
0.123336
0.049650
0.350321
0.000932
0.013033
0.000666
0.031156
0.000596
0.013065
0.000468
0.004614
0.048811
0.007936
0.000631
0.021672
0.003640
0.000540
0.002267
0.000181
0.015658
0.049681
0.003059
0.004238
0.047785
0.000283
0.000100
0.002015
0.024713
0.007811
0.000000
0.006609
0.000097
0.000059
0.001070
0.027856
0.005969
0.001524
0.001232
0.001458
0.000196
0.005950
0.009195
0.011345
0.000844
0.008556
0.000858
0.006845
0.001879
0.013457
0.001609
0.000290
0.003405
0.005929
0.011108
0.001599
0.001669
0.000944
0.027667
0.007699
0.003081
0.007101
0.003324
0.000024
0.003270
0.000031
0.000488
0.001130
0.005472
0.003709
0.005219
0.007487
0.446901
0.000284
0.073956
0.175920
0.015325
0.021359
0.066834
0.028729
0.000189
0.003778
0.005162
0.002341
0.000002
0.024175
0.000260
0.001990
0.000218
0.003120
0.058238
0.001831
0.057480
0.117994
0.025192
0.000405
0.032075
0.016472
0.002589
0.000722
0.024732
0.000052
0.254169
0.005654
0.001611
0.008951
0.047094
0.120054
0.056313
0.006927
0.001652
0.000985
0.000044
0.009256
0.036213
0.003393
0.004323
0.001040
0.023623
0.000727
0.009886
0.000083
0.000257
0.022206
0.019592
0.003584
0.000548
0.138980
0.013612
0.041445
0.031730
0.189739
0.037229
0.226414
0.002597
0.014356
0.122201
0.011806
0.015058
0.001095
0.007823
0.006151
0.049437
0.001664
0.000080
0.014333
0.000600
0.013772
0.001453
0.001449
0.000348
0.002870
0.003112
0.000250
0.000390
0.000190
0.001408
0.000985
0.000630
0.000345
0.000122
0.000003
0.000001
0.000259
0.000000
0.000004
0.000130
0.017707
0.026317
0.115568
0.143843
0.006651
0.011422
0.000010
0.006053
0.043186
0.001717
0.001357
0.005247
0.015028
0.013358
0.021347
0.012460
0.025600
0.000347
0.010720
0.064904
0.027795
0.000591
0.030576
0.047248
0.000336
0.003562
0.005390
0.038668
0.024009
0.019635
0.000289
0.047169
0.002919
0.004430
0.098281
0.051193
0.000960
0.000000
0.001513
0.000279
0.011415
0.004457
0.002593
0.033851
0.026375
0.013421
0.000387
0.000457
0.000381
0.000380
0.000039
0.002164
0.007138
0.039729
0.005026
0.042780
0.012561
0.065896
0.005705
0.024128
0.020350
0.001407
0.003373
0.001548
0.018929
0.012490
0.003588
0.034015
0.006839
0.000319
0.043141
0.028763
0.003762
0.128220
0.070882
0.045407
0.017949
0.034505
0.006022
0.001690
0.005707
0.070333
0.002330
0.122087
0.015147
0.049584
0.000013
0.005037
0.027957
0.005208
0.000024
0.001269
0.003963
0.000831
0.003363
0.000361
0.001876
0.001631
0.088971
0.026189
0.005051
0.035426
0.145149
0.000468
0.000978
0.014713
0.017628
0.006734
0.027787
0.064149
0.049283
0.008716
0.000178
0.000095
0.023914
0.011544
0.003412
0.075776
0.167458
0.000219
0.146361
0.014261
0.000223
0.005600
0.000171
0.001868
0.000118
0.006580
0.000213
0.003879
0.000058
0.000352
0.022094
0.031319
0.000000
0.027167
0.003583
0.004345
0.000022
0.000219
0.007189
0.003345
0.017296
0.005274
0.051549
0.085330
0.111439
0.371469
0.004506
0.018842
0.048712
0.002965
0.006935
0.000446
0.040777
0.024420
0.012824
0.006738
0.000082
0.019024
0.003230
0.052459
0.004824
0.002919
0.003904
0.002102
0.000016
0.000081
0.000017
0.000612
0.000049
0.001257
0.000037
0.000456
0.000001
0.000127
0.023858
0.021789
0.000524
0.036993
0.002910
0.003755
0.000144
0.019698
0.002078
0.000571
0.003135
0.006731
0.014363
0.003917
0.000184
0.000439
0.000043
0.043757
0.033349
0.014997
0.113709
0.017072
0.023628
0.004173
0.117960
0.057030
0.022397
0.154178
0.024180
0.074165
0.010355
0.024990
0.000013
0.000008
0.028921
0.029211
0.004814
0.010815
0.002035
0.012328
0.000559
0.000691
0.001675
0.031857
0.024515
0.021049
0.000170
0.017549
0.000185
0.000062
0.001497
0.012793
0.004693
0.009539
0.010312
0.003581
0.002065
0.004646
0.006190
0.019037
0.001462
0.005585
0.057059
0.024305
0.001701
0.124298
0.000287
0.009341
0.251090
0.010242
0.000001
0.004271
0.002812
0.026167
0.074505
0.000458
0.001694
0.206862
0.026416
0.002010
0.008199
0.008054
0.000013
0.004431
0.005160
0.001030
0.000129
0.004536
0.027685
0.007685
0.000018
0.000013
0.000362
0.000092
0.002161
0.000010
0.000742
0.008371
0.000807
0.000001
0.002647
0.006004
0.008860
0.006247
0.003844
0.001757
0.000492
0.000062
0.008828
0.000215
0.004443
0.035538
0.000097
0.001042
0.004306
0.001768
0.010401
0.000083
0.031241
0.003089
0.000668
0.004392
0.125235
0.021584
0.078889
0.065939
0.083659
0.242888
0.008415
0.143145
0.009533
0.036743
0.009513
0.073648
0.041322
0.001651
0.131398
0.155012
0.063777
0.053712
0.011865
0.001127
0.001013
0.060119
0.004412
0.093897
0.008184
0.000171
0.009520
0.041903
0.000310
0.003438
0.011817
0.041528
0.013803
0.008563
0.000012
0.002833
0.013891
0.023578
0.020224
0.001381
0.035968
0.015077
0.038920
0.002472
0.000198
0.002892
0.000207
0.000136
0.000012
0.000051
0.000030
0.000009
0.000020
0.000384
0.029191
0.000008
0.000402
0.000457
0.000156
0.000010
0.004190
0.002731
0.005231
0.000681
0.001500
0.000290
0.000511
0.000132
0.011833
0.000199
0.000367
0.000175
0.001084
0.003084
0.004366
0.000890
0.002319
0.000035
0.002884
0.000261
0.000283
0.000169
0.001979
0.001316
0.007283
0.000177
0.000775
0.005225
0.017226
0.001618
0.023303
0.000242
0.583534
0.025170
0.003848
0.032114
0.181566
0.041187
0.029044
0.000821
0.000485
0.001377
0.000050
0.000247
0.000549
0.000172
0.003414
0.002494
0.001100
0.000427
0.000613
0.001372
0.007681
0.001762
0.001558
0.000000
0.000094
0.002910
0.001990
0.005342
0.000006
0.017501
0.000101
0.004906
0.000507
0.000504
0.000011
0.000008
0.004707
0.003053
0.000072
0.011597
0.007674
0.327396
0.026373
0.025109
0.016929
0.017237
0.046084
0.014833
0.027252
0.384639
0.027870
0.000938
0.030543
0.004400
0.000463
0.024648
0.002048
0.000956
0.003706
0.002287
0.023370
0.076054
0.013390
0.002802
0.017330
0.015569
0.009842
0.096937
0.054217
0.006966
0.022841
0.001811
0.223265
0.004960
0.017218
0.043263
0.041165
0.021611
0.001182
0.002571
0.000049
0.013935
0.070417
0.002143
0.004939
0.001864
0.017706
0.027691
0.001148
0.000231
0.032108
0.017232
0.009301
0.007015
0.024560
0.000312
0.028264
0.137073
0.004715
0.016006
0.047238
0.016210
0.019062
0.110320
0.040879
0.046529
0.000819
0.013369
0.058040
0.108862
0.032286
0.000023
0.007498
0.006570
0.016395
0.021868
0.003976
0.003157
0.008214
0.001603
0.004141
0.000001
0.003728
0.005669
0.010138
0.168562
0.000054
0.002354
0.000899
0.003143
0.006428
0.007850
0.000070
0.000855
0.007371
0.000885
0.000603
0.003399
0.024975
0.011140
0.018053
0.009082
0.010419
0.007525
0.025412
0.048589
0.054332
0.343740
0.031436
0.005285
0.020231
0.079902
0.015290
0.001184
0.155179
0.001527
0.007495
0.024651
0.004125
0.005222
0.004694
0.000012
0.000808
0.007713
0.039283
0.006110
0.017021
0.014389
0.004282
0.000071
0.000019
0.000012
0.000104
0.000169
0.000122
0.000099
0.000004
0.000056
0.000025
0.000009
0.000014
0.000191
0.027268
0.000525
0.024197
0.000848
0.053463
0.006213
0.071830
0.011389
0.010788
0.003626
0.016842
0.014059
0.008521
0.019744
0.016049
0.001290
0.002828
0.046064
0.003857
0.000658
0.034510
0.052682
0.050014
0.004837
0.007794
0.042603
0.033122
0.096994
0.008661
0.031700
0.043691
0.028498
0.000004
0.024677
0.003900
0.012619
0.007024
0.020473
0.006882
0.002564
0.068426
0.036469
0.036210
0.005587
0.008862
0.089804
0.057592
0.000301
0.020782
0.004388
0.002334
0.058477
0.056796
0.042474
0.060417
0.012021
0.096847
0.018726
0.025886
0.040701
0.099093
0.001042
0.034792
0.003700
0.086437
0.000363
0.031746
0.000236
0.009598
0.059974
0.002744
0.000001
0.038006
0.009510
0.005384
0.003284
0.000011
0.007850
0.002878
0.000190
0.000090
0.000485
0.000237
0.000294
0.001744
0.002223
0.001527
0.000155
0.010133
0.083300
0.003415
0.002657
0.006792
0.034068
0.240545
0.000191
0.000152
0.006416
0.119634
0.063139
0.004315
0.008750
0.002602
0.030796
0.000862
0.048114
0.001703
0.010365
0.057596
0.013241
0.059927
0.001956
0.015983
0.000091
0.004447
0.000012
0.015618
0.101845
0.012536
0.000137
0.017062
0.013354
0.001391
0.003099
0.000016
0.000042
0.000148
0.000332
0.000367
0.001580
0.000938
0.000332
0.026547
0.003555
0.002223
0.039803
0.022665
0.000430
0.001996
0.047620
0.007482
0.165124
0.042268
0.234496
0.024280
0.039759
0.003136
0.016933
0.000927
0.070502
0.000205
0.105938
0.003970
0.000704
0.006634
0.051012
0.000604
0.007128
0.006164
0.003818
0.044124
0.004515
0.000174
0.010558
0.003544
0.000961
0.000019
0.000141
0.000006
0.000005
0.000000
0.000006
0.000012
0.000015
0.000001
0.000001
0.016116
0.059182
0.030290
0.011654
0.000347
0.000046
0.010080
0.003398
0.021847
0.021349
0.001147
0.027887
0.037653
0.044031
0.091142
0.031662
0.032395
0.013949
0.004866
0.006217
0.042723
0.015276
0.034586
0.001006
0.001439
0.000269
0.100581
0.024045
0.026222
0.010311
0.056448
0.015712
0.142357
0.039687
0.002696
0.000305
0.003777
0.004819
0.000000
0.000157
0.001788
0.003312
0.000437
0.006788
0.028380
0.000025
0.012052
0.002733
0.013788
0.015549
0.024495
0.006810
0.000015
0.001288
0.000245
0.010978
0.019763
0.008620
0.005308
0.002918
0.005197
0.042074
0.000497
0.000277
0.001705
0.015292
0.000230
0.000575
0.000027
0.003251
0.012196
0.007706
0.000132
0.004820
0.019681
0.000137
0.004577
0.001488
0.119396
0.058944
0.075083
0.053307
0.003234
0.020244
0.227824
0.137817
0.010306
0.021019
0.010310
0.051054
0.153914
0.159568
0.001214
0.133833
0.013326
0.005917
0.008959
0.005694
0.000092
0.010028
0.006964
0.000732
0.002780
0.000014
0.002730
0.000011
0.082913
0.000137
0.019870
0.012822
0.004327
0.010008
0.000236
0.170939
0.008247
0.036817
0.055969
0.000362
0.015605
0.000029
0.001687
0.010070
0.001440
0.000078
0.000350
0.000285
0.000001
0.000120
0.000364
0.000054
0.000017
0.000110
0.020812
0.038380
0.005472
0.009836
0.001776
0.026388
0.000150
0.002496
0.000028
0.000285
0.014991
0.017093
0.000113
0.093074
0.021239
0.002937
0.258294
0.006774
0.016620
0.009172
0.000173
0.172708
0.011025
0.001768
0.007883
0.000813
0.013795
0.067006
0.002793
0.000516
0.000065
0.000058
0.094434
0.012335
0.020634
0.006791
0.013792
0.007253
0.000406
0.003341
0.006571
0.001470
0.003350
0.005090
0.022020
0.032653
0.021624
0.000046
0.003076
0.002741
0.002113
0.000000
0.002266
0.017369
0.000936
0.037855
0.031902
0.000587
0.001479
0.003306
0.017370
0.005501
0.081867
0.068345
0.001455
0.065310
0.009307
0.000964
0.082366
0.000616
0.088036
0.000665
0.001454
0.008816
0.056215
0.014786
0.118238
0.008388
0.004754
0.037946
0.118226
0.001510
0.004312
0.014006
0.000219
0.003072
0.005861
0.000419
0.024775
0.000780
0.114614
0.056639
0.001573
0.011001
0.014411
0.005515
0.017446
0.011124
0.004262
0.061941
0.002688
0.003506
0.005798
0.028946
0.002303
0.001245
0.010079
0.002783
0.006521
0.001617
0.004666
0.026497
0.047021
0.000535
0.001225
0.068130
0.012091
0.000441
0.007743
0.011124
0.000075
0.087730
0.160811
0.033346
0.025314
0.001723
0.011843
0.001331
0.008446
0.007766
0.000394
0.092180
0.028903
0.001246
0.000153
0.001239
0.000242
0.000149
0.008695
0.000353
0.000518
0.000982
0.000968
0.009964
0.000048
0.001056
0.012711
0.003442
0.026414
0.037826
0.032848
0.018527
0.047754
0.003182
0.023870
0.008032
0.070991
0.065414
0.209764
0.028699
0.002348
0.059081
0.002188
0.018967
0.164370
0.018179
0.005922
0.017371
0.032084
0.003450
0.004961
0.001500
0.004382
0.000461
0.001297
0.019451
0.027757
0.002701
0.010707
0.007484
0.003277
0.034230
0.023452
0.000002
0.000136
0.003314
0.000537
0.001245
0.000725
0.008291
0.002452
0.000269
0.016675
0.000470
0.011927
0.010532
0.007166
0.004767
0.048775
0.034985
0.077721
0.000014
0.000485
0.004378
0.030042
0.001655
0.061201
0.139897
0.063092
0.000240
0.032916
0.167948
0.111645
0.004694
0.000840
0.014882
0.003180
0.000456
0.009202
0.013632
0.019735
0.023463
0.003669
0.032868
0.056126
0.056701
0.102318
0.382395
0.023749
0.007056
0.004232
0.000397
0.050939
0.020580
0.003745
0.018531
0.008746
0.061694
0.008422
0.008485
0.000037
0.014128
0.017994
0.002707
0.000769
0.001491
0.000071
0.000047
0.024789
0.019276
0.008803
0.000000
0.012281
0.002682
0.000024
0.000305
0.000012
0.000158
0.000041
0.000012
0.000036
0.000003
0.000000
0.000482
0.028532
0.002629
0.002942
0.001443
0.000359
0.007774
0.002625
0.001042
0.000396
0.000018
0.000315
0.000454
0.002760
0.002489
0.000137
0.000048
0.016206
0.002946
0.033361
0.010299
0.001567
0.002830
0.019266
0.000704
0.001241
0.005902
0.000126
0.000101
0.000519
0.000369
0.001470
0.002320
0.004217
0.002885
0.014061
0.015774
0.242519
0.033104
0.141816
0.036671
0.245164
0.004703
0.067889
0.038008
0.006161
0.084965
0.113544
0.071347
0.015374
0.130668
0.021145
0.015103
0.003984
0.006546
0.000109
0.000560
0.007557
0.005111
0.007527
0.000017
0.002401
0.000018
0.086487
0.001345
0.040399
0.000514
0.013862
0.017191
0.001051
0.195784
0.006210
0.082106
0.044764
0.000127
0.000543
0.001779
0.000791
0.014452
0.000254
0.000004
0.000037
0.000051
0.000000
0.000021
0.000052
0.000003
0.000000
0.000037
0.028781
0.001747
0.000005
0.002026
0.002386
0.000393
0.007173
0.002536
0.000186
0.000103
0.000155
0.001740
0.000235
0.006267
0.001578
0.000651
0.000698
0.000973
0.009474
0.005426
0.000117
0.002715
0.007277
0.000707
0.000799
0.004837
0.002532
0.000075
0.000043
0.000098
0.000614
0.000628
0.000000
0.000399
0.025601
0.018779
0.095580
0.023788
0.062537
0.013038
0.008699
0.020864
0.561749
0.075994
