22.609849
8.994463
0.550275
-0.629454
0.331939
-0.420686
0.104709
0.060440
0.500410
0.375476
-0.096248
-0.207453
-0.213004
0.329012
-0.017859
0.092544
0.130678
-0.084780
-0.002641
-0.000345
-0.002473
-0.001549
0.000525
-0.000377
0.000000
0.000000
0.000000
-0.000000
0.000000
0.000000
0.000000
0.000000
0.000000
0.000000
-0.000000
0.000000
-0.000000
0.000000
0.000000
-0.000000
-0.000000
-0.000000
-0.000000
0.000000
8.658768
5.481649
0.557929
2.217198
-3.987453
1.095663
-0.799351
0.080872
-0.322975
-0.759228
0.166749
0.356072
0.205691
-0.359338
0.009532
-0.082853
-0.139462
0.091619
0.004374
0.000820
0.003158
0.001765
-0.000706
0.000477
-0.000000
-0.000000
-0.000000
0.000000
0.000000
0.000000
0.000000
0.000000
0.000000
0.000000
-0.000000
-0.000000
-0.000000
0.000000
0.000000
0.000000
-0.000000
-0.000000
0.000000
0.000000
-3.282756
2.442052
1.159633
-0.398779
-0.572150
-0.516837
-0.062063
0.057681
0.000150
1.856629
-0.116509
-0.622780
-0.241260
-0.291974
0.059967
-0.203149
-0.210646
0.097088
-0.012107
0.017578
0.003311
0.005504
-0.000789
0.000703
0.000000
-0.000000
-0.000000
0.000000
0.000000
0.000000
0.000000
0.000000
0.000000
0.000000
-0.000000
0.000000
-0.000000
-0.000000
0.000000
0.000000
-0.000000
-0.000000
-0.000000
0.000000
3.288630
4.636124
1.434670
-2.765714
4.296991
-0.533738
0.864506
-0.221524
-0.357335
-0.714412
0.118154
0.247920
0.260915
-0.355714
-0.002294
-0.090682
-0.145897
0.102652
0.001254
-0.001135
0.002497
0.000935
-0.000640
0.000335
-0.000001
-0.000000
-0.000000
0.000000
0.000000
0.000000
0.000000
0.000000
0.000000
0.000000
-0.000000
0.000000
-0.000000
-0.000000
0.000000
-0.000000
-0.000000
-0.000000
-0.000000
0.000000
12.913767
-8.759992
6.906431
2.205004
1.139716
-0.001729
-0.404289
-0.565884
-1.459564
0.303522
-0.244748
-0.127838
0.108261
0.004711
-0.014876
-0.011572
0.021871
-0.027181
0.006040
-0.005065
-0.002229
-0.000324
0.000075
-0.000270
-0.000000
0.000000
0.000000
-0.000000
0.000000
0.000000
0.000000
0.000000
0.000000
0.000000
-0.000000
0.000000
-0.000000
0.000000
0.000000
0.000000
-0.000000
-0.000000
0.000000
0.000000
2.532162
-5.455425
5.569131
-2.793417
-1.239565
0.531989
0.471074
0.516547
0.576355
-0.257269
1.434800
0.045566
-0.353652
0.060472
0.013585
0.061995
-0.029980
0.080599
-0.008447
0.007413
0.005272
0.001562
0.000452
0.000015
0.000000
-0.000001
-0.000000
0.000000
0.000000
0.000000
0.000000
0.000000
0.000000
0.000000
-0.000000
0.000000
-0.000000
-0.000000
0.000000
0.000000
-0.000000
-0.000000
0.000000
0.000000
0.628522
-3.743994
4.656715
-2.576487
-1.352469
0.514964
0.289871
0.673765
1.346461
-0.092573
-1.363482
-0.016027
0.358635
-0.105213
-0.045291
-0.012557
0.023029
-0.042860
0.002556
-0.001431
-0.003286
-0.001562
-0.000475
0.000459
-0.000000
0.000000
-0.000000
-0.000000
0.000000
0.000000
0.000000
0.000000
0.000000
0.000000
-0.000000
0.000000
-0.000000
-0.000000
0.000000
-0.000000
-0.000000
-0.000000
-0.000000
0.000000
-5.531365
1.716539
1.108076
-0.193803
-0.197611
-0.230553
-0.129541
-0.220830
-0.224156
0.036440
0.194654
0.097994
0.144186
-0.009984
-0.004746
-0.019656
0.166657
-0.099918
0.151046
0.125587
0.005613
0.029094
0.005180
0.000645
0.000005
-0.000002
0.000000
-0.000000
0.000000
0.000000
0.000000
0.000000
0.000000
0.000000
-0.000000
-0.000000
-0.000000
0.000000
0.000000
0.000000
-0.000000
-0.000000
-0.000000
0.000000
-5.861551
2.029774
1.190359
-0.234574
-0.276414
0.049456
0.017162
0.025322
-0.354678
0.097008
0.146590
-0.033337
0.090506
0.040513
0.072104
0.004946
0.076302
-0.059620
0.008761
-0.022683
-0.000430
-0.038476
0.021614
0.037198
-0.000002
0.000006
-0.000005
-0.000000
0.000000
0.000000
0.000000
0.000000
0.000000
0.000000
-0.000000
-0.000000
-0.000000
0.000000
0.000000
0.000000
-0.000000
-0.000000
-0.000000
0.000000
-1.809554
-0.728096
1.375722
4.127289
1.966835
-0.594306
-0.409193
0.290775
1.513337
-0.120007
0.209281
0.098676
-0.018519
-0.034261
-0.040226
0.009315
-0.055434
0.015974
-0.011339
0.000528
-0.005273
0.012486
0.007082
0.004495
-0.000109
-0.000255
-0.000321
-0.000008
0.000000
0.000000
0.000000
0.000000
0.000000
0.000000
-0.000000
0.000000
-0.000000
-0.000000
0.000000
-0.000000
-0.000000
-0.000000
0.000000
0.000000
-4.255452
0.728858
1.469032
1.729004
1.006411
-1.760536
-1.563811
2.079714
0.056801
-0.355741
-0.006566
-0.101624
-0.076076
0.023770
0.051379
0.001443
0.025284
0.016326
0.001383
0.002176
0.006978
-0.012701
-0.007370
-0.004233
0.000109
0.000255
0.000321
0.000008
0.000000
0.000000
0.000000
0.000000
0.000000
0.000000
-0.000000
0.000000
-0.000000
0.000000
0.000000
-0.000000
-0.000000
-0.000000
-0.000000
0.000000
-3.516213
0.602679
1.088125
2.167212
0.673534
1.233349
1.153589
-1.756330
1.117550
0.352749
0.324559
0.158597
0.141030
-0.015887
-0.065529
0.013551
0.020696
-0.010837
0.020632
-0.015802
0.001111
-0.016175
-0.006765
-0.004482
0.000109
0.000256
0.000321
0.000008
0.000000
0.000000
0.000000
0.000000
0.000000
0.000000
-0.000000
0.000000
-0.000000
0.000000
0.000000
-0.000000
-0.000000
-0.000000
-0.000000
0.000000
-1.850263
-1.087821
-0.387474
-0.503039
-0.398805
-1.122051
-0.790355
-1.244551
0.089786
-0.413503
-0.581992
0.551362
-0.358175
0.234404
0.217844
0.049325
-0.153323
0.051754
-0.034083
0.015405
0.003301
0.015958
0.005627
0.004523
0.000259
0.000007
0.000087
-0.000136
0.000000
0.000000
0.000000
0.000000
0.000000
0.000000
-0.000000
0.000000
-0.000000
0.000000
0.000000
-0.000000
-0.000000
-0.000000
-0.000000
0.000000
-3.126137
-0.236388
-0.378592
-0.554606
-0.400587
-0.807898
-0.772874
-0.808120
-0.084896
-0.297166
-0.497852
0.233328
-0.395794
0.149053
-0.161058
-0.026881
0.025561
0.203467
0.111900
-0.021248
-0.007523
-0.020737
-0.001595
-0.003530
-0.000258
-0.000008
-0.000088
0.000136
0.000000
0.000000
0.000000
0.000000
0.000000
0.000000
-0.000000
0.000000
-0.000000
0.000000
0.000000
-0.000000
-0.000000
-0.000000
-0.000000
0.000000
-4.687390
1.206966
1.174025
-0.178097
-0.287649
-0.251073
-0.013807
-0.406300
-0.164211
-0.001649
0.024752
0.270940
0.122425
0.128285
0.405317
0.081195
-0.077499
-0.163387
-0.111929
0.022646
0.023920
-0.004400
-0.013818
-0.005519
-0.000258
-0.000009
-0.000087
0.000137
0.000000
0.000000
0.000000
0.000000
0.000000
0.000000
-0.000000
0.000000
-0.000000
0.000000
0.000000
0.000000
-0.000000
-0.000000
-0.000000
0.000000
0.158903
-1.143837
-2.757098
1.191907
0.132589
1.094904
2.497775
0.876273
-0.377250
-0.302051
-0.336284
-0.095050
-0.161148
0.294826
-0.082971
-0.048459
-0.180546
0.008148
-0.005345
0.019359
0.001191
0.017446
0.006178
0.005165
-0.000867
0.000167
0.000071
-0.000001
0.000000
0.000000
0.000000
0.000000
0.000000
0.000000
-0.000000
0.000000
-0.000000
-0.000000
0.000000
-0.000000
-0.000000
-0.000000
-0.000000
0.000000
-3.772575
0.805140
-0.608838
-0.147173
-0.196659
0.459750
0.021284
0.089392
-0.257653
-0.270598
0.141211
-0.653713
0.309754
0.547122
-0.160238
-0.088991
-0.238848
-0.016811
0.024865
0.002360
0.011648
-0.010994
-0.009161
-0.003573
0.000869
-0.000165
-0.000071
0.000001
0.000000
0.000000
0.000000
0.000000
0.000000
0.000000
-0.000000
-0.000000
-0.000000
-0.000000
0.000000
-0.000000
-0.000000
-0.000000
-0.000000
0.000000
-2.032417
0.108682
-0.965691
1.109912
0.040658
0.697495
2.480035
0.818071
-0.459248
0.083428
-0.368871
0.511206
-0.385124
-0.209911
0.103633
0.045380
0.159519
0.014037
0.003021
0.001442
0.003014
-0.013125
-0.005840
-0.004828
0.000868
-0.000168
-0.000071
0.000001
0.000000
0.000000
0.000000
0.000000
0.000000
0.000000
-0.000000
0.000000
-0.000000
-0.000000
0.000000
-0.000000
-0.000000
-0.000000
-0.000000
0.000000
-5.577272
1.872284
1.011088
-0.236494
-0.289030
0.085955
0.018373
0.033004
-0.278945
0.031600
0.091277
-0.103100
0.097460
0.065597
0.072127
-0.035558
0.072604
-0.030302
-0.005789
-0.057349
0.001360
0.012748
0.054585
-0.021181
-0.000001
-0.000004
0.000004
0.000000
0.000000
0.000000
0.000000
0.000000
0.000000
0.000000
-0.000000
0.000000
-0.000000
-0.000000
0.000000
-0.000000
-0.000000
-0.000000
-0.000000
0.000000
5.037715
-3.740528
-6.515848
-0.593963
1.531565
2.599796
-1.733616
0.063737
0.259416
-0.174027
-0.104939
-0.537799
-0.186958
-0.219707
0.180855
0.109791
-0.051142
-0.049852
0.051536
0.014488
0.025171
-0.015714
0.007515
-0.001941
0.000000
-0.000001
0.000000
0.000000
0.000000
0.000000
0.000000
0.000000
0.000000
0.000000
-0.000000
-0.000000
-0.000000
0.000000
0.000000
0.000000
-0.000000
0.000000
0.000000
0.000000
-4.959178
1.422871
0.430905
-0.279870
-0.174225
0.191944
-0.034105
-0.017473
-0.242579
-0.149547
0.072794
-0.419163
-0.063399
-0.097425
0.131597
0.158650
-0.016171
-0.113946
0.087992
-0.087220
-0.057392
0.042798
-0.022884
0.004951
-0.000000
0.000003
-0.000001
-0.000000
0.000000
0.000000
0.000000
0.000000
0.000000
0.000000
0.000000
-0.000000
-0.000000
0.000000
0.000000
0.000000
-0.000000
-0.000000
0.000000
0.000000
-0.345665
-0.976014
-2.442947
0.153969
-0.108071
0.191844
0.135132
-0.353656
0.057972
-0.361489
0.017376
-0.781643
0.195515
0.106467
0.177534
-0.164940
0.328397
0.267821
-0.091617
0.011374
-0.010932
0.017384
-0.008302
0.003814
-0.000000
0.000001
-0.000001
-0.000000
0.000000
0.000000
0.000000
0.000000
0.000000
0.000000
-0.000000
-0.000000
-0.000000
-0.000000
0.000000
-0.000000
-0.000000
-0.000000
-0.000000
0.000000
-2.958898
0.794947
-1.143750
-0.916216
1.079919
2.180920
-1.748967
0.587686
-0.291987
0.809558
0.082629
1.110557
0.088033
0.219367
-0.172143
-0.091897
0.069072
0.030665
-0.060743
-0.009210
-0.024450
0.016991
-0.007322
0.001883
-0.000001
-0.000002
-0.000000
-0.000000
0.000000
0.000000
0.000000
0.000000
0.000000
0.000000
-0.000000
0.000000
-0.000000
-0.000000
0.000000
-0.000000
-0.000000
-0.000000
0.000000
0.000000
6.070742
-4.916228
-6.216108
-0.489850
-0.626776
-1.673491
0.157966
-0.247757
0.224833
-0.125062
0.206170
0.140294
-0.028723
-0.177554
-0.183335
-0.175707
-0.016510
-0.159195
-0.050356
-0.002454
-0.015822
0.017718
0.008496
0.006276
0.000248
-0.000280
0.000196
0.000078
0.000000
0.000000
0.000000
0.000000
0.000000
0.000000
-0.000000
0.000000
-0.000000
0.000000
0.000000
-0.000000
-0.000000
-0.000000
-0.000000
0.000000
-3.803066
0.432271
-0.468426
-0.284416
-0.276442
-0.282404
-0.291957
-0.421338
-0.226269
-0.327807
-0.050535
-0.314101
-0.200225
-0.201313
-0.325951
0.067273
0.049122
-0.112104
-0.095931
0.011961
0.005500
0.003716
-0.001022
-0.000396
0.000224
0.000640
-0.000231
-0.000011
0.000000
0.000000
0.000000
0.000000
-0.000000
0.000000
-0.000000
-0.000000
-0.000000
-0.000000
0.000000
0.000000
-0.000000
-0.000000
0.000000
0.000000
-4.983446
1.294259
0.506449
-0.290429
-0.291867
-0.182553
-0.156244
-0.194412
-0.258653
-0.051941
0.011091
-0.089173
-0.075630
-0.071028
-0.184067
-0.035789
0.136029
-0.069897
-0.002999
-0.044942
0.093755
0.003153
-0.018018
-0.001960
-0.000474
-0.000360
0.000034
-0.000067
0.000000
0.000000
0.000000
0.000000
0.000000
0.000000
-0.000000
0.000000
-0.000000
0.000000
0.000000
0.000000
-0.000000
0.000000
-0.000000
0.000000
-4.784218
1.195879
0.208787
-0.222159
-0.277246
-0.041493
-0.127838
-0.197121
-0.305993
-0.163994
0.047241
-0.277128
-0.039394
-0.086408
-0.115103
0.107741
0.013994
-0.053664
-0.058869
0.042128
-0.075248
-0.041182
-0.004489
-0.011543
-0.000469
-0.000361
0.000036
-0.000067
0.000000
0.000000
0.000000
0.000000
0.000000
0.000000
0.000000
0.000000
-0.000000
0.000000
0.000000
-0.000000
-0.000000
0.000000
-0.000000
0.000000
3.911817
-3.289665
-4.565779
-0.436370
-0.636582
-1.324080
0.449214
0.205592
0.112581
0.320534
0.365402
0.412545
0.255493
0.066089
0.169113
-0.237156
0.035123
-0.057895
0.078448
-0.028129
-0.008051
-0.027146
-0.011290
-0.007736
-0.000248
0.000281
-0.000196
-0.000078
0.000000
0.000000
-0.000000
0.000000
0.000000
0.000000
-0.000000
-0.000000
-0.000000
-0.000000
0.000000
-0.000000
-0.000000
-0.000000
-0.000000
0.000000
1.326541
-1.687449
-3.946799
-0.176585
-0.610555
-1.184602
0.377323
0.196425
-0.189262
0.671119
0.113296
0.144871
0.419176
-0.033970
-0.088899
0.522698
-0.038480
0.172098
-0.001611
0.001750
0.016311
0.004828
0.003158
0.000630
-0.000001
-0.000001
-0.000000
0.000000
0.000000
0.000000
0.000000
0.000000
-0.000000
0.000000
-0.000000
-0.000000
-0.000000
-0.000000
0.000000
0.000000
-0.000000
-0.000000
-0.000000
0.000000
-0.000000
0.000000
-0.000000
0.000000
-0.000000
-0.000000
-0.000000
0.000000
-0.000000
0.000000
0.000000
-0.000000
-0.000000
0.000000
-0.000000
-0.000000
-0.000000
-0.000000
-0.000000
-0.000000
-0.000000
0.000000
0.000000
0.000000
0.000000
0.000000
-0.000000
0.000000
0.000000
-0.000000
-0.000000
0.000000
0.000000
-0.000000
0.000000
-0.000000
-0.000000
0.000000
-0.000000
0.000000
-0.000000
0.000000
0.000000
-0.000000
-0.000000
0.000000
-0.000000
0.000000
-0.000000
-0.000000
-0.000000
0.000000
-0.000000
0.000000
0.000000
-0.000000
-0.000000
0.000000
-0.000000
-0.000000
-0.000000
-0.000000
-0.000000
-0.000000
-0.000000
0.000000
0.000000
0.000000
0.000000
0.000000
-0.000000
0.000000
0.000000
-0.000000
-0.000000
0.000000
-0.000000
0.000000
0.000000
-0.000000
-0.000000
-0.000000
-0.000000
0.000000
-0.000000
-0.000000
-0.000000
-0.000000
-0.000000
0.000000
-0.000000
0.000000
-0.000000
-0.000000
-0.000000
0.000000
-0.000000
0.000000
0.000000
-0.000000
-0.000000
0.000000
-0.000000
-0.000000
-0.000000
-0.000000
-0.000000
-0.000000
-0.000000
0.000000
0.000000
0.000000
0.000000
0.000000
-0.000000
0.000000
0.000000
0.000000
-0.000000
-0.000000
-0.000000
0.000000
-0.000000
0.000000
-0.000000
0.000000
0.000000
0.000000
-0.000000
0.000000
-0.000000
-0.000000
-0.000000
0.000000
-0.000000
0.000000
-0.000000
-0.000000
-0.000000
0.000000
-0.000000
0.000000
0.000000
-0.000000
-0.000000
0.000000
-0.000000
-0.000000
-0.000000
-0.000000
-0.000000
-0.000000
-0.000000
0.000000
0.000000
0.000000
0.000000
0.000000
-0.000000
0.000000
0.000000
0.000000
-0.000000
-0.000000
-0.000000
-0.000000
-0.000000
-0.000000
0.000000
-0.000000
0.000000
0.000000
0.000000
-0.000000
0.000000
-0.000000
-0.000000
0.000000
-0.000000
0.000000
-0.000000
-0.000000
-0.000000
0.000000
-0.000000
0.000000
0.000000
-0.000000
-0.000000
0.000000
-0.000000
-0.000000
-0.000000
-0.000000
-0.000000
-0.000000
-0.000000
0.000000
0.000000
0.000000
0.000000
0.000000
-0.000000
0.000000
0.000000
-0.000000
-0.000000
0.000000
0.000000
-0.000000
0.000000
-0.000000
0.000000
-0.000000
0.000000
-0.000000
0.000000
0.000000
-0.000000
-0.000000
-0.000000
0.000000
-0.000000
0.000000
-0.000000
-0.000000
-0.000000
0.000000
-0.000000
0.000000
0.000000
-0.000000
-0.000000
0.000000
-0.000000
-0.000000
-0.000000
-0.000000
-0.000000
-0.000000
-0.000000
0.000000
0.000000
0.000000
0.000000
0.000000
-0.000000
0.000000
0.000000
0.000000
-0.000000
0.000000
-0.000000
-0.000000
0.000000
0.000000
-0.000000
0.000000
0.000000
-0.000000
-0.000000
-0.000000
-0.000000
-0.000000
-0.000000
0.000000
-0.000000
0.000000
-0.000000
-0.000000
-0.000000
0.000000
-0.000000
0.000000
0.000000
-0.000000
-0.000000
0.000000
-0.000000
-0.000000
-0.000000
-0.000000
-0.000000
-0.000000
-0.000000
0.000000
0.000000
0.000000
0.000000
0.000000
-0.000000
0.000000
0.000000
-0.000000
0.000000
0.000000
-0.000000
0.000000
-0.000000
-0.000000
-0.000000
0.000000
0.000000
0.000000
0.000000
-0.000000
0.000000
-0.000000
-0.000000
0.000000
-0.000000
0.000000
-0.000000
-0.000000
-0.000000
0.000000
-0.000000
0.000000
0.000000
-0.000000
-0.000000
0.000000
-0.000000
-0.000000
-0.000000
-0.000000
-0.000000
-0.000000
-0.000000
0.000000
0.000000
0.000000
0.000000
0.000000
-0.000000
0.000000
0.000000
0.000000
0.000000
0.000000
-0.000000
-0.000000
-0.000000
-0.000000
-0.000000
-0.000000
-0.000000
-0.000000
-0.000000
0.000000
0.000000
-0.000000
-0.000000
0.000000
-0.000000
0.000000
-0.000000
-0.000000
-0.000000
0.000000
-0.000000
0.000000
0.000000
-0.000000
-0.000000
0.000000
-0.000000
-0.000000
-0.000000
-0.000000
-0.000000
-0.000000
-0.000000
0.000000
0.000000
0.000000
0.000000
0.000000
-0.000000
0.000000
0.000000
-0.000000
0.000000
-0.000000
-0.000000
-0.000000
0.000000
-0.000000
-0.000000
0.000000
0.000000
-0.000000
0.000000
-0.000000
0.000000
-0.000000
-0.000000
0.000000
-0.000000
0.000000
-0.000000
-0.000000
-0.000000
0.000000
-0.000000
0.000000
0.000000
-0.000000
-0.000000
0.000000
-0.000000
-0.000000
-0.000000
-0.000000
-0.000000
-0.000000
-0.000000
0.000000
0.000000
0.000000
0.000000
0.000000
-0.000000
0.000000
0.000000
-0.000000
0.000000
-0.000000
0.000000
-0.000000
-0.000000
0.000000
-0.000000
-0.000000
-0.000000
0.000000
0.000000
0.000000
-0.000000
-0.000000
-0.000000
0.000000
-0.000000
0.000000
-0.000000
-0.000000
-0.000000
0.000000
-0.000000
0.000000
0.000000
-0.000000
-0.000000
0.000000
-0.000000
-0.000000
-0.000000
-0.000000
-0.000000
-0.000000
-0.000000
0.000000
0.000000
0.000000
0.000000
0.000000
-0.000000
0.000000
0.000000
-0.000000
-0.000000
-0.000000
-0.000000
0.000000
0.000000
-0.000000
0.000000
-0.000000
-0.000000
-0.000000
0.000000
0.000000
0.000000
-0.000000
-0.000000
0.000000
-0.000000
0.000000
-0.000000
-0.000000
-0.000000
0.000000
-0.000000
0.000000
0.000000
-0.000000
-0.000000
0.000000
-0.000000
-0.000000
-0.000000
-0.000000
-0.000000
-0.000000
-0.000000
0.000000
0.000000
0.000000
0.000000
0.000000
-0.000000
0.000000
0.000000
-0.000000
0.000000
-0.000000
0.000000
0.000000
-0.000000
-0.000000
-0.000000
-0.000000
0.000000
-0.000000
-0.000000
-0.000000
0.000000
-0.000000
-0.000000
0.000000
-0.000000
0.000000
-0.000000
-0.000000
-0.000000
0.000000
-0.000000
0.000000
0.000000
-0.000000
-0.000000
0.000000
-0.000000
-0.000000
-0.000000
-0.000000
-0.000000
-0.000000
-0.000000
0.000000
0.000000
0.000000
0.000000
0.000000
-0.000000
0.000000
0.000000
-0.000000
0.000000
-0.000000
0.000000
-0.000000
-0.000000
0.000000
0.000000
0.000000
-0.000000
0.000000
-0.000000
-0.000000
-0.000000
-0.000000
-0.000000
0.000000
-0.000000
0.000000
-0.000000
-0.000000
-0.000000
0.000000
-0.000000
0.000000
0.000000
-0.000000
-0.000000
0.000000
-0.000000
-0.000000
-0.000000
-0.000000
-0.000000
-0.000000
-0.000000
0.000000
0.000000
0.000000
0.000000
0.000000
-0.000000
0.000000
0.000000
0.000000
0.000000
-0.000000
0.000000
0.000000
0.000000
0.000000
-0.000000
-0.000000
-0.000000
-0.000000
0.000000
-0.000000
0.000000
-0.000000
-0.000000
0.000000
-0.000000
0.000000
-0.000000
-0.000000
-0.000000
0.000000
-0.000000
0.000000
0.000000
-0.000000
-0.000000
0.000000
-0.000000
-0.000000
-0.000000
-0.000000
-0.000000
-0.000000
-0.000000
0.000000
0.000000
0.000000
0.000000
0.000000
-0.000000
0.000000
0.000000
-0.000000
0.000000
0.000000
-0.000000
0.000000
0.000000
0.000000
0.000000
-0.000000
0.000000
0.000000
0.000000
0.000000
0.000000
-0.000000
