0.093108	0.089791	0.702554	0.022670	0.016426	0.039578	0.014678	0.002257	0.000011	0.000385	0.000533	0.014728	0.001162	0.000320	0.000421	0.000306	0.000446	0.000431	0.000152	0.000003	0.000012	0.000019	0.000006	0.000001	0.000000	0.000000	0.000000	0.000000	0.000000	0.000000	0.000000	0.000000	0.000000	0.000000	0.000000	0.000000	0.000000	0.000000	0.000000	0.000000	0.000000	0.000000	0.000000	0.000000
0.564006	0.396759	0.002750	0.000143	0.023968	0.000303	0.001592	0.000324	0.004859	0.000031	0.000006	0.000058	0.003663	0.001148	0.000063	0.000120	0.000085	0.000085	0.000001	0.000034	0.000002	0.000000	0.000000	0.000000	0.000000	0.000000	0.000000	0.000000	0.000000	0.000000	0.000000	0.000000	0.000000	0.000000	0.000000	0.000000	0.000000	0.000000	0.000000	0.000000	0.000000	0.000000	0.000000	0.000000
0.188929	0.201878	0.002259	0.371741	0.066366	0.091872	0.015947	0.037191	0.020399	0.000670	0.000199	0.000668	0.001383	0.000128	0.000003	0.000119	0.000001	0.000176	0.000021	0.000045	0.000000	0.000002	0.000002	0.000001	0.000000	0.000000	0.000000	0.000000	0.000000	0.000000	0.000000	0.000000	0.000000	0.000000	0.000000	0.000000	0.000000	0.000000	0.000000	0.000000	0.000000	0.000000	0.000000	0.000000
0.544676	0.267933	0.124349	0.001489	0.000080	0.043702	0.009805	0.004485	0.001310	0.001407	0.000014	0.000015	0.000092	0.000314	0.000026	0.000088	0.000182	0.000014	0.000004	0.000003	0.000009	0.000003	0.000000	0.000000	0.000000	0.000000	0.000000	0.000000	0.000000	0.000000	0.000000	0.000000	0.000000	0.000000	0.000000	0.000000	0.000000	0.000000	0.000000	0.000000	0.000000	0.000000	0.000000	0.000000
0.697399	0.156237	0.000242	0.025474	0.000635	0.051155	0.002923	0.000740	0.021313	0.041683	0.000425	0.000132	0.000300	0.000101	0.000072	0.000413	0.000726	0.000007	0.000002	0.000014	0.000005	0.000001	0.000001	0.000001	0.000000	0.000000	0.000000	0.000000	0.000000	0.000000	0.000000	0.000000	0.000000	0.000000	0.000000	0.000000	0.000000	0.000000	0.000000	0.000000	0.000000	0.000000	0.000000	0.000000
0.886648	0.047859	0.000720	0.000648	0.004320	0.016126	0.000443	0.000000	0.000584	0.038546	0.000194	0.002110	0.000234	0.001185	0.000028	0.000170	0.000011	0.000146	0.000013	0.000000	0.000009	0.000003	0.000000	0.000002	0.000000	0.000000	0.000000	0.000000	0.000000	0.000000	0.000000	0.000000	0.000000	0.000000	0.000000	0.000000	0.000000	0.000000	0.000000	0.000000	0.000000	0.000000	0.000000	0.000000
0.146891	0.697956	0.004823	0.002754	0.003424	0.090880	0.016044	0.018362	0.000896	0.000081	0.000083	0.015617	0.000370	0.000155	0.000510	0.000382	0.000711	0.000002	0.000053	0.000000	0.000001	0.000004	0.000002	0.000000	0.000000	0.000000	0.000000	0.000000	0.000000	0.000000	0.000000	0.000000	0.000000	0.000000	0.000000	0.000000	0.000000	0.000000	0.000000	0.000000	0.000000	0.000000	0.000000	0.000000
0.141619	0.361116	0.468736	0.005605	0.000497	0.001203	0.008884	0.003796	0.000137	0.003094	0.000457	0.002457	0.001292	0.000234	0.000656	0.000007	0.000036	0.000016	0.000121	0.000016	0.000014	0.000006	0.000002	0.000000	0.000000	0.000000	0.000000	0.000000	0.000000	0.000000	0.000000	0.000000	0.000000	0.000000	0.000000	0.000000	0.000000	0.000000	0.000000	0.000000	0.000000	0.000000	0.000000	0.000000
0.097781	0.589974	0.271363	0.004207	0.000648	0.016626	0.004574	0.003465	0.000127	0.003083	0.001033	0.000841	0.002021	0.000061	0.002576	0.000058	0.001035	0.000371	0.000091	0.000013	0.000020	0.000027	0.000005	0.000000	0.000000	0.000000	0.000000	0.000000	0.000000	0.000000	0.000000	0.000000	0.000000	0.000000	0.000000	0.000000	0.000000	0.000000	0.000000	0.000000	0.000000	0.000000	0.000000	0.000000
0.633889	0.221157	0.026483	0.020944	0.076084	0.006876	0.002977	0.002114	0.000320	0.000038	0.000588	0.001158	0.000570	0.002850	0.000318	0.000398	0.002557	0.000663	0.000011	0.000000	0.000002	0.000001	0.000000	0.000001	0.000000	0.000000	0.000000	0.000000	0.000000	0.000000	0.000000	0.000000	0.000000	0.000000	0.000000	0.000000	0.000000	0.000000	0.000000	0.000000	0.000000	0.000000	0.000000	0.000000
0.026305	0.076356	0.152064	0.366173	0.136202	0.073918	0.077244	0.088227	0.000441	0.001531	0.000015	0.001470	0.000010	0.000006	0.000011	0.000004	0.000003	0.000016	0.000000	0.000001	0.000003	0.000000	0.000000	0.000000	0.000000	0.000000	0.000000	0.000000	0.000000	0.000000	0.000000	0.000000	0.000000	0.000000	0.000000	0.000000	0.000000	0.000000	0.000000	0.000000	0.000000	0.000000	0.000000	0.000000
0.362251	0.156775	0.413337	0.009978	0.027377	0.016315	0.000076	0.002796	0.008115	0.000016	0.000148	0.000080	0.000677	0.000045	0.000859	0.001068	0.000046	0.000028	0.000007	0.000004	0.000000	0.000002	0.000000	0.000001	0.000000	0.000000	0.000000	0.000000	0.000000	0.000000	0.000000	0.000000	0.000000	0.000000	0.000000	0.000000	0.000000	0.000000	0.000000	0.000000	0.000000	0.000000	0.000000	0.000000
0.596178	0.284402	0.097102	0.001872	0.009283	0.000720	0.000664	0.000016	0.008152	0.000214	0.000038	0.000045	0.000143	0.000129	0.000532	0.000353	0.000108	0.000039	0.000000	0.000003	0.000001	0.000003	0.000000	0.000001	0.000000	0.000000	0.000000	0.000000	0.000000	0.000000	0.000000	0.000000	0.000000	0.000000	0.000000	0.000000	0.000000	0.000000	0.000000	0.000000	0.000000	0.000000	0.000000	0.000000
0.724940	0.231612	0.007565	0.002672	0.021303	0.001640	0.005048	0.000144	0.002268	0.001932	0.000190	0.000000	0.000077	0.000137	0.000362	0.000023	0.000044	0.000035	0.000005	0.000000	0.000000	0.000000	0.000002	0.000000	0.000000	0.000000	0.000000	0.000000	0.000000	0.000000	0.000000	0.000000	0.000000	0.000000	0.000000	0.000000	0.000000	0.000000	0.000000	0.000000	0.000000	0.000000	0.000000	0.000000
0.807704	0.170985	0.000118	0.002985	0.005020	0.000043	0.000075	0.000014	0.004936	0.002937	0.000500	0.001990	0.000465	0.000045	0.000017	0.001903	0.000078	0.000074	0.000023	0.000045	0.000027	0.000012	0.000003	0.000001	0.000000	0.000000	0.000000	0.000000	0.000000	0.000000	0.000000	0.000000	0.000000	0.000000	0.000000	0.000000	0.000000	0.000000	0.000000	0.000000	0.000000	0.000000	0.000000	0.000000
0.734887	0.005370	0.059530	0.120346	0.015416	0.000562	0.000556	0.048851	0.003217	0.000215	0.006443	0.000413	0.003429	0.000017	0.000016	0.000145	0.000041	0.000366	0.000046	0.000123	0.000006	0.000003	0.000001	0.000002	0.000000	0.000000	0.000000	0.000000	0.000000	0.000000	0.000000	0.000000	0.000000	0.000000	0.000000	0.000000	0.000000	0.000000	0.000000	0.000000	0.000000	0.000000	0.000000	0.000000
0.902792	0.006655	0.076288	0.000364	0.003875	0.001237	0.001347	0.000030	0.000672	0.004587	0.000312	0.000888	0.000018	0.000018	0.000438	0.000139	0.000108	0.000171	0.000001	0.000037	0.000001	0.000002	0.000020	0.000000	0.000000	0.000000	0.000000	0.000000	0.000000	0.000000	0.000000	0.000000	0.000000	0.000000	0.000000	0.000000	0.000000	0.000000	0.000000	0.000000	0.000000	0.000000	0.000000	0.000000
0.923940	0.000210	0.067553	0.000040	0.000005	0.001075	0.000443	0.000224	0.002389	0.000002	0.000591	0.000963	0.000056	0.000392	0.000739	0.000001	0.000535	0.000576	0.000194	0.000054	0.000010	0.000002	0.000000	0.000007	0.000000	0.000000	0.000000	0.000000	0.000000	0.000000	0.000000	0.000000	0.000000	0.000000	0.000000	0.000000	0.000000	0.000000	0.000000	0.000000	0.000000	0.000000	0.000000	0.000000
0.774546	0.001802	0.209766	0.001024	0.000303	0.001317	0.004767	0.000135	0.000749	0.000017	0.000178	0.000022	0.000025	0.000003	0.002956	0.001746	0.000501	0.000048	0.000000	0.000029	0.000032	0.000016	0.000017	0.000000	0.000000	0.000000	0.000000	0.000000	0.000000	0.000000	0.000000	0.000000	0.000000	0.000000	0.000000	0.000000	0.000000	0.000000	0.000000	0.000000	0.000000	0.000000	0.000000	0.000000
0.680185	0.265791	0.017306	0.001781	0.001292	0.002682	0.000808	0.000093	0.010703	0.000036	0.014248	0.003924	0.000052	0.000027	0.000064	0.000340	0.000029	0.000568	0.000000	0.000003	0.000029	0.000034	0.000003	0.000002	0.000000	0.000000	0.000000	0.000000	0.000000	0.000000	0.000000	0.000000	0.000000	0.000000	0.000000	0.000000	0.000000	0.000000	0.000000	0.000000	0.000000	0.000000	0.000000	0.000000
0.282531	0.368989	0.278485	0.004666	0.000006	0.000267	0.004058	0.009651	0.027040	0.000095	0.019805	0.000000	0.000346	0.002116	0.000317	0.000217	0.000427	0.000813	0.000133	0.000018	0.000014	0.000003	0.000004	0.000000	0.000000	0.000000	0.000000	0.000000	0.000000	0.000000	0.000000	0.000000	0.000000	0.000000	0.000000	0.000000	0.000000	0.000000	0.000000	0.000000	0.000000	0.000000	0.000000	0.000000
0.976695	0.010000	0.000010	0.000323	0.006571	0.000752	0.002224	0.000052	0.001872	0.001181	0.000143	0.000036	0.000002	0.000000	0.000029	0.000003	0.000094	0.000004	0.000007	0.000000	0.000000	0.000001	0.000001	0.000000	0.000000	0.000000	0.000000	0.000000	0.000000	0.000000	0.000000	0.000000	0.000000	0.000000	0.000000	0.000000	0.000000	0.000000	0.000000	0.000000	0.000000	0.000000	0.000000	0.000000
0.259217	0.327249	0.328527	0.007308	0.003445	0.000871	0.000028	0.000583	0.014433	0.000000	0.055381	0.000106	0.002415	0.000191	0.000013	0.000168	0.000007	0.000000	0.000004	0.000025	0.000012	0.000016	0.000002	0.000000	0.000000	0.000000	0.000000	0.000000	0.000000	0.000000	0.000000	0.000000	0.000000	0.000000	0.000000	0.000000	0.000000	0.000000	0.000000	0.000000	0.000000	0.000000	0.000000	0.000000
0.968850	0.015737	0.012828	0.000825	0.000462	0.000089	0.000565	0.000043	0.000007	0.000357	0.000121	0.000003	0.000027	0.000017	0.000022	0.000033	0.000009	0.000001	0.000003	0.000001	0.000001	0.000000	0.000000	0.000000	0.000000	0.000000	0.000000	0.000000	0.000000	0.000000	0.000000	0.000000	0.000000	0.000000	0.000000	0.000000	0.000000	0.000000	0.000000	0.000000	0.000000	0.000000	0.000000	0.000000
0.968549	0.003460	0.024389	0.000780	0.000903	0.000062	0.001198	0.000003	0.000002	0.000328	0.000144	0.000002	0.000049	0.000006	0.000020	0.000062	0.000040	0.000000	0.000000	0.000002	0.000000	0.000000	0.000000	0.000000	0.000000	0.000000	0.000000	0.000000	0.000000	0.000000	0.000000	0.000000	0.000000	0.000000	0.000000	0.000000	0.000000	0.000000	0.000000	0.000000	0.000000	0.000000	0.000000	0.000000
0.912163	0.037251	0.000728	0.016867	0.020721	0.000000	0.003371	0.003232	0.000567	0.000433	0.000547	0.000028	0.000527	0.002770	0.000346	0.000000	0.000011	0.000001	0.000330	0.000014	0.000087	0.000004	0.000000	0.000001	0.000000	0.000000	0.000000	0.000000	0.000000	0.000000	0.000000	0.000000	0.000000	0.000000	0.000000	0.000000	0.000000	0.000000	0.000000	0.000000	0.000000	0.000000	0.000000	0.000000
0.578620	0.268697	0.002645	0.030287	0.100442	0.005243	0.007140	0.000023	0.001543	0.003602	0.000185	0.001054	0.000250	0.000154	0.000000	0.000085	0.000004	0.000005	0.000004	0.000006	0.000000	0.000002	0.000005	0.000005	0.000000	0.000000	0.000000	0.000000	0.000000	0.000000	0.000000	0.000000	0.000000	0.000000	0.000000	0.000000	0.000000	0.000000	0.000000	0.000000	0.000000	0.000000	0.000000	0.000000
0.442688	0.035553	0.060958	0.032400	0.119058	0.135160	0.124506	0.005396	0.000980	0.015096	0.000125	0.027497	0.000245	0.000249	0.000030	0.000025	0.000024	0.000004	0.000004	0.000000	0.000000	0.000000	0.000000	0.000000	0.000000	0.000000	0.000000	0.000000	0.000000	0.000000	0.000000	0.000000	0.000000	0.000000	0.000000	0.000000	0.000000	0.000000	0.000000	0.000000	0.000000	0.000000	0.000000	0.000000
0.759297	0.033727	0.139217	0.000501	0.053217	0.003590	0.000115	0.003792	0.000637	0.000200	0.000674	0.002171	0.000722	0.001363	0.000047	0.000008	0.000385	0.000151	0.000073	0.000062	0.000048	0.000000	0.000001	0.000001	0.000000	0.000000	0.000000	0.000000	0.000000	0.000000	0.000000	0.000000	0.000000	0.000000	0.000000	0.000000	0.000000	0.000000	0.000000	0.000000	0.000000	0.000000	0.000000	0.000000
0.000248	0.105912	0.624806	0.153490	0.064827	0.011587	0.002328	0.003121	0.024291	0.001119	0.000121	0.002919	0.002468	0.000807	0.000377	0.001154	0.000109	0.000053	0.000238	0.000004	0.000000	0.000019	0.000000	0.000000	0.000000	0.000000	0.000000	0.000000	0.000000	0.000000	0.000000	0.000000	0.000000	0.000000	0.000000	0.000000	0.000000	0.000000	0.000000	0.000000	0.000000	0.000000	0.000000	0.000000
0.569919	0.046026	0.321921	0.024167	0.000241	0.008986	0.000081	0.008120	0.003101	0.000160	0.000516	0.000023	0.005455	0.008784	0.000330	0.002007	0.000028	0.000110	0.000004	0.000000	0.000014	0.000006	0.000001	0.000000	0.000000	0.000000	0.000000	0.000000	0.000000	0.000000	0.000000	0.000000	0.000000	0.000000	0.000000	0.000000	0.000000	0.000000	0.000000	0.000000	0.000000	0.000000	0.000000	0.000000
0.655658	0.005641	0.218629	0.030887	0.027105	0.005921	0.008025	0.002846	0.028361	0.006022	0.004082	0.003776	0.000672	0.000706	0.000578	0.000332	0.000330	0.000347	0.000004	0.000060	0.000009	0.000009	0.000000	0.000000	0.000000	0.000000	0.000000	0.000000	0.000000	0.000000	0.000000	0.000000	0.000000	0.000000	0.000000	0.000000	0.000000	0.000000	0.000000	0.000000	0.000000	0.000000	0.000000	0.000000
0.192583	0.412769	0.334746	0.024658	0.012393	0.001230	0.000354	0.001835	0.011461	0.000563	0.004973	0.000614	0.000236	0.000209	0.000579	0.000008	0.000407	0.000003	0.000331	0.000000	0.000035	0.000001	0.000003	0.000010	0.000000	0.000000	0.000000	0.000000	0.000000	0.000000	0.000000	0.000000	0.000000	0.000000	0.000000	0.000000	0.000000	0.000000	0.000000	0.000000	0.000000	0.000000	0.000000	0.000000
0.856188	0.000023	0.088364	0.004917	0.042210	0.002137	0.001351	0.003234	0.000376	0.000158	0.000248	0.000240	0.000008	0.000316	0.000017	0.000062	0.000096	0.000052	0.000000	0.000002	0.000000	0.000000	0.000000	0.000000	0.000000	0.000000	0.000000	0.000000	0.000000	0.000000	0.000000	0.000000	0.000000	0.000000	0.000000	0.000000	0.000000	0.000000	0.000000	0.000000	0.000000	0.000000	0.000000	0.000000
0.579582	0.301551	0.013254	0.020353	0.064907	0.002322	0.003015	0.001723	0.000021	0.010533	0.000171	0.000088	0.001058	0.000634	0.000052	0.000023	0.000024	0.000629	0.000036	0.000019	0.000000	0.000000	0.000002	0.000001	0.000000	0.000000	0.000000	0.000000	0.000000	0.000000	0.000000	0.000000	0.000000	0.000000	0.000000	0.000000	0.000000	0.000000	0.000000	0.000000	0.000000	0.000000	0.000000	0.000000
0.455076	0.208267	0.310350	0.000546	0.008837	0.005023	0.001626	0.003812	0.000555	0.000040	0.003479	0.000015	0.001786	0.000146	0.000154	0.000027	0.000030	0.000192	0.000001	0.000013	0.000019	0.000004	0.000002	0.000000	0.000000	0.000000	0.000000	0.000000	0.000000	0.000000	0.000000	0.000000	0.000000	0.000000	0.000000	0.000000	0.000000	0.000000	0.000000	0.000000	0.000000	0.000000	0.000000	0.000000
0.840061	0.130409	0.005587	0.000586	0.011316	0.002947	0.000467	0.002890	0.002325	0.000081	0.001628	0.000406	0.000730	0.000047	0.000004	0.000188	0.000182	0.000037	0.000081	0.000000	0.000013	0.000002	0.000013	0.000000	0.000000	0.000000	0.000000	0.000000	0.000000	0.000000	0.000000	0.000000	0.000000	0.000000	0.000000	0.000000	0.000000	0.000000	0.000000	0.000000	0.000000	0.000000	0.000000	0.000000
0.221597	0.274926	0.145106	0.052479	0.004077	0.001699	0.243983	0.036157	0.004712	0.001512	0.000853	0.011965	0.000206	0.000344	0.000198	0.000004	0.000012	0.000060	0.000069	0.000030	0.000010	0.000001	0.000000	0.000000	0.000000	0.000000	0.000000	0.000000	0.000000	0.000000	0.000000	0.000000	0.000000	0.000000	0.000000	0.000000	0.000000	0.000000	0.000000	0.000000	0.000000	0.000000	0.000000	0.000000
0.937066	0.027793	0.022481	0.006238	0.000366	0.000757	0.001253	0.001515	0.000783	0.000860	0.000030	0.000001	0.000312	0.000217	0.000209	0.000029	0.000036	0.000000	0.000000	0.000046	0.000002	0.000004	0.000002	0.000001	0.000000	0.000000	0.000000	0.000000	0.000000	0.000000	0.000000	0.000000	0.000000	0.000000	0.000000	0.000000	0.000000	0.000000	0.000000	0.000000	0.000000	0.000000	0.000000	0.000000
0.947706	0.028445	0.012825	0.004553	0.002047	0.001318	0.000001	0.000168	0.000212	0.000370	0.000393	0.001057	0.000040	0.000210	0.000201	0.000083	0.000003	0.000292	0.000030	0.000008	0.000019	0.000000	0.000011	0.000009	0.000000	0.000000	0.000000	0.000000	0.000000	0.000000	0.000000	0.000000	0.000000	0.000000	0.000000	0.000000	0.000000	0.000000	0.000000	0.000000	0.000000	0.000000	0.000000	0.000000
0.589213	0.334819	0.011265	0.013725	0.036158	0.003380	0.003760	0.000552	0.000168	0.005278	0.000008	0.000678	0.000223	0.000094	0.000326	0.000014	0.000136	0.000151	0.000003	0.000035	0.000001	0.000010	0.000001	0.000001	0.000000	0.000000	0.000000	0.000000	0.000000	0.000000	0.000000	0.000000	0.000000	0.000000	0.000000	0.000000	0.000000	0.000000	0.000000	0.000000	0.000000	0.000000	0.000000	0.000000
0.936506	0.042158	0.000216	0.003964	0.012369	0.001006	0.001843	0.000030	0.000176	0.001118	0.000378	0.000000	0.000000	0.000150	0.000001	0.000007	0.000051	0.000003	0.000010	0.000011	0.000000	0.000001	0.000000	0.000000	0.000000	0.000000	0.000000	0.000000	0.000000	0.000000	0.000000	0.000000	0.000000	0.000000	0.000000	0.000000	0.000000	0.000000	0.000000	0.000000	0.000000	0.000000	0.000000	0.000000
0.472527	0.326338	0.002250	0.022609	0.140554	0.007847	0.010566	0.000839	0.001590	0.010773	0.000573	0.002851	0.000005	0.000463	0.000055	0.000017	0.000081	0.000022	0.000029	0.000000	0.000003	0.000000	0.000006	0.000001	0.000000	0.000000	0.000000	0.000000	0.000000	0.000000	0.000000	0.000000	0.000000	0.000000	0.000000	0.000000	0.000000	0.000000	0.000000	0.000000	0.000000	0.000000	0.000000	0.000000
0.970048	0.021714	0.003590	0.001101	0.001236	0.000130	0.000671	0.000117	0.000042	0.000842	0.000420	0.000010	0.000000	0.000035	0.000000	0.000013	0.000010	0.000007	0.000006	0.000006	0.000000	0.000001	0.000000	0.000000	0.000000	0.000000	0.000000	0.000000	0.000000	0.000000	0.000000	0.000000	0.000000	0.000000	0.000000	0.000000	0.000000	0.000000	0.000000	0.000000	0.000000	0.000000	0.000000	0.000000
