0.968928	0.246679	-0.018117	0.000000	0.000000	0.000000	0.000000	-0.000000	0.000000	0.000000	0.000000	0.000000	0.000000	0.000000	0.000000	0.000000	0.000000	0.000000	0.000000	0.000000	0.000000	-0.000000	-0.000000	0.000000	0.000000	0.000000	0.000000	0.000000	0.000000	-0.000000	-0.000000	0.000000	0.000000	-0.000000	-0.000000	-0.000000	-0.000000	-0.000000	-0.000000	0.000000	0.000000	0.000000	-0.000000	0.000000
0.963805	0.266300	-0.012808	-0.000000	-0.000000	-0.000000	-0.000000	-0.000000	0.000000	0.000000	0.000000	-0.000000	-0.000000	0.000000	-0.000000	0.000000	0.000000	0.000000	0.000000	0.000000	0.000000	0.000000	0.000000	-0.000000	0.000000	-0.000000	-0.000000	0.000000	-0.000000	-0.000000	0.000000	0.000000	0.000000	0.000000	-0.000000	0.000000	0.000000	0.000000	0.000000	-0.000000	-0.000000	0.000000	0.000000	-0.000000
0.587305	-0.809328	-0.007827	0.000000	0.000000	-0.000000	-0.000000	-0.000000	0.000000	0.000000	0.000000	0.000000	-0.000000	-0.000000	-0.000000	0.000000	0.000000	0.000000	-0.000000	0.000000	0.000000	-0.000000	-0.000000	0.000000	-0.000000	0.000000	-0.000000	0.000000	-0.000000	-0.000000	-0.000000	0.000000	0.000000	-0.000000	-0.000000	-0.000000	0.000000	0.000000	-0.000000	-0.000000	0.000000	-0.000000	-0.000000	0.000000
0.986752	0.160609	-0.022907	0.000000	0.000000	-0.000000	-0.000000	-0.000000	0.000000	0.000000	-0.000000	0.000000	0.000000	0.000000	0.000000	0.000000	0.000000	-0.000000	-0.000000	0.000000	-0.000000	0.000000	0.000000	-0.000000	-0.000000	-0.000000	-0.000000	0.000000	-0.000000	0.000000	0.000000	0.000000	0.000000	-0.000000	0.000000	-0.000000	-0.000000	-0.000000	-0.000000	-0.000000	-0.000000	0.000000	0.000000	-0.000000
0.980032	0.198375	0.013571	-0.000000	-0.000000	-0.000000	-0.000000	0.000000	0.000000	0.000000	0.000000	0.000000	-0.000000	0.000000	0.000000	0.000000	0.000000	-0.000000	0.000000	-0.000000	0.000000	-0.000000	-0.000000	0.000000	-0.000000	0.000000	-0.000000	0.000000	0.000000	-0.000000	0.000000	0.000000	-0.000000	0.000000	0.000000	-0.000000	0.000000	-0.000000	0.000000	0.000000	-0.000000	-0.000000	0.000000	-0.000000
0.971692	0.234532	-0.028440	-0.000000	0.000000	0.000000	0.000000	-0.000000	0.000000	0.000000	0.000000	-0.000000	0.000000	-0.000000	-0.000000	-0.000000	0.000000	-0.000000	0.000000	-0.000000	-0.000000	-0.000000	-0.000000	0.000000	-0.000000	-0.000000	0.000000	0.000000	0.000000	0.000000	-0.000000	0.000000	-0.000000	0.000000	-0.000000	0.000000	0.000000	-0.000000	-0.000000	0.000000	-0.000000	0.000000	0.000000	-0.000000
0.989225	0.144222	-0.025182	-0.000000	0.000000	-0.000000	-0.000000	0.000000	-0.000000	0.000000	-0.000000	-0.000000	-0.000000	0.000000	-0.000000	0.000000	0.000000	-0.000000	0.000000	0.000000	-0.000000	-0.000000	0.000000	0.000000	-0.000000	-0.000000	-0.000000	0.000000	-0.000000	0.000000	-0.000000	0.000000	0.000000	0.000000	-0.000000	-0.000000	0.000000	0.000000	-0.000000	0.000000	0.000000	0.000000	0.000000	-0.000000
0.990960	0.132513	0.020931	0.000000	0.000000	-0.000000	0.000000	0.000000	-0.000000	0.000000	-0.000000	0.000000	0.000000	0.000000	-0.000000	0.000000	-0.000000	0.000000	-0.000000	-0.000000	0.000000	0.000000	-0.000000	0.000000	-0.000000	0.000000	0.000000	0.000000	-0.000000	-0.000000	0.000000	0.000000	0.000000	-0.000000	-0.000000	-0.000000	-0.000000	0.000000	0.000000	0.000000	0.000000	-0.000000	0.000000	-0.000000
0.996406	0.082477	-0.019288	-0.000000	-0.000000	0.000000	-0.000000	0.000000	0.000000	-0.000000	-0.000000	-0.000000	-0.000000	-0.000000	-0.000000	-0.000000	-0.000000	0.000000	0.000000	-0.000000	-0.000000	0.000000	-0.000000	0.000000	0.000000	-0.000000	-0.000000	-0.000000	-0.000000	0.000000	-0.000000	-0.000000	0.000000	0.000000	0.000000	0.000000	0.000000	0.000000	0.000000	0.000000	0.000000	0.000000	-0.000000	-0.000000
0.975054	0.221496	-0.014459	-0.000000	-0.000000	0.000000	0.000000	-0.000000	0.000000	0.000000	-0.000000	0.000000	0.000000	-0.000000	-0.000000	-0.000000	-0.000000	0.000000	-0.000000	-0.000000	0.000000	-0.000000	0.000000	0.000000	-0.000000	-0.000000	-0.000000	-0.000000	-0.000000	0.000000	0.000000	0.000000	-0.000000	0.000000	0.000000	-0.000000	-0.000000	-0.000000	0.000000	-0.000000	-0.000000	0.000000	-0.000000	-0.000000
0.966988	0.252059	-0.037437	-0.000000	-0.000000	-0.000000	-0.000000	0.000000	-0.000000	0.000000	0.000000	0.000000	-0.000000	-0.000000	0.000000	-0.000000	0.000000	-0.000000	0.000000	-0.000000	0.000000	0.000000	0.000000	0.000000	-0.000000	-0.000000	-0.000000	0.000000	0.000000	0.000000	0.000000	-0.000000	-0.000000	-0.000000	-0.000000	0.000000	-0.000000	0.000000	0.000000	0.000000	0.000000	0.000000	-0.000000	-0.000000
0.932391	-0.361381	0.007070	-0.000000	0.000000	-0.000000	-0.000000	-0.000000	-0.000000	-0.000000	-0.000000	0.000000	0.000000	-0.000000	-0.000000	0.000000	0.000000	0.000000	0.000000	0.000000	0.000000	0.000000	-0.000000	-0.000000	-0.000000	0.000000	0.000000	0.000000	0.000000	-0.000000	0.000000	-0.000000	-0.000000	0.000000	-0.000000	-0.000000	0.000000	-0.000000	-0.000000	-0.000000	-0.000000	0.000000	0.000000	0.000000
0.999129	-0.039417	-0.013717	0.000000	-0.000000	-0.000000	0.000000	-0.000000	0.000000	0.000000	-0.000000	0.000000	-0.000000	0.000000	-0.000000	0.000000	0.000000	-0.000000	0.000000	0.000000	-0.000000	0.000000	-0.000000	0.000000	0.000000	-0.000000	0.000000	-0.000000	0.000000	-0.000000	0.000000	0.000000	-0.000000	0.000000	0.000000	-0.000000	-0.000000	0.000000	0.000000	0.000000	0.000000	-0.000000	-0.000000	-0.000000
0.996855	0.073777	-0.028946	0.000000	0.000000	-0.000000	0.000000	-0.000000	-0.000000	-0.000000	0.000000	-0.000000	-0.000000	-0.000000	-0.000000	-0.000000	0.000000	0.000000	-0.000000	0.000000	0.000000	0.000000	0.000000	0.000000	0.000000	0.000000	0.000000	0.000000	0.000000	-0.000000	0.000000	-0.000000	-0.000000	-0.000000	0.000000	0.000000	0.000000	-0.000000	0.000000	-0.000000	-0.000000	0.000000	-0.000000	-0.000000
0.984885	-0.146643	0.092177	0.000000	-0.000000	0.000000	0.000000	-0.000000	-0.000000	-0.000000	-0.000000	0.000000	-0.000000	-0.000000	-0.000000	0.000000	-0.000000	-0.000000	-0.000000	-0.000000	0.000000	-0.000000	0.000000	0.000000	-0.000000	-0.000000	0.000000	-0.000000	-0.000000	0.000000	0.000000	0.000000	0.000000	0.000000	0.000000	0.000000	0.000000	0.000000	0.000000	0.000000	0.000000	0.000000	0.000000	0.000000
0.974077	0.224387	-0.028728	-0.000000	-0.000000	-0.000000	-0.000000	-0.000000	0.000000	0.000000	0.000000	-0.000000	0.000000	0.000000	0.000000	-0.000000	-0.000000	0.000000	-0.000000	-0.000000	0.000000	0.000000	0.000000	-0.000000	-0.000000	0.000000	0.000000	-0.000000	0.000000	0.000000	-0.000000	-0.000000	-0.000000	0.000000	-0.000000	-0.000000	0.000000	0.000000	-0.000000	-0.000000	0.000000	0.000000	-0.000000	-0.000000
0.997775	-0.059001	0.031041	-0.000000	0.000000	-0.000000	-0.000000	-0.000000	-0.000000	0.000000	0.000000	-0.000000	-0.000000	-0.000000	-0.000000	0.000000	-0.000000	-0.000000	-0.000000	0.000000	0.000000	-0.000000	0.000000	-0.000000	0.000000	-0.000000	0.000000	0.000000	0.000000	-0.000000	-0.000000	-0.000000	-0.000000	-0.000000	-0.000000	-0.000000	-0.000000	-0.000000	0.000000	0.000000	-0.000000	0.000000	-0.000000	-0.000000
0.921352	-0.380547	0.079332	0.000000	0.000000	-0.000000	-0.000000	0.000000	-0.000000	0.000000	-0.000000	-0.000000	-0.000000	-0.000000	0.000000	-0.000000	0.000000	0.000000	0.000000	-0.000000	-0.000000	0.000000	0.000000	-0.000000	-0.000000	0.000000	0.000000	0.000000	0.000000	-0.000000	0.000000	0.000000	-0.000000	0.000000	0.000000	-0.000000	-0.000000	-0.000000	0.000000	0.000000	0.000000	-0.000000	0.000000	0.000000
0.999177	0.029107	-0.028265	0.000000	0.000000	-0.000000	-0.000000	-0.000000	-0.000000	-0.000000	0.000000	0.000000	-0.000000	-0.000000	0.000000	0.000000	-0.000000	0.000000	-0.000000	0.000000	-0.000000	-0.000000	0.000000	0.000000	0.000000	0.000000	0.000000	-0.000000	-0.000000	-0.000000	-0.000000	-0.000000	-0.000000	0.000000	0.000000	0.000000	-0.000000	0.000000	0.000000	0.000000	-0.000000	0.000000	0.000000	-0.000000
0.973812	0.226474	-0.019981	-0.000000	0.000000	-0.000000	-0.000000	-0.000000	0.000000	-0.000000	0.000000	0.000000	0.000000	0.000000	0.000000	-0.000000	-0.000000	-0.000000	0.000000	-0.000000	-0.000000	-0.000000	0.000000	0.000000	0.000000	0.000000	-0.000000	-0.000000	-0.000000	-0.000000	0.000000	-0.000000	0.000000	-0.000000	-0.000000	-0.000000	0.000000	0.000000	0.000000	0.000000	0.000000	-0.000000	0.000000	-0.000000
0.988235	0.152914	-0.002898	0.000000	-0.000000	0.000000	-0.000000	0.000000	-0.000000	0.000000	0.000000	-0.000000	0.000000	-0.000000	0.000000	0.000000	0.000000	0.000000	-0.000000	0.000000	0.000000	0.000000	0.000000	-0.000000	0.000000	0.000000	0.000000	-0.000000	0.000000	0.000000	0.000000	0.000000	0.000000	-0.000000	-0.000000	-0.000000	0.000000	0.000000	-0.000000	-0.000000	0.000000	0.000000	0.000000	-0.000000
0.999498	-0.029762	0.010843	-0.000000	0.000000	-0.000000	0.000000	-0.000000	0.000000	0.000000	0.000000	-0.000000	0.000000	0.000000	0.000000	0.000000	0.000000	-0.000000	0.000000	0.000000	-0.000000	-0.000000	-0.000000	0.000000	0.000000	0.000000	-0.000000	0.000000	-0.000000	-0.000000	0.000000	0.000000	-0.000000	0.000000	-0.000000	0.000000	-0.000000	-0.000000	0.000000	-0.000000	0.000000	0.000000	-0.000000	-0.000000
0.972749	-0.230984	-0.020131	0.000000	0.000000	0.000000	0.000000	0.000000	-0.000000	-0.000000	0.000000	-0.000000	-0.000000	0.000000	0.000000	0.000000	-0.000000	0.000000	0.000000	-0.000000	0.000000	0.000000	-0.000000	0.000000	0.000000	-0.000000	-0.000000	-0.000000	0.000000	0.000000	-0.000000	-0.000000	-0.000000	0.000000	0.000000	0.000000	0.000000	-0.000000	-0.000000	-0.000000	0.000000	0.000000	0.000000	-0.000000
0.999216	-0.038318	-0.009928	0.000000	-0.000000	0.000000	0.000000	-0.000000	0.000000	-0.000000	-0.000000	0.000000	0.000000	0.000000	-0.000000	-0.000000	-0.000000	-0.000000	0.000000	0.000000	0.000000	-0.000000	-0.000000	0.000000	0.000000	0.000000	-0.000000	-0.000000	-0.000000	0.000000	0.000000	-0.000000	-0.000000	0.000000	-0.000000	0.000000	-0.000000	0.000000	0.000000	0.000000	-0.000000	-0.000000	0.000000	-0.000000
0.994706	-0.102506	-0.007277	0.000000	0.000000	0.000000	0.000000	0.000000	-0.000000	-0.000000	0.000000	0.000000	0.000000	-0.000000	-0.000000	-0.000000	0.000000	0.000000	-0.000000	0.000000	0.000000	-0.000000	-0.000000	-0.000000	-0.000000	-0.000000	-0.000000	0.000000	-0.000000	-0.000000	-0.000000	-0.000000	0.000000	-0.000000	-0.000000	-0.000000	-0.000000	-0.000000	0.000000	-0.000000	0.000000	0.000000	-0.000000	-0.000000
0.976415	-0.175106	0.126301	-0.000000	0.000000	-0.000000	0.000000	-0.000000	0.000000	-0.000000	0.000000	-0.000000	-0.000000	-0.000000	0.000000	-0.000000	0.000000	0.000000	-0.000000	0.000000	-0.000000	0.000000	-0.000000	-0.000000	0.000000	-0.000000	-0.000000	-0.000000	-0.000000	0.000000	0.000000	0.000000	-0.000000	0.000000	-0.000000	-0.000000	0.000000	0.000000	-0.000000	0.000000	-0.000000	0.000000	-0.000000	0.000000
0.497442	-0.867125	-0.025403	-0.000000	-0.000000	0.000000	0.000000	-0.000000	0.000000	0.000000	-0.000000	-0.000000	-0.000000	-0.000000	0.000000	0.000000	0.000000	0.000000	0.000000	0.000000	0.000000	-0.000000	-0.000000	0.000000	-0.000000	0.000000	-0.000000	0.000000	-0.000000	-0.000000	-0.000000	-0.000000	0.000000	-0.000000	-0.000000	-0.000000	0.000000	0.000000	0.000000	-0.000000	-0.000000	-0.000000	-0.000000	0.000000
0.973492	0.225529	-0.038065	-0.000000	0.000000	-0.000000	0.000000	0.000000	-0.000000	0.000000	-0.000000	0.000000	-0.000000	-0.000000	-0.000000	-0.000000	-0.000000	0.000000	0.000000	0.000000	-0.000000	-0.000000	0.000000	-0.000000	0.000000	0.000000	0.000000	-0.000000	0.000000	0.000000	0.000000	0.000000	0.000000	0.000000	0.000000	0.000000	0.000000	0.000000	0.000000	-0.000000	-0.000000	-0.000000	-0.000000	-0.000000
0.988074	0.148744	0.039822	-0.000000	0.000000	-0.000000	0.000000	-0.000000	0.000000	0.000000	-0.000000	0.000000	0.000000	0.000000	-0.000000	-0.000000	-0.000000	-0.000000	-0.000000	0.000000	0.000000	0.000000	0.000000	-0.000000	-0.000000	0.000000	-0.000000	-0.000000	0.000000	-0.000000	-0.000000	0.000000	-0.000000	-0.000000	0.000000	0.000000	0.000000	0.000000	0.000000	-0.000000	0.000000	-0.000000	0.000000	-0.000000
0.263041	-0.962640	-0.064294	-0.000000	-0.000000	-0.000000	0.000000	0.000000	-0.000000	-0.000000	0.000000	0.000000	0.000000	0.000000	-0.000000	0.000000	0.000000	-0.000000	0.000000	-0.000000	-0.000000	-0.000000	0.000000	-0.000000	-0.000000	-0.000000	-0.000000	-0.000000	0.000000	0.000000	0.000000	-0.000000	-0.000000	0.000000	0.000000	0.000000	0.000000	0.000000	-0.000000	0.000000	0.000000	-0.000000	0.000000	0.000000
0.997675	0.068101	-0.002702	-0.000000	-0.000000	0.000000	-0.000000	-0.000000	-0.000000	0.000000	0.000000	0.000000	-0.000000	0.000000	-0.000000	-0.000000	0.000000	0.000000	0.000000	0.000000	-0.000000	-0.000000	-0.000000	0.000000	0.000000	0.000000	0.000000	-0.000000	0.000000	-0.000000	-0.000000	0.000000	0.000000	-0.000000	-0.000000	0.000000	-0.000000	-0.000000	-0.000000	0.000000	-0.000000	0.000000	0.000000	-0.000000
0.984497	0.164416	0.061091	-0.000000	0.000000	-0.000000	0.000000	-0.000000	-0.000000	-0.000000	0.000000	-0.000000	0.000000	0.000000	-0.000000	0.000000	0.000000	0.000000	-0.000000	-0.000000	0.000000	0.000000	0.000000	0.000000	0.000000	-0.000000	-0.000000	0.000000	0.000000	-0.000000	-0.000000	-0.000000	0.000000	-0.000000	0.000000	0.000000	-0.000000	0.000000	-0.000000	-0.000000	-0.000000	-0.000000	-0.000000	-0.000000
0.982895	0.181980	-0.028279	0.000000	-0.000000	0.000000	0.000000	0.000000	-0.000000	0.000000	-0.000000	0.000000	-0.000000	-0.000000	0.000000	-0.000000	-0.000000	-0.000000	-0.000000	-0.000000	-0.000000	-0.000000	0.000000	-0.000000	0.000000	-0.000000	0.000000	-0.000000	-0.000000	-0.000000	0.000000	-0.000000	-0.000000	0.000000	-0.000000	0.000000	0.000000	0.000000	-0.000000	-0.000000	-0.000000	-0.000000	0.000000	-0.000000
0.831163	-0.556020	-0.003094	-0.000000	0.000000	0.000000	-0.000000	0.000000	0.000000	-0.000000	-0.000000	0.000000	-0.000000	0.000000	0.000000	-0.000000	0.000000	0.000000	-0.000000	0.000000	0.000000	0.000000	0.000000	0.000000	0.000000	-0.000000	0.000000	0.000000	-0.000000	-0.000000	-0.000000	0.000000	0.000000	0.000000	0.000000	0.000000	0.000000	-0.000000	0.000000	0.000000	-0.000000	0.000000	0.000000	0.000000
0.997976	0.050641	-0.038461	0.000000	-0.000000	0.000000	0.000000	-0.000000	-0.000000	-0.000000	0.000000	0.000000	-0.000000	-0.000000	0.000000	-0.000000	-0.000000	0.000000	-0.000000	0.000000	0.000000	0.000000	0.000000	-0.000000	0.000000	-0.000000	-0.000000	0.000000	0.000000	0.000000	-0.000000	0.000000	0.000000	0.000000	-0.000000	-0.000000	0.000000	-0.000000	-0.000000	0.000000	0.000000	-0.000000	0.000000	-0.000000
0.991024	0.131227	-0.025509	-0.000000	0.000000	-0.000000	0.000000	0.000000	-0.000000	-0.000000	0.000000	-0.000000	-0.000000	-0.000000	-0.000000	0.000000	-0.000000	-0.000000	0.000000	0.000000	0.000000	0.000000	0.000000	-0.000000	-0.000000	0.000000	0.000000	-0.000000	-0.000000	-0.000000	-0.000000	0.000000	-0.000000	-0.000000	-0.000000	-0.000000	-0.000000	0.000000	-0.000000	-0.000000	-0.000000	0.000000	0.000000	-0.000000
0.999425	-0.033812	0.002582	0.000000	-0.000000	0.000000	0.000000	0.000000	-0.000000	0.000000	0.000000	0.000000	-0.000000	0.000000	-0.000000	-0.000000	0.000000	-0.000000	-0.000000	-0.000000	-0.000000	0.000000	-0.000000	0.000000	0.000000	0.000000	-0.000000	0.000000	0.000000	0.000000	-0.000000	-0.000000	0.000000	0.000000	0.000000	-0.000000	-0.000000	-0.000000	-0.000000	-0.000000	-0.000000	0.000000	-0.000000	-0.000000
0.972132	0.232606	-0.029226	0.000000	0.000000	-0.000000	0.000000	0.000000	-0.000000	0.000000	-0.000000	0.000000	-0.000000	-0.000000	-0.000000	0.000000	0.000000	-0.000000	0.000000	-0.000000	0.000000	-0.000000	-0.000000	-0.000000	-0.000000	-0.000000	0.000000	-0.000000	-0.000000	-0.000000	-0.000000	-0.000000	-0.000000	0.000000	0.000000	0.000000	0.000000	-0.000000	-0.000000	0.000000	-0.000000	-0.000000	-0.000000	-0.000000
0.989614	-0.136042	0.046444	-0.000000	-0.000000	-0.000000	-0.000000	-0.000000	-0.000000	0.000000	0.000000	0.000000	-0.000000	0.000000	-0.000000	-0.000000	0.000000	0.000000	0.000000	0.000000	0.000000	-0.000000	-0.000000	0.000000	0.000000	-0.000000	0.000000	-0.000000	-0.000000	0.000000	0.000000	0.000000	-0.000000	-0.000000	0.000000	-0.000000	0.000000	-0.000000	-0.000000	-0.000000	0.000000	0.000000	0.000000	0.000000
0.998490	-0.046079	0.029907	0.000000	-0.000000	0.000000	-0.000000	-0.000000	-0.000000	0.000000	0.000000	-0.000000	0.000000	0.000000	-0.000000	0.000000	0.000000	-0.000000	0.000000	-0.000000	-0.000000	0.000000	0.000000	0.000000	0.000000	-0.000000	0.000000	-0.000000	-0.000000	0.000000	-0.000000	-0.000000	-0.000000	-0.000000	-0.000000	0.000000	0.000000	-0.000000	0.000000	-0.000000	-0.000000	-0.000000	-0.000000	-0.000000
0.980909	0.194173	0.010657	-0.000000	0.000000	0.000000	-0.000000	-0.000000	-0.000000	0.000000	0.000000	-0.000000	-0.000000	0.000000	0.000000	0.000000	-0.000000	-0.000000	-0.000000	0.000000	-0.000000	0.000000	-0.000000	0.000000	-0.000000	0.000000	-0.000000	-0.000000	-0.000000	-0.000000	0.000000	0.000000	0.000000	0.000000	0.000000	-0.000000	0.000000	-0.000000	0.000000	-0.000000	-0.000000	-0.000000	0.000000	-0.000000
0.999645	-0.025109	0.008872	0.000000	-0.000000	0.000000	-0.000000	-0.000000	0.000000	-0.000000	-0.000000	-0.000000	-0.000000	0.000000	0.000000	-0.000000	0.000000	-0.000000	0.000000	-0.000000	0.000000	-0.000000	0.000000	-0.000000	-0.000000	0.000000	-0.000000	0.000000	0.000000	-0.000000	-0.000000	0.000000	-0.000000	-0.000000	-0.000000	-0.000000	-0.000000	0.000000	-0.000000	-0.000000	-0.000000	-0.000000	-0.000000	-0.000000
0.691796	-0.720683	-0.045106	-0.000000	-0.000000	-0.000000	-0.000000	-0.000000	-0.000000	0.000000	-0.000000	-0.000000	0.000000	0.000000	0.000000	-0.000000	-0.000000	-0.000000	-0.000000	-0.000000	0.000000	-0.000000	-0.000000	-0.000000	0.000000	-0.000000	0.000000	-0.000000	-0.000000	-0.000000	0.000000	0.000000	0.000000	0.000000	0.000000	-0.000000	-0.000000	-0.000000	-0.000000	-0.000000	-0.000000	-0.000000	-0.000000	0.000000
0.994753	-0.102073	-0.006939	0.000000	-0.000000	-0.000000	-0.000000	0.000000	-0.000000	0.000000	0.000000	-0.000000	0.000000	0.000000	-0.000000	-0.000000	-0.000000	-0.000000	0.000000	0.000000	-0.000000	0.000000	0.000000	0.000000	-0.000000	-0.000000	0.000000	0.000000	0.000000	-0.000000	0.000000	0.000000	0.000000	-0.000000	0.000000	-0.000000	0.000000	-0.000000	0.000000	-0.000000	-0.000000	-0.000000	-0.000000	-0.000000
