0.962917
0.036272
0.000811
0.000000
0.000000
0.000000
0.000000
0.000000
0.000000
0.000000
0.000000
0.000000
0.000000
0.000000
0.000000
0.000000
0.000000
0.000000
0.000000
0.000000
0.000000
0.000000
0.000000
0.000000
0.000000
0.000000
0.000000
0.000000
0.000000
0.000000
0.000000
0.000000
0.000000
0.000000
0.000000
0.000000
0.000000
0.000000
0.000000
0.000000
0.000000
0.000000
0.000000
0.000000
0.724519
0.272962
0.002519
0.000000
0.000000
0.000000
0.000000
0.000000
0.000000
0.000000
0.000000
0.000000
0.000000
0.000000
0.000000
0.000000
0.000000
0.000000
0.000000
0.000000
0.000000
0.000000
0.000000
0.000000
0.000000
0.000000
0.000000
0.000000
0.000000
0.000000
0.000000
0.000000
0.000000
0.000000
0.000000
0.000000
0.000000
0.000000
0.000000
0.000000
0.000000
0.000000
0.000000
0.000000
0.961228
0.037539
0.001233
0.000000
0.000000
0.000000
0.000000
0.000000
0.000000
0.000000
0.000000
0.000000
0.000000
0.000000
0.000000
0.000000
0.000000
0.000000
0.000000
0.000000
0.000000
0.000000
0.000000
0.000000
0.000000
0.000000
0.000000
0.000000
0.000000
0.000000
0.000000
0.000000
0.000000
0.000000
0.000000
0.000000
0.000000
0.000000
0.000000
0.000000
0.000000
0.000000
0.000000
0.000000
0.782533
0.215411
0.002056
0.000000
0.000000
0.000000
0.000000
0.000000
0.000000
0.000000
0.000000
0.000000
0.000000
0.000000
0.000000
0.000000
0.000000
0.000000
0.000000
0.000000
0.000000
0.000000
0.000000
0.000000
0.000000
0.000000
0.000000
0.000000
0.000000
0.000000
0.000000
0.000000
0.000000
0.000000
0.000000
0.000000
0.000000
0.000000
0.000000
0.000000
0.000000
0.000000
0.000000
0.000000
0.000001
0.000000
0.000065
0.000558
0.003256
0.031436
0.020285
0.001296
0.000064
0.000038
0.000000
0.000000
0.000000
0.000000
0.000000
0.000000
0.000000
0.000000
0.000000
0.000000
0.000000
0.000000
0.000000
0.000000
0.000000
0.000000
0.000000
0.000000
0.000000
0.000000
0.000000
0.000000
0.000000
0.000000
0.000000
0.000000
0.000000
0.000000
0.000000
0.000000
0.000000
0.000000
0.000000
0.000003
0.000001
0.000000
0.000065
0.000558
0.000127
0.000035
0.000432
0.000021
0.000004
0.000000
0.000001
0.006890
0.004769
0.004196
0.032924
0.006711
0.000227
0.000015
0.000022
0.000000
0.000001
0.000000
0.000000
0.000000
0.000000
0.000000
0.000000
0.000000
0.000000
0.000000
0.000000
0.000000
0.000000
0.000000
0.000000
0.000000
0.000000
0.000000
0.000000
0.000000
0.000000
0.000000
0.000000
0.000003
0.000001
0.000000
0.000065
0.000558
0.000127
0.000035
0.000432
0.000021
0.000004
0.000000
0.000001
0.039283
0.000317
0.007026
0.005062
0.003467
0.000536
0.000012
0.000001
0.000048
0.000003
0.000000
0.000000
0.000000
0.000000
0.000000
0.000000
0.000000
0.000000
0.000000
0.000000
0.000000
0.000000
0.000000
0.000000
0.000000
0.000000
0.000000
0.000000
0.000000
0.000000
0.000000
0.000000
0.000003
0.000001
0.000000
0.000065
0.000558
0.000127
0.000035
0.000432
0.000021
0.000004
0.000000
0.000001
0.001468
0.039032
0.002721
0.003464
0.006883
0.001638
0.000451
0.000050
0.000047
0.000001
0.000000
0.000000
0.000000
0.000000
0.000000
0.000000
0.000000
0.000000
0.000000
0.000000
0.000000
0.000000
0.000000
0.000000
0.000000
0.000000
0.000000
0.000000
0.000000
0.000000
0.000000
0.000000
0.000003
0.000001
0.000000
0.000065
0.000558
0.000127
0.000035
0.000432
0.000021
0.000004
0.000000
0.000001
0.002206
0.001652
0.021101
0.003505
0.002253
0.012472
0.011841
0.000053
0.000637
0.000036
0.000000
0.000000
0.000000
0.000000
0.000000
0.000000
0.000000
0.000000
0.000000
0.000000
0.000000
0.000000
0.000000
0.000000
0.000000
0.000000
0.000000
0.000000
0.000000
0.000000
0.000000
0.000000
0.000003
0.000001
0.000000
0.000065
0.000558
0.000127
0.000035
0.000432
0.000021
0.000004
0.000000
0.000001
0.000655
0.002413
0.014219
0.004027
0.002902
0.002075
0.029151
0.000213
0.000093
0.000008
0.000001
0.000000
0.000000
0.000000
0.000000
0.000000
0.000000
0.000000
0.000000
0.000000
0.000000
0.000000
0.000000
0.000000
0.000000
0.000000
0.000000
0.000000
0.000000
0.000000
0.000000
0.000000
0.000003
0.000001
0.000000
0.000065
0.000558
0.000127
0.000035
0.000432
0.000021
0.000004
0.000000
0.000001
0.000000
0.000694
0.003434
0.000622
0.006164
0.025845
0.011011
0.003516
0.004044
0.000422
0.000002
0.000000
0.000000
0.000000
0.000000
0.000000
0.000000
0.000000
0.000000
0.000000
0.000000
0.000000
0.000000
0.000000
0.000000
0.000000
0.000000
0.000000
0.000000
0.000000
0.000000
0.000000
0.000003
0.000001
0.000000
0.000065
0.000558
0.000127
0.000035
0.000432
0.000021
0.000004
0.000000
0.000001
0.000009
0.000004
0.000036
0.000340
0.000012
0.000038
0.000328
0.027170
0.026684
0.001135
0.000000
0.000000
0.000000
0.000000
0.000000
0.000000
0.000000
0.000000
0.000000
0.000000
0.000000
0.000000
0.000000
0.000000
0.000000
0.000000
0.000000
0.000000
0.000000
0.000000
0.000000
0.000000
0.000003
0.000001
0.000000
0.000065
0.000558
0.000127
0.000035
0.000432
0.000021
0.000004
0.000000
0.000001
0.000014
0.000067
0.000216
0.000086
0.000002
0.000145
0.000037
0.000015
0.000101
0.000005
0.000000
0.000000
0.035787
0.006166
0.000003
0.000656
0.012376
0.000002
0.000004
0.000051
0.000001
0.000005
0.000009
0.000001
0.000007
0.000000
0.000000
0.000000
0.000000
0.000000
0.000000
0.000000
0.000003
0.000001
0.000000
0.000065
0.000558
0.000127
0.000035
0.000432
0.000021
0.000004
0.000000
0.000001
0.000014
0.000067
0.000216
0.000086
0.000002
0.000145
0.000037
0.000015
0.000101
0.000005
0.000000
0.000000
0.008686
0.008890
0.007721
0.001746
0.011261
0.013324
0.002732
0.000157
0.000066
0.000243
0.000232
0.000006
0.000001
0.000003
0.000000
0.000000
0.000000
0.000000
0.000000
0.000000
0.000003
0.000001
0.000000
0.000065
0.000558
0.000127
0.000035
0.000432
0.000021
0.000004
0.000000
0.000001
0.000014
0.000067
0.000216
0.000086
0.000002
0.000145
0.000037
0.000015
0.000101
0.000005
0.000000
0.000000
0.003333
0.025892
0.015228
0.008684
0.000202
0.000532
0.000079
0.000969
0.000006
0.000018
0.000115
0.000000
0.000000
0.000008
0.000000
0.000000
0.000000
0.000000
0.000000
0.000000
0.000003
0.000001
0.000000
0.000065
0.000558
0.000127
0.000035
0.000432
0.000021
0.000004
0.000000
0.000001
0.000014
0.000067
0.000216
0.000086
0.000002
0.000145
0.000037
0.000015
0.000101
0.000005
0.000000
0.000000
0.003893
0.012412
0.011366
0.000146
0.026831
0.000060
0.000351
0.000003
0.000001
0.000002
0.000000
0.000001
0.000001
0.000000
0.000000
0.000000
0.000000
0.000000
0.000000
0.000000
0.000003
0.000001
0.000000
0.000065
0.000558
0.000127
0.000035
0.000432
0.000021
0.000004
0.000000
0.000001
0.000014
0.000067
0.000216
0.000086
0.000002
0.000145
0.000037
0.000015
0.000101
0.000005
0.000000
0.000000
0.005048
0.002089
0.006866
0.004940
0.002185
0.029367
0.004449
0.000005
0.000023
0.000019
0.000036
0.000014
0.000019
0.000008
0.000000
0.000000
0.000000
0.000000
0.000000
0.000000
0.000003
0.000001
0.000000
0.000065
0.000558
0.000127
0.000035
0.000432
0.000021
0.000004
0.000000
0.000001
0.000014
0.000067
0.000216
0.000086
0.000002
0.000145
0.000037
0.000015
0.000101
0.000005
0.000000
0.000000
0.000347
0.000122
0.001150
0.001450
0.000000
0.001417
0.000269
0.002339
0.000937
0.010770
0.033932
0.001370
0.000444
0.000507
0.000000
0.000011
0.000000
0.000000
0.000000
0.000000
0.000003
0.000001
0.000000
0.000065
0.000558
0.000127
0.000035
0.000432
0.000021
0.000004
0.000000
0.000001
0.000014
0.000067
0.000216
0.000086
0.000002
0.000145
0.000037
0.000015
0.000101
0.000005
0.000000
0.000000
0.000169
0.001226
0.007164
0.009351
0.000078
0.000236
0.001288
0.031977
0.003211
0.000157
0.000084
0.000002
0.000104
0.000019
0.000000
0.000001
0.000000
0.000000
0.000000
0.000000
0.000003
0.000001
0.000000
0.000065
0.000558
0.000127
0.000035
0.000432
0.000021
0.000004
0.000000
0.000001
0.000014
0.000067
0.000216
0.000086
0.000002
0.000145
0.000037
0.000015
0.000101
0.000005
0.000000
0.000000
0.000108
0.000208
0.001831
0.010825
0.002153
0.004555
0.008032
0.000037
0.018074
0.000279
0.000304
0.004021
0.004532
0.000106
0.000000
0.000001
0.000000
0.000000
0.000000
0.000000
0.000003
0.000001
0.000000
0.000065
0.000558
0.000127
0.000035
0.000432
0.000021
0.000004
0.000000
0.000001
0.000014
0.000067
0.000216
0.000086
0.000002
0.000145
0.000037
0.000015
0.000101
0.000005
0.000000
0.000000
0.000038
0.000028
0.000315
0.000093
0.000219
0.000948
0.000004
0.000003
0.018734
0.007516
0.001585
0.003080
0.022293
0.000188
0.000005
0.000017
0.000000
0.000000
0.000000
0.000000
0.000003
0.000001
0.000000
0.000065
0.000558
0.000127
0.000035
0.000432
0.000021
0.000004
0.000000
0.000001
0.000014
0.000067
0.000216
0.000086
0.000002
0.000145
0.000037
0.000015
0.000101
0.000005
0.000000
0.000000
0.000038
0.000002
0.000294
0.000044
0.000155
0.000939
0.000283
0.000148
0.001577
0.000028
0.000352
0.011476
0.006447
0.033209
0.000014
0.000062
0.000000
0.000000
0.000000
0.000000
0.000003
0.000001
0.000000
0.000065
0.000558
0.000127
0.000035
0.000432
0.000021
0.000004
0.000000
0.000001
0.000014
0.000067
0.000216
0.000086
0.000002
0.000145
0.000037
0.000015
0.000101
0.000005
0.000000
0.000000
0.000038
0.000011
0.000453
0.000143
0.000117
0.000487
0.000075
0.001166
0.000023
0.000120
0.001520
0.001930
0.000382
0.000005
0.011982
0.036616
0.000000
0.000000
0.000000
0.000000
0.000003
0.000001
0.000000
0.000065
0.000558
0.000127
0.000035
0.000432
0.000021
0.000004
0.000000
0.000001
0.000014
0.000067
0.000216
0.000086
0.000002
0.000145
0.000037
0.000015
0.000101
0.000005
0.000000
0.000000
0.000039
0.000011
0.000485
0.000180
0.000103
0.000433
0.000043
0.001360
0.000012
0.000112
0.001070
0.001597
0.000190
0.000204
0.028789
0.020438
0.000000
0.000000
0.000000
0.000000
0.000003
0.000001
0.000000
0.000065
0.000558
0.000127
0.000035
0.000432
0.000021
0.000004
0.000000
0.000001
0.000014
0.000067
0.000216
0.000086
0.000002
0.000145
0.000037
0.000015
0.000101
0.000005
0.000000
0.000000
0.000039
0.000011
0.000478
0.000174
0.000105
0.000450
0.000051
0.001242
0.000035
0.000194
0.000635
0.000545
0.000775
0.000828
0.003146
0.000102
0.018765
0.023142
0.003136
0.001214
0.000003
0.000001
0.000000
0.000065
0.000558
0.000127
0.000035
0.000432
0.000021
0.000004
0.000000
0.000001
0.000014
0.000067
0.000216
0.000086
0.000002
0.000145
0.000037
0.000015
0.000101
0.000005
0.000000
0.000000
0.000039
0.000011
0.000478
0.000174
0.000105
0.000450
0.000051
0.001242
0.000035
0.000194
0.000635
0.000545
0.000775
0.000828
0.003146
0.000102
0.028542
0.002176
0.012749
0.002790
0.000003
0.000001
0.000000
0.000065
0.000558
0.000127
0.000035
0.000432
0.000021
0.000004
0.000000
0.000001
0.000014
0.000067
0.000216
0.000086
0.000002
0.000145
0.000037
0.000015
0.000101
0.000005
0.000000
0.000000
0.000039
0.000011
0.000478
0.000174
0.000105
0.000450
0.000051
0.001242
0.000035
0.000194
0.000635
0.000545
0.000775
0.000828
0.003146
0.000102
0.000012
0.014908
0.000612
0.030724
0.000003
0.000001
0.000000
0.000065
0.000558
0.000127
0.000035
0.000432
0.000021
0.000004
0.000000
0.000001
0.000014
0.000067
0.000216
0.000086
0.000002
0.000145
0.000037
0.000015
0.000101
0.000005
0.000000
0.000000
0.000039
0.000011
0.000478
0.000174
0.000105
0.000450
0.000051
0.001242
0.000035
0.000194
0.000635
0.000545
0.000775
0.000828
0.003146
0.000102
0.007744
0.015361
0.000088
0.023063
0.000003
0.000001
0.000000
0.000065
0.000558
0.000127
0.000035
0.000432
0.000021
0.000004
0.000000
0.000001
0.000014
0.000067
0.000216
0.000086
0.000002
0.000145
0.000037
0.000015
0.000101
0.000005
0.000000
0.000000
0.000039
0.000011
0.000478
0.000174
0.000105
0.000450
0.000051
0.001242
0.000035
0.000194
0.000635
0.000545
0.000775
0.000828
0.003146
0.000102
0.002758
0.002234
0.041235
0.000030
0.000003
0.000001
0.000000
0.000065
0.000558
0.000127
0.000035
0.000432
0.000021
0.000004
0.000000
0.000001
0.000014
0.000067
0.000216
0.000086
0.000002
0.000145
0.000037
0.000015
0.000101
0.000005
0.000000
0.000000
0.000053
0.000026
0.001886
0.015991
0.001157
0.001594
0.000005
0.012693
0.009919
0.005347
0.000063
0.004352
0.001832
0.000135
0.000004
0.000012
0.000000
0.000000
0.000000
0.000000
0.000003
0.000001
0.000000
0.000065
0.000558
0.000127
0.000035
0.000432
0.000021
0.000004
0.000000
0.000001
0.000014
0.000067
0.000216
0.000086
0.000002
0.000145
0.000037
0.000015
0.000101
0.000005
0.000000
0.000000
0.000025
0.000192
0.000595
0.000078
0.000000
0.000412
0.010023
0.000135
0.000012
0.022253
0.005492
0.010336
0.002420
0.003039
0.000032
0.000022
0.000000
0.000000
0.000000
0.000000
0.000003
0.000001
0.000000
0.000065
0.000558
0.000127
0.000035
0.000432
0.000021
0.000004
0.000000
0.000001
0.000014
0.000067
0.000216
0.000086
0.000002
0.000145
0.000037
0.000015
0.000101
0.000005
0.000000
0.000000
0.000013
0.000265
0.000009
0.001008
0.000174
0.000824
0.016307
0.000025
0.003681
0.001103
0.000580
0.011147
0.006792
0.012394
0.000681
0.000065
0.000000
0.000000
0.000000
0.000000
0.000003
0.000001
0.000000
0.000065
0.000558
0.000127
0.000035
0.000432
0.000021
0.000004
0.000000
0.000001
0.000014
0.000067
0.000216
0.000086
0.000002
0.000145
0.000037
0.000015
0.000101
0.000005
0.000000
0.000000
0.000013
0.000224
0.000064
0.001615
0.000282
0.000441
0.013624
0.000542
0.001367
0.008878
0.009272
0.005762
0.008481
0.003852
0.000584
0.000066
0.000000
0.000000
0.000000
0.000000
0.000003
0.000001
0.000000
0.000065
0.000558
0.000554
0.003109
0.006437
0.012621
0.004941
0.016398
0.012315
0.000000
0.000000
0.000000
0.000000
0.000000
0.000000
0.000000
0.000000
0.000000
0.000000
0.000000
0.000000
0.000000
0.000000
0.000000
0.000000
0.000000
0.000000
0.000000
0.000000
0.000000
0.000000
0.000000
0.000000
0.000000
0.000000
0.000000
0.000000
0.000000
0.000000
0.000000
0.000000
0.000003
0.000001
0.000000
0.000065
0.000558
0.000513
0.004836
0.008610
0.015726
0.000004
0.017898
0.008786
0.000000
0.000000
0.000000
0.000000
0.000000
0.000000
0.000000
0.000000
0.000000
0.000000
0.000000
0.000000
0.000000
0.000000
0.000000
0.000000
0.000000
0.000000
0.000000
0.000000
0.000000
0.000000
0.000000
0.000000
0.000000
0.000000
0.000000
0.000000
0.000000
0.000000
0.000000
0.000000
0.000003
0.000001
0.000000
0.000065
0.000558
0.004460
0.000098
0.000555
0.000303
0.004330
0.014746
0.031882
0.000000
0.000000
0.000000
0.000000
0.000000
0.000000
0.000000
0.000000
0.000000
0.000000
0.000000
0.000000
0.000000
0.000000
0.000000
0.000000
0.000000
0.000000
0.000000
0.000000
0.000000
0.000000
0.000000
0.000000
0.000000
0.000000
0.000000
0.000000
0.000000
0.000000
0.000000
0.000000
0.000003
0.000001
0.000000
0.000065
0.000558
0.006242
0.000020
0.000799
0.000055
0.000930
0.001123
0.000948
0.005618
0.005990
0.000035
0.004721
0.023074
0.006612
0.000191
0.000002
0.000012
0.000001
0.000000
0.000000
0.000000
0.000000
0.000000
0.000000
0.000000
0.000000
0.000000
0.000000
0.000000
0.000000
0.000000
0.000000
0.000000
0.000000
0.000000
0.000000
0.000000
0.000000
0.000000
0.000000
0.000003
0.000001
0.000000
0.000065
0.000558
0.006242
0.000020
0.000799
0.000055
0.000930
0.001123
0.000948
0.000298
0.000197
0.000421
0.000046
0.000335
0.005200
0.002618
0.019863
0.017140
0.000134
0.000003
0.000000
0.000000
0.000000
0.000000
0.000000
0.000000
0.000000
0.000000
0.000000
0.000000
0.000000
0.000000
0.000000
0.000000
0.000000
0.000000
0.000000
0.000000
0.000000
0.000000
0.000000
0.000003
0.000001
0.000000
0.000065
0.000558
0.006242
0.000020
0.000799
0.000055
0.000930
0.001123
0.000948
0.000365
0.000517
0.000000
0.000310
0.001634
0.000124
0.000311
0.001438
0.005561
0.035394
0.000600
0.000003
0.000000
0.000000
0.000000
0.000000
0.000000
0.000000
0.000000
0.000000
0.000000
0.000000
0.000000
0.000000
0.000000
0.000000
0.000000
0.000000
0.000000
0.000000
0.000000
0.000000
0.000003
0.000001
0.000000
0.000065
0.000558
0.006242
0.000020
0.000799
0.000055
0.000930
0.001123
0.000948
0.000372
0.000407
0.000048
0.000489
0.002150
0.000001
0.000556
0.002542
0.000520
0.014046
0.020569
0.004559
0.000000
0.000000
0.000000
0.000000
0.000000
0.000000
0.000000
0.000000
0.000000
0.000000
0.000000
0.000000
0.000000
0.000000
0.000000
0.000000
0.000000
0.000000
0.000000
0.000000
0.000003
0.000001
0.000000
0.000065
0.000558
0.006242
0.000020
0.000799
0.000055
0.000930
0.001123
0.000948
0.000372
0.000419
0.000058
0.000495
0.002191
0.000001
0.000566
0.002626
0.000903
0.006440
0.027511
0.004675
0.000000
0.000000
0.000000
0.000000
0.000000
0.000000
0.000000
0.000000
0.000000
0.000000
0.000000
0.000000
0.000000
0.000000
0.000000
0.000000
0.000000
0.000000
0.000000
0.000000
0.000003
0.000001
0.000000
0.000065
0.000558
0.006548
0.000000
0.000035
0.003230
0.043568
0.002983
0.000011
0.000000
0.000000
0.000000
0.000000
0.000000
0.000000
0.000000
0.000000
0.000000
0.000000
0.000000
0.000000
0.000000
0.000000
0.000000
0.000000
0.000000
0.000000
0.000000
0.000000
0.000000
0.000000
0.000000
0.000000
0.000000
0.000000
0.000000
0.000000
0.000000
0.000000
0.000000
0.000000
0.000003
0.000001
0.000000
0.000065
0.000558
0.003865
0.008627
0.002900
0.011894
0.000081
0.000070
0.000029
0.000000
0.000000
0.000000
0.000000
0.000000
0.000000
0.000000
0.000000
0.000001
0.000050
0.004567
0.024292
0.000000
0.000000
0.000000
0.000000
0.000000
0.000000
0.000000
0.000000
0.000000
0.000000
0.000000
0.000000
0.000000
0.000000
0.000000
0.000000
0.000000
0.000000
0.000000
0.000000
0.000003
0.000001
0.000000
0.000065
0.000558
0.003865
0.008627
0.002900
0.011894
0.000081
0.000070
0.000029
0.000000
0.000000
0.000000
0.000000
0.000000
0.000000
0.000000
0.000000
0.000001
0.000050
0.004567
0.024292
0.000000
0.000000
0.000000
0.000000
0.000000
0.000000
0.000000
0.000000
0.000000
0.000000
0.000000
0.000000
0.000000
0.000000
0.000000
0.000000
0.000000
0.000000
0.000000
0.000000
0.000003
