0.930601
0.064690
0.003401
0.000675
0.000525
0.000001
0.000062
0.000016
0.000017
0.000001
0.000009
0.000001
0.000000
0.000000
0.000000
0.000000
0.000000
0.000000
0.000000
0.000000
0.000000
0.000000
0.000000
0.000000
0.000000
0.000000
0.000000
0.000000
0.000000
0.000000
0.000000
0.000000
0.000000
0.000000
0.000000
0.000000
0.000000
0.000000
0.000000
0.000000
0.000000
0.000000
0.000000
0.000000
0.930384
0.035957
0.000468
0.000005
0.005518
0.013020
0.013786
0.000358
0.000481
0.000006
0.000003
0.000013
0.000002
0.000000
0.000000
0.000000
0.000000
0.000000
0.000000
0.000000
0.000000
0.000000
0.000000
0.000000
0.000000
0.000000
0.000000
0.000000
0.000000
0.000000
0.000000
0.000000
0.000000
0.000000
0.000000
0.000000
0.000000
0.000000
0.000000
0.000000
0.000000
0.000000
0.000000
0.000000
0.317135
0.394593
0.273591
0.006805
0.007230
0.000020
0.000463
0.000019
0.000061
0.000004
0.000075
0.000005
0.000000
0.000000
0.000000
0.000000
0.000000
0.000000
0.000000
0.000000
0.000000
0.000000
0.000000
0.000000
0.000000
0.000000
0.000000
0.000000
0.000000
0.000000
0.000000
0.000000
0.000000
0.000000
0.000000
0.000000
0.000000
0.000000
0.000000
0.000000
0.000000
0.000000
0.000000
0.000000
0.045416
0.138382
0.647149
0.023604
0.120614
0.019779
0.000480
0.000676
0.002888
0.000118
0.000104
0.000560
0.000229
0.000000
0.000000
0.000000
0.000000
0.000000
0.000000
0.000000
0.000000
0.000000
0.000000
0.000000
0.000000
0.000000
0.000000
0.000000
0.000000
0.000000
0.000000
0.000000
0.000000
0.000000
0.000000
0.000000
0.000000
0.000000
0.000000
0.000000
0.000000
0.000000
0.000000
0.000000
0.433301
0.143546
0.281830
0.042209
0.075287
0.017478
0.005206
0.000295
0.000278
0.000096
0.000111
0.000248
0.000115
0.000000
0.000000
0.000000
0.000000
0.000000
0.000000
0.000000
0.000000
0.000000
0.000000
0.000000
0.000000
0.000000
0.000000
0.000000
0.000000
0.000000
0.000000
0.000000
0.000000
0.000000
0.000000
0.000000
0.000000
0.000000
0.000000
0.000000
0.000000
0.000000
0.000000
0.000000
0.936826
0.026023
0.001997
0.000870
0.000285
0.024276
0.007979
0.001044
0.000005
0.000319
0.000115
0.000193
0.000068
0.000000
0.000000
0.000000
0.000000
0.000000
0.000000
0.000000
0.000000
0.000000
0.000000
0.000000
0.000000
0.000000
0.000000
0.000000
0.000000
0.000000
0.000000
0.000000
0.000000
0.000000
0.000000
0.000000
0.000000
0.000000
0.000000
0.000000
0.000000
0.000000
0.000000
0.000000
0.960403
0.032605
0.001107
0.000035
0.001065
0.001005
0.001003
0.000363
0.000403
0.000305
0.001503
0.000184
0.000021
0.000000
0.000000
0.000000
0.000000
0.000000
0.000000
0.000000
0.000000
0.000000
0.000000
0.000000
0.000000
0.000000
0.000000
0.000000
0.000000
0.000000
0.000000
0.000000
0.000000
0.000000
0.000000
0.000000
0.000000
0.000000
0.000000
0.000000
0.000000
0.000000
0.000000
0.000000
0.621975
0.200573
0.026484
0.018698
0.104521
0.000336
0.022571
0.002817
0.000840
0.000703
0.000481
0.000000
0.000001
0.000000
0.000000
0.000000
0.000000
0.000000
0.000000
0.000000
0.000000
0.000000
0.000000
0.000000
0.000000
0.000000
0.000000
0.000000
0.000000
0.000000
0.000000
0.000000
0.000000
0.000000
0.000000
0.000000
0.000000
0.000000
0.000000
0.000000
0.000000
0.000000
0.000000
0.000000
0.969116
0.013513
0.001527
0.000551
0.007414
0.000418
0.000114
0.004194
0.000397
0.001477
0.001230
0.000047
0.000001
0.000000
0.000000
0.000000
0.000000
0.000000
0.000000
0.000000
0.000000
0.000000
0.000000
0.000000
0.000000
0.000000
0.000000
0.000000
0.000000
0.000000
0.000000
0.000000
0.000000
0.000000
0.000000
0.000000
0.000000
0.000000
0.000000
0.000000
0.000000
0.000000
0.000000
0.000000
0.458189
0.533703
0.004854
0.000818
0.000011
0.000010
0.000013
0.001913
0.000000
0.000488
0.000000
0.000002
0.000000
0.000000
0.000000
0.000000
0.000000
0.000000
0.000000
0.000000
0.000000
0.000000
0.000000
0.000000
0.000000
0.000000
0.000000
0.000000
0.000000
0.000000
0.000000
0.000000
0.000000
0.000000
0.000000
0.000000
0.000000
0.000000
0.000000
0.000000
0.000000
0.000000
0.000000
0.000000
0.417197
0.577177
0.001163
0.000920
0.000517
0.000113
0.000017
0.002012
0.000702
0.000146
0.000011
0.000023
0.000001
0.000000
0.000000
0.000000
0.000000
0.000000
0.000000
0.000000
0.000000
0.000000
0.000000
0.000000
0.000000
0.000000
0.000000
0.000000
0.000000
0.000000
0.000000
0.000000
0.000000
0.000000
0.000000
0.000000
0.000000
0.000000
0.000000
0.000000
0.000000
0.000000
0.000000
0.000000
0.153855
0.706746
0.000147
0.113836
0.021862
0.000005
0.000009
0.000014
0.002550
0.000771
0.000048
0.000157
0.000001
0.000000
0.000000
0.000000
0.000000
0.000000
0.000000
0.000000
0.000000
0.000000
0.000000
0.000000
0.000000
0.000000
0.000000
0.000000
0.000000
0.000000
0.000000
0.000000
0.000000
0.000000
0.000000
0.000000
0.000000
0.000000
0.000000
0.000000
0.000000
0.000000
0.000000
0.000000
0.754684
0.065209
0.009951
0.132033
0.033730
0.000875
0.000104
0.000000
0.002605
0.000601
0.000034
0.000175
0.000001
0.000000
0.000000
0.000000
0.000000
0.000000
0.000000
0.000000
0.000000
0.000000
0.000000
0.000000
0.000000
0.000000
0.000000
0.000000
0.000000
0.000000
0.000000
0.000000
0.000000
0.000000
0.000000
0.000000
0.000000
0.000000
0.000000
0.000000
0.000000
0.000000
0.000000
0.000000
0.976949
0.018411
0.002613
0.000244
0.000170
0.000052
0.000173
0.000252
0.000144
0.000017
0.000355
0.000573
0.000046
0.000000
0.000000
0.000000
0.000000
0.000000
0.000000
0.000000
0.000000
0.000000
0.000000
0.000000
0.000000
0.000000
0.000000
0.000000
0.000000
0.000000
0.000000
0.000000
0.000000
0.000000
0.000000
0.000000
0.000000
0.000000
0.000000
0.000000
0.000000
0.000000
0.000000
0.000000
0.000219
0.000000
0.000111
0.000001
0.000049
0.000058
0.000012
0.000070
0.000023
0.000013
0.000056
0.000044
0.000064
0.000340
0.015977
0.012162
0.014778
0.031091
0.023855
0.002395
0.002729
0.000327
0.005820
0.015708
0.026592
0.000005
0.015347
0.014886
0.000000
0.000000
0.000000
0.000000
0.000000
0.000000
0.000000
0.000000
0.000000
0.000000
0.000000
0.000000
0.000000
0.000000
0.000000
0.000189
0.000219
0.000000
0.000111
0.000001
0.000049
0.000058
0.000012
0.000070
0.000023
0.000013
0.000056
0.000044
0.000064
0.000340
0.001318
0.001188
0.000126
0.001101
0.000706
0.000008
0.000014
0.000057
0.000180
0.000044
0.002213
0.000126
0.000014
0.000065
0.050388
0.087475
0.013336
0.002326
0.010490
0.003899
0.000088
0.000480
0.000039
0.001313
0.002337
0.000307
0.001545
0.000464
0.000026
0.000189
0.000219
0.000000
0.000111
0.000001
0.000049
0.000058
0.000012
0.000070
0.000023
0.000013
0.000056
0.000044
0.000064
0.000340
0.001318
0.001188
0.000126
0.001101
0.000706
0.000008
0.000014
0.000057
0.000180
0.000044
0.002213
0.000126
0.000014
0.000065
0.001851
0.029008
0.068906
0.001402
0.055581
0.006337
0.000817
0.000293
0.000143
0.001336
0.004003
0.004300
0.000390
0.000001
0.000144
0.000189
0.000219
0.000000
0.000111
0.000001
0.000049
0.000058
0.000012
0.000070
0.000023
0.000013
0.000056
0.000044
0.000064
0.000340
0.001318
0.001188
0.000126
0.001101
0.000706
0.000008
0.000014
0.000057
0.000180
0.000044
0.002213
0.000126
0.000014
0.000065
0.036543
0.002742
0.019627
0.033649
0.045940
0.026272
0.001048
0.000404
0.000027
0.002754
0.004105
0.001015
0.000155
0.000033
0.000197
0.000189
0.000219
0.000000
0.000111
0.000001
0.000049
0.000058
0.000012
0.000070
0.000023
0.000013
0.000056
0.000044
0.000064
0.000340
0.001318
0.001188
0.000126
0.001101
0.000706
0.000008
0.000014
0.000057
0.000180
0.000044
0.002213
0.000126
0.000014
0.000065
0.062098
0.000398
0.033091
0.056180
0.001339
0.005221
0.007060
0.002497
0.000296
0.002436
0.003580
0.000080
0.000000
0.000238
0.000000
0.000189
0.000219
0.000000
0.000111
0.000001
0.000049
0.000058
0.000012
0.000070
0.000023
0.000013
0.000056
0.000044
0.000064
0.000340
0.001318
0.001188
0.000126
0.001101
0.000706
0.000008
0.000014
0.000057
0.000180
0.000044
0.002213
0.000126
0.000014
0.000065
0.003279
0.000254
0.003367
0.001230
0.001357
0.003015
0.119359
0.022700
0.000100
0.004744
0.001014
0.002187
0.005592
0.006073
0.000242
0.000189
0.000219
0.000000
0.000111
0.000001
0.000049
0.000058
0.000012
0.000070
0.000023
0.000013
0.000056
0.000044
0.000064
0.000340
0.001318
0.001188
0.000126
0.001101
0.000706
0.000008
0.000014
0.000057
0.000180
0.000044
0.002213
0.000126
0.000014
0.000065
0.006818
0.029597
0.000118
0.000018
0.002877
0.025351
0.002465
0.009853
0.000852
0.017449
0.075742
0.000283
0.001573
0.000192
0.001323
0.000189
0.000219
0.000000
0.000111
0.000001
0.000049
0.000058
0.000012
0.000070
0.000023
0.000013
0.000056
0.000044
0.000064
0.000340
0.001318
0.001188
0.000126
0.001101
0.000706
0.000008
0.000014
0.000057
0.000180
0.000044
0.002213
0.000126
0.000014
0.000065
0.008527
0.006279
0.010232
0.018722
0.004519
0.064070
0.025609
0.002851
0.001225
0.006394
0.018116
0.005307
0.000003
0.002435
0.000221
0.000189
0.000219
0.000000
0.000111
0.000001
0.000049
0.000058
0.000012
0.000070
0.000023
0.000013
0.000056
0.000044
0.000064
0.000340
0.001318
0.001188
0.000126
0.001101
0.000706
0.000008
0.000014
0.000057
0.000180
0.000044
0.002213
0.000126
0.000014
0.000065
0.001664
0.001868
0.005044
0.009095
0.012301
0.005226
0.000913
0.003926
0.004560
0.037096
0.006522
0.004985
0.071146
0.003511
0.006655
0.000189
0.000219
0.000000
0.000111
0.000001
0.000049
0.000058
0.000012
0.000070
0.000023
0.000013
0.000056
0.000044
0.000064
0.000340
0.001318
0.001188
0.000126
0.001101
0.000706
0.000008
0.000014
0.000057
0.000180
0.000044
0.002213
0.000126
0.000014
0.000065
0.008368
0.011284
0.017032
0.028089
0.007663
0.012956
0.015623
0.018145
0.000477
0.002398
0.013709
0.008126
0.000232
0.030148
0.000261
0.000189
0.000219
0.000000
0.000111
0.000001
0.000049
0.000058
0.000012
0.000070
0.000023
0.000013
0.000056
0.000044
0.000064
0.000340
0.001318
0.001188
0.000126
0.001101
0.000706
0.000008
0.000014
0.000057
0.000180
0.000044
0.002213
0.000126
0.000014
0.000065
0.004081
0.008472
0.003226
0.008670
0.000841
0.004885
0.000256
0.062484
0.004444
0.000089
0.000002
0.050589
0.022232
0.002491
0.001751
0.000189
0.000219
0.000000
0.000111
0.000001
0.000049
0.000058
0.000012
0.000070
0.000023
0.000013
0.000056
0.000044
0.000064
0.000340
0.001318
0.001188
0.000126
0.001101
0.000706
0.000008
0.000014
0.000057
0.000180
0.000044
0.002213
0.000126
0.000014
0.000065
0.000841
0.003137
0.008185
0.012499
0.014252
0.005229
0.003043
0.006970
0.000012
0.020753
0.001227
0.001082
0.006575
0.086295
0.004412
0.000189
0.000219
0.000000
0.000111
0.000001
0.000049
0.000058
0.000012
0.000070
0.000023
0.000013
0.000056
0.000044
0.000064
0.000340
0.001318
0.001188
0.000126
0.001101
0.000706
0.000008
0.000014
0.000057
0.000180
0.000044
0.002213
0.000126
0.000014
0.000065
0.001167
0.000362
0.000205
0.002164
0.002936
0.000257
0.000016
0.010906
0.000569
0.040257
0.014483
0.034292
0.018671
0.028314
0.019911
0.000189
0.000219
0.000000
0.000111
0.000001
0.000049
0.000058
0.000012
0.000070
0.000023
0.000013
0.000056
0.000044
0.000064
0.000340
0.001318
0.001188
0.000126
0.001101
0.000706
0.000008
0.000014
0.000057
0.000180
0.000044
0.002213
0.000126
0.000014
0.000065
0.000987
0.003924
0.001165
0.000073
0.000994
0.000861
0.000003
0.002367
0.000726
0.021494
0.035760
0.066720
0.032078
0.000703
0.006659
0.000189
0.000219
0.000000
0.000111
0.000001
0.000049
0.000058
0.000012
0.000070
0.000023
0.000013
0.000056
0.000044
0.000064
0.000340
0.001318
0.001188
0.000126
0.001101
0.000706
0.000008
0.000014
0.000057
0.000180
0.000044
0.002213
0.000126
0.000014
0.000065
0.001240
0.002546
0.002317
0.007420
0.012039
0.006351
0.001908
0.000120
0.003921
0.012736
0.001708
0.007246
0.000280
0.007041
0.107641
0.000189
0.000219
0.000000
0.000111
0.000001
0.000049
0.000058
0.000012
0.000070
0.000023
0.000013
0.000056
0.000044
0.000064
0.000340
0.000005
0.004752
0.005355
0.000109
0.001599
0.000470
0.000070
0.000010
0.008975
0.000421
0.039831
0.011953
0.064002
0.044117
0.000000
0.000000
0.000000
0.000000
0.000000
0.000000
0.000000
0.000000
0.000000
0.000000
0.000000
0.000000
0.000000
0.000000
0.000000
0.000189
0.000219
0.000000
0.000111
0.000001
0.000049
0.000058
0.000012
0.000070
0.000023
0.000013
0.000056
0.000044
0.000064
0.000340
0.000024
0.004612
0.005121
0.000047
0.000885
0.001072
0.000004
0.000660
0.014851
0.005040
0.021692
0.010031
0.018089
0.005576
0.000040
0.000116
0.000086
0.000010
0.000373
0.000534
0.000138
0.000370
0.084250
0.000589
0.001788
0.000455
0.003283
0.000539
0.001397
0.000189
0.000219
0.000000
0.000111
0.000001
0.000049
0.000058
0.000012
0.000070
0.000023
0.000013
0.000056
0.000044
0.000064
0.000340
0.000024
0.004612
0.005121
0.000047
0.000885
0.001072
0.000004
0.000660
0.014851
0.005040
0.021692
0.010031
0.018089
0.005576
0.000040
0.000116
0.000086
0.000010
0.000373
0.000534
0.000138
0.000370
0.084250
0.000589
0.001788
0.000455
0.003283
0.000539
0.001397
0.000189
0.000219
0.000000
0.000111
0.000001
0.000049
0.000058
0.000012
0.000070
0.000023
0.000013
0.000056
0.000044
0.000064
0.000340
0.000000
0.022724
0.011739
0.006357
0.011809
0.031322
0.013156
0.005964
0.017823
0.044570
0.002971
0.000215
0.006366
0.006654
0.000000
0.000000
0.000000
0.000000
0.000000
0.000000
0.000000
0.000000
0.000000
0.000000
0.000000
0.000000
0.000000
0.000000
0.000000
0.000189
0.000219
0.000000
0.000111
0.000001
0.000049
0.000058
0.000012
0.000070
0.000023
0.000013
0.000056
0.000044
0.000064
0.000340
0.049089
0.020829
0.013283
0.000112
0.041698
0.005071
0.000000
0.008408
0.001059
0.034398
0.001168
0.005509
0.000001
0.001048
0.000000
0.000000
0.000000
0.000000
0.000000
0.000000
0.000000
0.000000
0.000000
0.000000
0.000000
0.000000
0.000000
0.000000
0.000000
0.000189
0.000219
0.000000
0.000111
0.000001
0.000049
0.000058
0.000012
0.000070
0.000023
0.000013
0.000056
0.000044
0.000064
0.000340
0.002612
0.042828
0.020817
0.003355
0.001785
0.006784
0.000854
0.000795
0.000786
0.004694
0.001063
0.000324
0.000690
0.000318
0.000002
0.000179
0.000957
0.003190
0.007030
0.008469
0.004726
0.021599
0.001022
0.007755
0.001026
0.000254
0.010449
0.009459
0.017850
0.000189
0.000219
0.000000
0.000111
0.000001
0.000049
0.000058
0.000012
0.000070
0.000023
0.000013
0.000056
0.000044
0.000064
0.000340
0.002612
0.042828
0.020817
0.003355
0.001785
0.006784
0.000854
0.000795
0.000786
0.004694
0.001063
0.000324
0.000690
0.000318
0.000002
0.000179
0.000957
0.003190
0.007030
0.008469
0.004726
0.021599
0.001022
0.007755
0.001026
0.000254
0.010449
0.009459
0.017850
0.000189
0.000219
0.000000
0.000111
0.000001
0.000049
0.000058
0.000012
0.000070
0.000023
0.000013
0.000056
0.000044
0.000064
0.000340
0.015748
0.002049
0.021552
0.000639
0.020244
0.000567
0.001697
0.000210
0.004155
0.020686
0.022445
0.000027
0.015600
0.056052
0.000000
0.000000
0.000000
0.000000
0.000000
0.000000
0.000000
0.000000
0.000000
0.000000
0.000000
0.000000
0.000000
0.000000
0.000000
0.000189
0.000219
0.000000
0.000111
0.000001
0.000049
0.000058
0.000012
0.000070
0.000023
0.000013
0.000056
0.000044
0.000064
0.000340
0.017281
0.001556
0.018269
0.001674
0.000069
0.015610
0.032051
0.041009
0.000555
0.030636
0.009045
0.006335
0.001839
0.005743
0.000000
0.000000
0.000000
0.000000
0.000000
0.000000
0.000000
0.000000
0.000000
0.000000
0.000000
0.000000
0.000000
0.000000
0.000000
0.000189
0.000219
0.000000
0.000111
0.000001
0.000049
0.000058
0.000012
0.000070
0.000023
0.000013
0.000056
0.000044
0.000064
0.000340
0.000732
0.000886
0.000091
0.016061
0.025977
0.000004
0.054237
0.062787
0.003310
0.007729
0.000669
0.001404
0.003902
0.003882
0.000000
0.000000
0.000000
0.000000
0.000000
0.000000
0.000000
0.000000
0.000000
0.000000
0.000000
0.000000
0.000000
0.000000
0.000000
0.000189
0.000219
0.000000
0.000111
0.000001
0.000049
0.000058
0.000012
0.000070
0.000023
0.000013
0.000056
0.000044
0.000064
0.000340
0.021133
0.000173
0.009987
0.001168
0.019292
0.008734
0.012189
0.028512
0.010924
0.002013
0.000404
0.022465
0.007116
0.037561
0.000000
0.000000
0.000000
0.000000
0.000000
0.000000
0.000000
0.000000
0.000000
0.000000
0.000000
0.000000
0.000000
0.000000
0.000000
0.000189
0.000219
0.000000
0.000111
0.000001
0.000049
0.000058
0.000012
0.000070
0.000023
0.000013
0.000056
0.000044
0.000064
0.000340
0.024018
0.000630
0.013861
0.002899
0.008908
0.002767
0.004288
0.008942
0.035055
0.004358
0.001198
0.065038
0.008632
0.001078
0.000000
0.000000
0.000000
0.000000
0.000000
0.000000
0.000000
0.000000
0.000000
0.000000
0.000000
0.000000
0.000000
0.000000
0.000000
0.000189
0.000219
0.000000
0.000111
0.000001
0.000049
0.000058
0.000012
0.000070
0.000023
0.000013
0.000056
0.000044
0.000064
0.000340
0.014096
0.003346
0.005416
0.033282
0.001172
0.078202
0.010411
0.015669
0.011558
0.004076
0.000493
0.000003
0.001344
0.002602
0.000000
0.000000
0.000000
0.000000
0.000000
0.000000
0.000000
0.000000
0.000000
0.000000
0.000000
0.000000
0.000000
0.000000
0.000000
0.000189
0.000219
0.000000
0.000111
0.000001
0.000049
0.000058
0.000012
0.000070
0.000023
0.000013
0.000056
0.000044
0.000064
0.000340
0.006003
0.004001
0.017636
0.009070
0.017465
0.010592
0.046092
0.000301
0.018309
0.001603
0.003177
0.027945
0.017891
0.001586
0.000000
0.000000
0.000000
0.000000
0.000000
0.000000
0.000000
0.000000
0.000000
0.000000
0.000000
0.000000
0.000000
0.000000
0.000000
0.000189
0.000219
0.000000
0.000111
0.000001
0.000049
0.000058
0.000012
0.000070
0.000023
0.000013
0.000056
0.000044
0.000064
0.000340
0.000132
0.003318
0.002332
0.063260
0.000615
0.016382
0.009105
0.012087
0.036594
0.001657
0.003450
0.024568
0.008147
0.000024
0.000000
0.000000
0.000000
0.000000
0.000000
0.000000
0.000000
0.000000
0.000000
0.000000
0.000000
0.000000
0.000000
0.000000
0.000000
0.000189
