0.562165
0.154007
0.048888
0.036515
0.034338
0.000201
0.020102
0.011459
0.024449
0.002145
0.027813
0.004124
0.002367
0.069896
0.000000
0.000000
0.000000
0.000000
0.000000
0.000000
0.000000
0.000000
0.000000
0.000000
0.000000
0.000000
0.000000
0.000000
0.000000
0.000000
0.000000
0.000000
0.000000
0.000000
0.000000
0.000000
0.000000
0.000000
0.000000
0.000000
0.000000
0.000000
0.000000
0.001532
0.052208
0.007952
0.000626
0.000025
0.033509
0.315147
0.412062
0.023274
0.065827
0.001410
0.000827
0.008476
0.007228
0.069896
0.000000
0.000000
0.000000
0.000000
0.000000
0.000000
0.000000
0.000000
0.000000
0.000000
0.000000
0.000000
0.000000
0.000000
0.000000
0.000000
0.000000
0.000000
0.000000
0.000000
0.000000
0.000000
0.000000
0.000000
0.000000
0.000000
0.000000
0.000000
0.000000
0.001532
0.027586
0.135267
0.566298
0.052982
0.068058
0.000732
0.021466
0.001960
0.012893
0.001274
0.032594
0.005330
0.002132
0.069896
0.000000
0.000000
0.000000
0.000000
0.000000
0.000000
0.000000
0.000000
0.000000
0.000000
0.000000
0.000000
0.000000
0.000000
0.000000
0.000000
0.000000
0.000000
0.000000
0.000000
0.000000
0.000000
0.000000
0.000000
0.000000
0.000000
0.000000
0.000000
0.000000
0.001532
0.000569
0.006830
0.192867
0.026463
0.163484
0.106853
0.003201
0.009807
0.088292
0.006002
0.006535
0.083296
0.234374
0.069896
0.000000
0.000000
0.000000
0.000000
0.000000
0.000000
0.000000
0.000000
0.000000
0.000000
0.000000
0.000000
0.000000
0.000000
0.000000
0.000000
0.000000
0.000000
0.000000
0.000000
0.000000
0.000000
0.000000
0.000000
0.000000
0.000000
0.000000
0.000000
0.000000
0.001532
0.009088
0.011865
0.140661
0.079246
0.170894
0.158123
0.058160
0.007167
0.014236
0.008231
0.011716
0.061792
0.197392
0.069896
0.000000
0.000000
0.000000
0.000000
0.000000
0.000000
0.000000
0.000000
0.000000
0.000000
0.000000
0.000000
0.000000
0.000000
0.000000
0.000000
0.000000
0.000000
0.000000
0.000000
0.000000
0.000000
0.000000
0.000000
0.000000
0.000000
0.000000
0.000000
0.000000
0.001532
0.032422
0.003549
0.001645
0.002696
0.001068
0.362386
0.147083
0.041848
0.000441
0.044998
0.019968
0.079438
0.191030
0.069896
0.000000
0.000000
0.000000
0.000000
0.000000
0.000000
0.000000
0.000000
0.000000
0.000000
0.000000
0.000000
0.000000
0.000000
0.000000
0.000000
0.000000
0.000000
0.000000
0.000000
0.000000
0.000000
0.000000
0.000000
0.000000
0.000000
0.000000
0.000000
0.000000
0.001532
0.054908
0.007346
0.001505
0.000178
0.006592
0.024780
0.030541
0.024044
0.056174
0.071061
0.430594
0.124725
0.096122
0.069896
0.000000
0.000000
0.000000
0.000000
0.000000
0.000000
0.000000
0.000000
0.000000
0.000000
0.000000
0.000000
0.000000
0.000000
0.000000
0.000000
0.000000
0.000000
0.000000
0.000000
0.000000
0.000000
0.000000
0.000000
0.000000
0.000000
0.000000
0.000000
0.000000
0.001532
0.015244
0.019374
0.015446
0.041022
0.277245
0.003548
0.294670
0.079962
0.050230
0.070237
0.059041
0.000083
0.002469
0.069896
0.000000
0.000000
0.000000
0.000000
0.000000
0.000000
0.000000
0.000000
0.000000
0.000000
0.000000
0.000000
0.000000
0.000000
0.000000
0.000000
0.000000
0.000000
0.000000
0.000000
0.000000
0.000000
0.000000
0.000000
0.000000
0.000000
0.000000
0.000000
0.000000
0.001532
0.043308
0.002380
0.001623
0.002205
0.035859
0.008066
0.002724
0.217054
0.043331
0.269094
0.275477
0.025036
0.002414
0.069896
0.000000
0.000000
0.000000
0.000000
0.000000
0.000000
0.000000
0.000000
0.000000
0.000000
0.000000
0.000000
0.000000
0.000000
0.000000
0.000000
0.000000
0.000000
0.000000
0.000000
0.000000
0.000000
0.000000
0.000000
0.000000
0.000000
0.000000
0.000000
0.000000
0.001532
0.060706
0.278669
0.015302
0.009696
0.000151
0.000563
0.000943
0.293487
0.000001
0.263701
0.000003
0.002463
0.002888
0.069896
0.000000
0.000000
0.000000
0.000000
0.000000
0.000000
0.000000
0.000000
0.000000
0.000000
0.000000
0.000000
0.000000
0.000000
0.000000
0.000000
0.000000
0.000000
0.000000
0.000000
0.000000
0.000000
0.000000
0.000000
0.000000
0.000000
0.000000
0.000000
0.000000
0.001532
0.048420
0.263992
0.003213
0.009554
0.006491
0.005669
0.001082
0.270452
0.198793
0.069120
0.006354
0.032326
0.013108
0.069896
0.000000
0.000000
0.000000
0.000000
0.000000
0.000000
0.000000
0.000000
0.000000
0.000000
0.000000
0.000000
0.000000
0.000000
0.000000
0.000000
0.000000
0.000000
0.000000
0.000000
0.000000
0.000000
0.000000
0.000000
0.000000
0.000000
0.000000
0.000000
0.000000
0.001532
0.005282
0.095627
0.000120
0.349854
0.081232
0.000070
0.000165
0.000571
0.213733
0.107856
0.008212
0.063887
0.001962
0.069896
0.000000
0.000000
0.000000
0.000000
0.000000
0.000000
0.000000
0.000000
0.000000
0.000000
0.000000
0.000000
0.000000
0.000000
0.000000
0.000000
0.000000
0.000000
0.000000
0.000000
0.000000
0.000000
0.000000
0.000000
0.000000
0.000000
0.000000
0.000000
0.000000
0.001532
0.024785
0.008440
0.007777
0.388151
0.119886
0.012396
0.001816
0.000000
0.208799
0.080402
0.005633
0.068163
0.002324
0.069896
0.000000
0.000000
0.000000
0.000000
0.000000
0.000000
0.000000
0.000000
0.000000
0.000000
0.000000
0.000000
0.000000
0.000000
0.000000
0.000000
0.000000
0.000000
0.000000
0.000000
0.000000
0.000000
0.000000
0.000000
0.000000
0.000000
0.000000
0.000000
0.000000
0.001532
0.063308
0.004702
0.004030
0.001413
0.001193
0.001467
0.005985
0.018917
0.022801
0.004470
0.115234
0.440861
0.244191
0.069896
0.000000
0.000000
0.000000
0.000000
0.000000
0.000000
0.000000
0.000000
0.000000
0.000000
0.000000
0.000000
0.000000
0.000000
0.000000
0.000000
0.000000
0.000000
0.000000
0.000000
0.000000
0.000000
0.000000
0.000000
0.000000
0.000000
0.000000
0.000000
0.000000
0.001532
0.000000
0.000000
0.000000
0.000000
0.000000
0.000000
0.000000
0.000000
0.000000
0.000000
0.000000
0.000000
0.000000
0.000715
0.085015
0.064712
0.078632
0.165436
0.126932
0.012742
0.014520
0.001741
0.030967
0.083583
0.141493
0.000027
0.081661
0.079206
0.000000
0.000000
0.000000
0.000000
0.000000
0.000000
0.000000
0.000000
0.000000
0.000000
0.000000
0.000000
0.000000
0.000000
0.000000
0.032618
0.000000
0.000000
0.000000
0.000000
0.000000
0.000000
0.000000
0.000000
0.000000
0.000000
0.000000
0.000000
0.000000
0.000715
0.007012
0.006321
0.000669
0.005858
0.003759
0.000041
0.000074
0.000304
0.000959
0.000233
0.011775
0.000668
0.000073
0.000348
0.268111
0.465450
0.070961
0.012376
0.055815
0.020744
0.000466
0.002555
0.000209
0.006988
0.012433
0.001635
0.008223
0.002469
0.000139
0.032618
0.000000
0.000000
0.000000
0.000000
0.000000
0.000000
0.000000
0.000000
0.000000
0.000000
0.000000
0.000000
0.000000
0.000715
0.007012
0.006321
0.000669
0.005858
0.003759
0.000041
0.000074
0.000304
0.000959
0.000233
0.011775
0.000668
0.000073
0.000348
0.009847
0.154350
0.366647
0.007458
0.295746
0.033716
0.004348
0.001561
0.000762
0.007111
0.021298
0.022878
0.002077
0.000004
0.000767
0.032618
0.000000
0.000000
0.000000
0.000000
0.000000
0.000000
0.000000
0.000000
0.000000
0.000000
0.000000
0.000000
0.000000
0.000715
0.007012
0.006321
0.000669
0.005858
0.003759
0.000041
0.000074
0.000304
0.000959
0.000233
0.011775
0.000668
0.000073
0.000348
0.194446
0.014589
0.104436
0.179045
0.244447
0.139791
0.005575
0.002149
0.000146
0.014653
0.021845
0.005402
0.000826
0.000175
0.001046
0.032618
0.000000
0.000000
0.000000
0.000000
0.000000
0.000000
0.000000
0.000000
0.000000
0.000000
0.000000
0.000000
0.000000
0.000715
0.007012
0.006321
0.000669
0.005858
0.003759
0.000041
0.000074
0.000304
0.000959
0.000233
0.011775
0.000668
0.000073
0.000348
0.330419
0.002115
0.176075
0.298932
0.007122
0.027779
0.037566
0.013289
0.001572
0.012961
0.019048
0.000424
0.000001
0.001267
0.000000
0.032618
0.000000
0.000000
0.000000
0.000000
0.000000
0.000000
0.000000
0.000000
0.000000
0.000000
0.000000
0.000000
0.000000
0.000715
0.007012
0.006321
0.000669
0.005858
0.003759
0.000041
0.000074
0.000304
0.000959
0.000233
0.011775
0.000668
0.000073
0.000348
0.017447
0.001354
0.017914
0.006543
0.007220
0.016043
0.635107
0.120787
0.000530
0.025241
0.005397
0.011635
0.029754
0.032317
0.001286
0.032618
0.000000
0.000000
0.000000
0.000000
0.000000
0.000000
0.000000
0.000000
0.000000
0.000000
0.000000
0.000000
0.000000
0.000715
0.007012
0.006321
0.000669
0.005858
0.003759
0.000041
0.000074
0.000304
0.000959
0.000233
0.011775
0.000668
0.000073
0.000348
0.036279
0.157486
0.000629
0.000097
0.015308
0.134893
0.013117
0.052428
0.004534
0.092843
0.403022
0.001504
0.008368
0.001022
0.007042
0.032618
0.000000
0.000000
0.000000
0.000000
0.000000
0.000000
0.000000
0.000000
0.000000
0.000000
0.000000
0.000000
0.000000
0.000715
0.007012
0.006321
0.000669
0.005858
0.003759
0.000041
0.000074
0.000304
0.000959
0.000233
0.011775
0.000668
0.000073
0.000348
0.045373
0.033411
0.054446
0.099617
0.024044
0.340917
0.136267
0.015171
0.006517
0.034025
0.096395
0.028238
0.000018
0.012957
0.001177
0.032618
0.000000
0.000000
0.000000
0.000000
0.000000
0.000000
0.000000
0.000000
0.000000
0.000000
0.000000
0.000000
0.000000
0.000715
0.007012
0.006321
0.000669
0.005858
0.003759
0.000041
0.000074
0.000304
0.000959
0.000233
0.011775
0.000668
0.000073
0.000348
0.008853
0.009939
0.026841
0.048392
0.065452
0.027809
0.004857
0.020892
0.024263
0.197387
0.034704
0.026525
0.378564
0.018680
0.035413
0.032618
0.000000
0.000000
0.000000
0.000000
0.000000
0.000000
0.000000
0.000000
0.000000
0.000000
0.000000
0.000000
0.000000
0.000715
0.007012
0.006321
0.000669
0.005858
0.003759
0.000041
0.000074
0.000304
0.000959
0.000233
0.011775
0.000668
0.000073
0.000348
0.044528
0.060040
0.090628
0.149459
0.040776
0.068940
0.083131
0.096550
0.002539
0.012757
0.072943
0.043237
0.001235
0.160417
0.001390
0.032618
0.000000
0.000000
0.000000
0.000000
0.000000
0.000000
0.000000
0.000000
0.000000
0.000000
0.000000
0.000000
0.000000
0.000715
0.007012
0.006321
0.000669
0.005858
0.003759
0.000041
0.000074
0.000304
0.000959
0.000233
0.011775
0.000668
0.000073
0.000348
0.021713
0.045079
0.017163
0.046133
0.004477
0.025991
0.001365
0.332477
0.023645
0.000473
0.000009
0.269181
0.118295
0.013253
0.009317
0.032618
0.000000
0.000000
0.000000
0.000000
0.000000
0.000000
0.000000
0.000000
0.000000
0.000000
0.000000
0.000000
0.000000
0.000715
0.007012
0.006321
0.000669
0.005858
0.003759
0.000041
0.000074
0.000304
0.000959
0.000233
0.011775
0.000668
0.000073
0.000348
0.004474
0.016691
0.043550
0.066507
0.075835
0.027825
0.016189
0.037088
0.000065
0.110428
0.006527
0.005756
0.034984
0.459175
0.023477
0.032618
0.000000
0.000000
0.000000
0.000000
0.000000
0.000000
0.000000
0.000000
0.000000
0.000000
0.000000
0.000000
0.000000
0.000715
0.007012
0.006321
0.000669
0.005858
0.003759
0.000041
0.000074
0.000304
0.000959
0.000233
0.011775
0.000668
0.000073
0.000348
0.006212
0.001927
0.001090
0.011517
0.015625
0.001368
0.000085
0.058031
0.003027
0.214205
0.077064
0.182469
0.099346
0.150659
0.105948
0.032618
0.000000
0.000000
0.000000
0.000000
0.000000
0.000000
0.000000
0.000000
0.000000
0.000000
0.000000
0.000000
0.000000
0.000715
0.007012
0.006321
0.000669
0.005858
0.003759
0.000041
0.000074
0.000304
0.000959
0.000233
0.011775
0.000668
0.000073
0.000348
0.005249
0.020880
0.006197
0.000387
0.005290
0.004583
0.000014
0.012593
0.003864
0.114367
0.190280
0.355013
0.170687
0.003739
0.035430
0.032618
0.000000
0.000000
0.000000
0.000000
0.000000
0.000000
0.000000
0.000000
0.000000
0.000000
0.000000
0.000000
0.000000
0.000715
0.007012
0.006321
0.000669
0.005858
0.003759
0.000041
0.000074
0.000304
0.000959
0.000233
0.011775
0.000668
0.000073
0.000348
0.006599
0.013550
0.012327
0.039480
0.064059
0.033793
0.010155
0.000637
0.020862
0.067769
0.009086
0.038554
0.001488
0.037463
0.572752
0.032618
0.000000
0.000000
0.000000
0.000000
0.000000
0.000000
0.000000
0.000000
0.000000
0.000000
0.000000
0.000000
0.000000
0.000715
0.000029
0.025286
0.028496
0.000581
0.008509
0.002501
0.000374
0.000052
0.047757
0.002240
0.211942
0.063604
0.340551
0.234744
0.000000
0.000000
0.000000
0.000000
0.000000
0.000000
0.000000
0.000000
0.000000
0.000000
0.000000
0.000000
0.000000
0.000000
0.000000
0.032618
0.000000
0.000000
0.000000
0.000000
0.000000
0.000000
0.000000
0.000000
0.000000
0.000000
0.000000
0.000000
0.000000
0.000715
0.000126
0.024538
0.027248
0.000248
0.004710
0.005706
0.000022
0.003511
0.079024
0.026816
0.115424
0.053375
0.096250
0.029669
0.000213
0.000617
0.000456
0.000054
0.001986
0.002842
0.000733
0.001969
0.448293
0.003133
0.009513
0.002424
0.017469
0.002868
0.007432
0.032618
0.000000
0.000000
0.000000
0.000000
0.000000
0.000000
0.000000
0.000000
0.000000
0.000000
0.000000
0.000000
0.000000
0.000715
0.000126
0.024538
0.027248
0.000248
0.004710
0.005706
0.000022
0.003511
0.079024
0.026816
0.115424
0.053375
0.096250
0.029669
0.000213
0.000617
0.000456
0.000054
0.001986
0.002842
0.000733
0.001969
0.448293
0.003133
0.009513
0.002424
0.017469
0.002868
0.007432
0.032618
0.000000
0.000000
0.000000
0.000000
0.000000
0.000000
0.000000
0.000000
0.000000
0.000000
0.000000
0.000000
0.000000
0.000715
0.000001
0.120914
0.062463
0.033826
0.062836
0.166665
0.070003
0.031736
0.094835
0.237155
0.015810
0.001144
0.033871
0.035408
0.000000
0.000000
0.000000
0.000000
0.000000
0.000000
0.000000
0.000000
0.000000
0.000000
0.000000
0.000000
0.000000
0.000000
0.000000
0.032618
0.000000
0.000000
0.000000
0.000000
0.000000
0.000000
0.000000
0.000000
0.000000
0.000000
0.000000
0.000000
0.000000
0.000715
0.261201
0.110830
0.070676
0.000594
0.221876
0.026982
0.000001
0.044737
0.005633
0.183031
0.006213
0.029313
0.000003
0.005576
0.000000
0.000000
0.000000
0.000000
0.000000
0.000000
0.000000
0.000000
0.000000
0.000000
0.000000
0.000000
0.000000
0.000000
0.000000
0.032618
0.000000
0.000000
0.000000
0.000000
0.000000
0.000000
0.000000
0.000000
0.000000
0.000000
0.000000
0.000000
0.000000
0.000715
0.013896
0.227885
0.110767
0.017850
0.009500
0.036095
0.004543
0.004229
0.004180
0.024979
0.005655
0.001723
0.003670
0.001694
0.000012
0.000953
0.005093
0.016976
0.037406
0.045062
0.025146
0.114927
0.005439
0.041264
0.005461
0.001352
0.055599
0.050334
0.094977
0.032618
0.000000
0.000000
0.000000
0.000000
0.000000
0.000000
0.000000
0.000000
0.000000
0.000000
0.000000
0.000000
0.000000
0.000715
0.013896
0.227885
0.110767
0.017850
0.009500
0.036095
0.004543
0.004229
0.004180
0.024979
0.005655
0.001723
0.003670
0.001694
0.000012
0.000953
0.005093
0.016976
0.037406
0.045062
0.025146
0.114927
0.005439
0.041264
0.005461
0.001352
0.055599
0.050334
0.094977
0.032618
0.000000
0.000000
0.000000
0.000000
0.000000
0.000000
0.000000
0.000000
0.000000
0.000000
0.000000
0.000000
0.000000
0.000715
0.083792
0.010904
0.114680
0.003401
0.107717
0.003014
0.009031
0.001115
0.022109
0.110072
0.119429
0.000144
0.083007
0.298252
0.000000
0.000000
0.000000
0.000000
0.000000
0.000000
0.000000
0.000000
0.000000
0.000000
0.000000
0.000000
0.000000
0.000000
0.000000
0.032618
0.000000
0.000000
0.000000
0.000000
0.000000
0.000000
0.000000
0.000000
0.000000
0.000000
0.000000
0.000000
0.000000
0.000715
0.091952
0.008280
0.097208
0.008909
0.000368
0.083059
0.170542
0.218207
0.002951
0.163011
0.048130
0.033709
0.009785
0.030556
0.000000
0.000000
0.000000
0.000000
0.000000
0.000000
0.000000
0.000000
0.000000
0.000000
0.000000
0.000000
0.000000
0.000000
0.000000
0.032618
0.000000
0.000000
0.000000
0.000000
0.000000
0.000000
0.000000
0.000000
0.000000
0.000000
0.000000
0.000000
0.000000
0.000715
0.003898
0.004717
0.000483
0.085461
0.138223
0.000020
0.288596
0.334090
0.017613
0.041124
0.003560
0.007468
0.020761
0.020654
0.000000
0.000000
0.000000
0.000000
0.000000
0.000000
0.000000
0.000000
0.000000
0.000000
0.000000
0.000000
0.000000
0.000000
0.000000
0.032618
0.000000
0.000000
0.000000
0.000000
0.000000
0.000000
0.000000
0.000000
0.000000
0.000000
0.000000
0.000000
0.000000
0.000715
0.112450
0.000921
0.053140
0.006214
0.102654
0.046475
0.064857
0.151710
0.058126
0.010711
0.002151
0.119534
0.037862
0.199862
0.000000
0.000000
0.000000
0.000000
0.000000
0.000000
0.000000
0.000000
0.000000
0.000000
0.000000
0.000000
0.000000
0.000000
0.000000
0.032618
0.000000
0.000000
0.000000
0.000000
0.000000
0.000000
0.000000
0.000000
0.000000
0.000000
0.000000
0.000000
0.000000
0.000715
0.127800
0.003350
0.073756
0.015424
0.047398
0.014723
0.022814
0.047578
0.186525
0.023191
0.006372
0.346065
0.045932
0.005738
0.000000
0.000000
0.000000
0.000000
0.000000
0.000000
0.000000
0.000000
0.000000
0.000000
0.000000
0.000000
0.000000
0.000000
0.000000
0.032618
0.000000
0.000000
0.000000
0.000000
0.000000
0.000000
0.000000
0.000000
0.000000
0.000000
0.000000
0.000000
0.000000
0.000715
0.075005
0.017805
0.028821
0.177092
0.006238
0.416108
0.055395
0.083377
0.061502
0.021688
0.002623
0.000018
0.007151
0.013844
0.000000
0.000000
0.000000
0.000000
0.000000
0.000000
0.000000
0.000000
0.000000
0.000000
0.000000
0.000000
0.000000
0.000000
0.000000
0.032618
0.000000
0.000000
0.000000
0.000000
0.000000
0.000000
0.000000
0.000000
0.000000
0.000000
0.000000
0.000000
0.000000
0.000715
0.031944
0.021287
0.093842
0.048259
0.092931
0.056362
0.245252
0.001603
0.097424
0.008529
0.016905
0.148694
0.095197
0.008438
0.000000
0.000000
0.000000
0.000000
0.000000
0.000000
0.000000
0.000000
0.000000
0.000000
0.000000
0.000000
0.000000
0.000000
0.000000
0.032618
0.000000
0.000000
0.000000
0.000000
0.000000
0.000000
0.000000
0.000000
0.000000
0.000000
0.000000
0.000000
0.000000
0.000715
0.000704
0.017657
0.012411
0.336602
0.003274
0.087166
0.048447
0.064313
0.194717
0.008817
0.018358
0.130726
0.043350
0.000126
0.000000
0.000000
0.000000
0.000000
0.000000
0.000000
0.000000
0.000000
0.000000
0.000000
0.000000
0.000000
0.000000
0.000000
0.000000
0.032618
