0.155303
0.107117
0.005050
0.655006
0.000063
0.077017
0.000270
0.000170
0.000004
0.000001
0.000000
0.000000
0.000000
0.000000
0.000000
0.000000
0.000000
0.000000
0.000000
0.000000
0.000000
0.000000
0.000000
0.000000
0.000000
0.000000
0.000000
0.000000
0.000000
0.000000
0.000000
0.000000
0.000000
0.000000
0.000000
0.000000
0.000000
0.000000
0.000000
0.000000
0.000000
0.000000
0.000000
0.000000
0.005628
0.968728
0.017717
0.004010
0.001680
0.002090
0.000143
0.000003
0.000000
0.000000
0.000000
0.000000
0.000000
0.000000
0.000000
0.000000
0.000000
0.000000
0.000000
0.000000
0.000000
0.000000
0.000000
0.000000
0.000000
0.000000
0.000000
0.000000
0.000000
0.000000
0.000000
0.000000
0.000000
0.000000
0.000000
0.000000
0.000000
0.000000
0.000000
0.000000
0.000000
0.000000
0.000000
0.000000
0.022228
0.011367
0.233275
0.054527
0.646502
0.002324
0.028546
0.000180
0.000047
0.001003
0.000000
0.000000
0.000000
0.000000
0.000000
0.000000
0.000000
0.000000
0.000000
0.000000
0.000000
0.000000
0.000000
0.000000
0.000000
0.000000
0.000000
0.000000
0.000000
0.000000
0.000000
0.000000
0.000000
0.000000
0.000000
0.000000
0.000000
0.000000
0.000000
0.000000
0.000000
0.000000
0.000000
0.000000
0.493323
0.012043
0.082192
0.163545
0.056694
0.105855
0.074673
0.009749
0.001126
0.000800
0.000000
0.000000
0.000000
0.000000
0.000000
0.000000
0.000000
0.000000
0.000000
0.000000
0.000000
0.000000
0.000000
0.000000
0.000000
0.000000
0.000000
0.000000
0.000000
0.000000
0.000000
0.000000
0.000000
0.000000
0.000000
0.000000
0.000000
0.000000
0.000000
0.000000
0.000000
0.000000
0.000000
0.000000
0.706050
0.083330
0.005778
0.022073
0.041004
0.094460
0.045750
0.000145
0.000898
0.000513
0.000000
0.000000
0.000000
0.000000
0.000000
0.000000
0.000000
0.000000
0.000000
0.000000
0.000000
0.000000
0.000000
0.000000
0.000000
0.000000
0.000000
0.000000
0.000000
0.000000
0.000000
0.000000
0.000000
0.000000
0.000000
0.000000
0.000000
0.000000
0.000000
0.000000
0.000000
0.000000
0.000000
0.000000
0.977524
0.008920
0.012387
0.000212
0.000080
0.000312
0.000179
0.000383
0.000003
0.000000
0.000000
0.000000
0.000000
0.000000
0.000000
0.000000
0.000000
0.000000
0.000000
0.000000
0.000000
0.000000
0.000000
0.000000
0.000000
0.000000
0.000000
0.000000
0.000000
0.000000
0.000000
0.000000
0.000000
0.000000
0.000000
0.000000
0.000000
0.000000
0.000000
0.000000
0.000000
0.000000
0.000000
0.000000
0.394395
0.159588
0.404672
0.014229
0.000156
0.013753
0.009644
0.003549
0.000015
0.000000
0.000000
0.000000
0.000000
0.000000
0.000000
0.000000
0.000000
0.000000
0.000000
0.000000
0.000000
0.000000
0.000000
0.000000
0.000000
0.000000
0.000000
0.000000
0.000000
0.000000
0.000000
0.000000
0.000000
0.000000
0.000000
0.000000
0.000000
0.000000
0.000000
0.000000
0.000000
0.000000
0.000000
0.000000
0.810183
0.006985
0.147525
0.000007
0.014196
0.001204
0.000608
0.016631
0.002640
0.000020
0.000000
0.000000
0.000000
0.000000
0.000000
0.000000
0.000000
0.000000
0.000000
0.000000
0.000000
0.000000
0.000000
0.000000
0.000000
0.000000
0.000000
0.000000
0.000000
0.000000
0.000000
0.000000
0.000000
0.000000
0.000000
0.000000
0.000000
0.000000
0.000000
0.000000
0.000000
0.000000
0.000000
0.000000
0.050339
0.037110
0.341908
0.084440
0.379283
0.024767
0.072083
0.002762
0.007280
0.000029
0.000000
0.000000
0.000000
0.000000
0.000000
0.000000
0.000000
0.000000
0.000000
0.000000
0.000000
0.000000
0.000000
0.000000
0.000000
0.000000
0.000000
0.000000
0.000000
0.000000
0.000000
0.000000
0.000000
0.000000
0.000000
0.000000
0.000000
0.000000
0.000000
0.000000
0.000000
0.000000
0.000000
0.000000
0.685820
0.172056
0.000454
0.001536
0.001639
0.015771
0.115671
0.001867
0.005124
0.000061
0.000000
0.000000
0.000000
0.000000
0.000000
0.000000
0.000000
0.000000
0.000000
0.000000
0.000000
0.000000
0.000000
0.000000
0.000000
0.000000
0.000000
0.000000
0.000000
0.000000
0.000000
0.000000
0.000000
0.000000
0.000000
0.000000
0.000000
0.000000
0.000000
0.000000
0.000000
0.000000
0.000000
0.000000
0.851118
0.096723
0.000752
0.000383
0.025388
0.015773
0.000173
0.005242
0.004347
0.000100
0.000000
0.000000
0.000000
0.000000
0.000000
0.000000
0.000000
0.000000
0.000000
0.000000
0.000000
0.000000
0.000000
0.000000
0.000000
0.000000
0.000000
0.000000
0.000000
0.000000
0.000000
0.000000
0.000000
0.000000
0.000000
0.000000
0.000000
0.000000
0.000000
0.000000
0.000000
0.000000
0.000000
0.000000
0.000003
0.000003
0.000050
0.000185
0.000083
0.000000
0.000088
0.000057
0.000187
0.000077
0.004653
0.003577
0.000066
0.075865
0.001540
0.069830
0.023946
0.001292
0.002926
0.000491
0.004681
0.000005
0.000000
0.000000
0.000000
0.000000
0.000000
0.000000
0.000000
0.000000
0.000000
0.000000
0.000000
0.000000
0.000000
0.000000
0.000000
0.000000
0.000000
0.000000
0.000000
0.000000
0.000000
0.000010
0.000003
0.000003
0.000050
0.000185
0.000083
0.000000
0.000088
0.000057
0.000187
0.000077
0.004653
0.001362
0.000673
0.000035
0.000087
0.000199
0.000122
0.000021
0.000327
0.000002
0.000039
0.000011
0.068427
0.105443
0.006862
0.000190
0.000000
0.000003
0.000005
0.000000
0.000064
0.000086
0.000065
0.000134
0.000015
0.000007
0.000036
0.000000
0.000000
0.000000
0.000000
0.000000
0.000000
0.000010
0.000003
0.000003
0.000050
0.000185
0.000083
0.000000
0.000088
0.000057
0.000187
0.000077
0.004653
0.001362
0.000673
0.000035
0.000087
0.000199
0.000122
0.000021
0.000327
0.000002
0.000039
0.000011
0.098257
0.057678
0.021315
0.001266
0.000581
0.000931
0.001079
0.000018
0.000046
0.000031
0.000124
0.000001
0.000001
0.000006
0.000003
0.000003
0.000000
0.000000
0.000000
0.000000
0.000000
0.000010
0.000003
0.000003
0.000050
0.000185
0.000083
0.000000
0.000088
0.000057
0.000187
0.000077
0.004653
0.001362
0.000673
0.000035
0.000087
0.000199
0.000122
0.000021
0.000327
0.000002
0.000039
0.000011
0.004860
0.008117
0.030329
0.112509
0.010252
0.004497
0.005839
0.003525
0.000000
0.000997
0.000007
0.000257
0.000105
0.000014
0.000030
0.000002
0.000000
0.000000
0.000000
0.000000
0.000000
0.000010
0.000003
0.000003
0.000050
0.000185
0.000083
0.000000
0.000088
0.000057
0.000187
0.000077
0.004653
0.001362
0.000673
0.000035
0.000087
0.000199
0.000122
0.000021
0.000327
0.000002
0.000039
0.000011
0.002884
0.000137
0.010712
0.007336
0.029686
0.017745
0.081332
0.020133
0.002417
0.001015
0.000482
0.001705
0.003240
0.001476
0.001033
0.000008
0.000000
0.000000
0.000000
0.000000
0.000000
0.000010
0.000003
0.000003
0.000050
0.000185
0.000083
0.000000
0.000088
0.000057
0.000187
0.000077
0.004653
0.001362
0.000673
0.000035
0.000087
0.000199
0.000122
0.000021
0.000327
0.000002
0.000039
0.000011
0.002622
0.002478
0.011683
0.003267
0.015070
0.054223
0.009926
0.047240
0.000114
0.023102
0.000252
0.007343
0.000113
0.001905
0.001874
0.000126
0.000000
0.000000
0.000000
0.000000
0.000000
0.000010
0.000003
0.000003
0.000050
0.000185
0.000083
0.000000
0.000088
0.000057
0.000187
0.000077
0.004653
0.001362
0.000673
0.000035
0.000087
0.000199
0.000122
0.000021
0.000327
0.000002
0.000039
0.000011
0.004554
0.005353
0.032776
0.012982
0.002495
0.006771
0.000184
0.021041
0.007312
0.042679
0.039770
0.003521
0.000050
0.001553
0.000179
0.000119
0.000000
0.000000
0.000000
0.000000
0.000000
0.000010
0.000003
0.000003
0.000050
0.000185
0.000083
0.000000
0.000088
0.000057
0.000187
0.000077
0.004653
0.001362
0.000673
0.000035
0.000087
0.000199
0.000122
0.000021
0.000327
0.000002
0.000039
0.000011
0.002136
0.000009
0.004547
0.008631
0.005096
0.000032
0.000002
0.029246
0.023291
0.043477
0.021415
0.033207
0.000915
0.006111
0.003198
0.000028
0.000000
0.000000
0.000000
0.000000
0.000000
0.000010
0.000003
0.000003
0.000050
0.000185
0.000083
0.000000
0.000088
0.000057
0.000187
0.000077
0.004653
0.001362
0.000673
0.000035
0.000087
0.000199
0.000122
0.000021
0.000327
0.000002
0.000039
0.000011
0.001894
0.002095
0.029933
0.020181
0.000168
0.017956
0.001322
0.017190
0.011398
0.042677
0.016338
0.015359
0.000606
0.004020
0.000198
0.000005
0.000000
0.000000
0.000000
0.000000
0.000000
0.000010
0.000003
0.000003
0.000050
0.000185
0.000083
0.000000
0.000088
0.000057
0.000187
0.000077
0.004653
0.001362
0.000673
0.000035
0.000087
0.000199
0.000122
0.000021
0.000327
0.000002
0.000039
0.000011
0.000053
0.001933
0.012276
0.011279
0.083269
0.002569
0.030340
0.010078
0.011579
0.012381
0.001972
0.001426
0.000880
0.001281
0.000019
0.000006
0.000000
0.000000
0.000000
0.000000
0.000000
0.000010
0.000003
0.000003
0.000050
0.000185
0.000083
0.000000
0.000088
0.000057
0.000187
0.000077
0.004653
0.001362
0.000673
0.000035
0.000087
0.000199
0.000122
0.000021
0.000327
0.000002
0.000039
0.000011
0.000320
0.000115
0.000282
0.003039
0.001517
0.000018
0.009281
0.014193
0.042118
0.000355
0.033702
0.036961
0.001592
0.037654
0.000184
0.000008
0.000000
0.000000
0.000000
0.000000
0.000000
0.000010
0.000003
0.000003
0.000050
0.000185
0.000083
0.000000
0.000088
0.000057
0.000187
0.000077
0.004653
0.001362
0.000673
0.000035
0.000087
0.000199
0.000122
0.000021
0.000327
0.000002
0.000039
0.000011
0.000346
0.000886
0.003969
0.000541
0.000793
0.000115
0.000608
0.001371
0.008920
0.000110
0.000256
0.047865
0.031703
0.072177
0.011639
0.000044
0.000000
0.000000
0.000000
0.000000
0.000000
0.000010
0.000003
0.000003
0.000050
0.000185
0.000083
0.000000
0.000088
0.000057
0.000187
0.000077
0.004653
0.001362
0.000673
0.000035
0.000087
0.000199
0.000122
0.000021
0.000327
0.000002
0.000039
0.000011
0.000345
0.000573
0.002612
0.000977
0.006378
0.002091
0.003703
0.001693
0.000491
0.000195
0.000355
0.000057
0.000131
0.002949
0.000460
0.000016
0.075296
0.060487
0.022476
0.000003
0.000051
0.000010
0.000003
0.000003
0.000050
0.000185
0.000083
0.000000
0.000088
0.000057
0.000187
0.000077
0.004653
0.001362
0.000673
0.000035
0.000087
0.000199
0.000122
0.000021
0.000327
0.000002
0.000039
0.000011
0.000345
0.000573
0.002612
0.000977
0.006378
0.002091
0.003703
0.001693
0.000491
0.000195
0.000355
0.000057
0.000131
0.002949
0.000460
0.000016
0.103180
0.012386
0.037043
0.005431
0.000273
0.000010
0.000003
0.000003
0.000050
0.000185
0.000083
0.000000
0.000088
0.000057
0.000187
0.000077
0.004653
0.001362
0.000673
0.000035
0.000087
0.000199
0.000122
0.000021
0.000327
0.000002
0.000039
0.000011
0.000345
0.000573
0.002612
0.000977
0.006378
0.002091
0.003703
0.001693
0.000491
0.000195
0.000355
0.000057
0.000131
0.002949
0.000460
0.000016
0.004464
0.004157
0.033732
0.092600
0.023360
0.000010
0.000003
0.000003
0.000050
0.000185
0.000083
0.000000
0.000088
0.000057
0.000187
0.000077
0.004653
0.001362
0.000673
0.000035
0.000087
0.000199
0.000122
0.000021
0.000327
0.000002
0.000039
0.000011
0.000345
0.000573
0.002612
0.000977
0.006378
0.002091
0.003703
0.001693
0.000491
0.000195
0.000355
0.000057
0.000131
0.002949
0.000460
0.000016
0.006461
0.098183
0.026723
0.000014
0.026931
0.000010
0.000003
0.000003
0.000050
0.000185
0.000083
0.000000
0.000088
0.000057
0.000187
0.000077
0.004653
0.001362
0.000673
0.000035
0.000087
0.000199
0.000122
0.000021
0.000327
0.000002
0.000039
0.000011
0.000345
0.000573
0.002612
0.000977
0.006378
0.002091
0.003703
0.001693
0.000491
0.000195
0.000355
0.000057
0.000131
0.002949
0.000460
0.000016
0.000398
0.014606
0.004353
0.004901
0.134055
0.000010
0.000003
0.000003
0.000050
0.000185
0.000083
0.000000
0.000088
0.000057
0.000187
0.000077
0.004653
0.001362
0.000673
0.000035
0.000087
0.000199
0.000122
0.000021
0.000327
0.000002
0.000039
0.000011
0.000345
0.000573
0.002612
0.000977
0.006378
0.002091
0.003703
0.001693
0.000491
0.000195
0.000355
0.000057
0.000131
0.002949
0.000460
0.000016
0.000177
0.000156
0.065648
0.087026
0.005306
0.000010
0.000003
0.000003
0.000050
0.000185
0.000083
0.000000
0.000088
0.000057
0.000187
0.000077
0.004653
0.001362
0.000673
0.000035
0.000087
0.000199
0.000122
0.000021
0.000327
0.000002
0.000039
0.000011
0.000307
0.000589
0.005680
0.000184
0.000004
0.010027
0.014821
0.001216
0.012932
0.007812
0.004450
0.004351
0.085787
0.008565
0.024575
0.000041
0.000000
0.000000
0.000000
0.000000
0.000000
0.000010
0.000003
0.000003
0.000050
0.000185
0.000083
0.000000
0.000088
0.000057
0.000187
0.000077
0.004653
0.001362
0.000673
0.000035
0.000087
0.000199
0.000122
0.000021
0.000327
0.000002
0.000039
0.000011
0.000344
0.000515
0.001218
0.000207
0.001183
0.018136
0.006335
0.006502
0.003368
0.000145
0.003302
0.005958
0.000275
0.010661
0.111388
0.011804
0.000000
0.000000
0.000000
0.000000
0.000000
0.000010
0.000003
0.000003
0.000050
0.000185
0.000083
0.000000
0.000088
0.000057
0.000187
0.000077
0.004653
0.001362
0.000673
0.000035
0.000087
0.000199
0.000122
0.000021
0.000327
0.000002
0.000039
0.000011
0.000350
0.000315
0.000743
0.000885
0.000420
0.022813
0.006338
0.007403
0.002245
0.002056
0.000218
0.021425
0.040668
0.011627
0.005523
0.058310
0.000000
0.000000
0.000000
0.000000
0.000000
0.000010
0.000003
0.000003
0.000050
0.000185
0.000083
0.000000
0.000088
0.000057
0.000187
0.000077
0.004653
0.001362
0.000673
0.000035
0.000087
0.000199
0.000122
0.000021
0.000327
0.000002
0.000039
0.000011
0.000273
0.000407
0.000705
0.001117
0.000309
0.013783
0.000310
0.000370
0.010419
0.000084
0.009927
0.001377
0.007792
0.013989
0.027299
0.093181
0.000000
0.000000
0.000000
0.000000
0.000000
0.000010
0.000003
0.000003
0.000050
0.000185
0.000083
0.000000
0.000088
0.000057
0.000187
0.000077
0.004653
0.001362
0.000673
0.000035
0.000087
0.000199
0.000122
0.000021
0.000327
0.000002
0.000039
0.000011
0.000277
0.000470
0.001272
0.000498
0.000864
0.007812
0.000034
0.000289
0.050806
0.011799
0.055564
0.008743
0.015449
0.001235
0.000036
0.026193
0.000000
0.000000
0.000000
0.000000
0.000000
0.000010
0.000003
0.000003
0.000050
0.000185
0.000083
0.000000
0.000088
0.000057
0.000187
0.000077
0.004653
0.000551
0.002127
0.000416
0.000242
0.002757
0.001976
0.002912
0.113875
0.000090
0.052625
0.006649
0.000000
0.000000
0.000000
0.000000
0.000000
0.000000
0.000000
0.000000
0.000000
0.000000
0.000000
0.000000
0.000000
0.000000
0.000000
0.000000
0.000000
0.000000
0.000000
0.000000
0.000000
0.000010
0.000003
0.000003
0.000050
0.000185
0.000083
0.000000
0.000088
0.000057
0.000187
0.000077
0.004653
0.019909
0.001560
0.006338
0.000411
0.001598
0.001945
0.002654
0.000442
0.138187
0.007323
0.003853
0.000000
0.000000
0.000000
0.000000
0.000000
0.000000
0.000000
0.000000
0.000000
0.000000
0.000000
0.000000
0.000000
0.000000
0.000000
0.000000
0.000000
0.000000
0.000000
0.000000
0.000000
0.000010
0.000003
0.000003
0.000050
0.000185
0.000083
0.000000
0.000088
0.000057
0.000187
0.000077
0.004653
0.022213
0.001072
0.037145
0.013653
0.000090
0.062303
0.015543
0.002142
0.002882
0.027133
0.000043
0.000000
0.000000
0.000000
0.000000
0.000000
0.000000
0.000000
0.000000
0.000000
0.000000
0.000000
0.000000
0.000000
0.000000
0.000000
0.000000
0.000000
0.000000
0.000000
0.000000
0.000000
0.000010
0.000003
0.000003
0.000050
0.000185
0.000083
0.000000
0.000088
0.000057
0.000187
0.000077
0.004653
0.025097
0.000744
0.003746
0.000168
0.015574
0.000597
0.101024
0.009013
0.011626
0.000086
0.016543
0.000000
0.000000
0.000000
0.000000
0.000000
0.000000
0.000000
0.000000
0.000000
0.000000
0.000000
0.000000
0.000000
0.000000
0.000000
0.000000
0.000000
0.000000
0.000000
0.000000
0.000000
0.000010
0.000003
0.000003
0.000050
0.000185
0.000083
0.000000
0.000088
0.000057
0.000187
0.000077
0.004653
0.021233
0.000013
0.000108
0.008950
0.000001
0.026808
0.000993
0.046466
0.007775
0.047092
0.024778
0.000000
0.000000
0.000000
0.000000
0.000000
0.000000
0.000000
0.000000
0.000000
0.000000
0.000000
0.000000
0.000000
0.000000
0.000000
0.000000
0.000000
0.000000
0.000000
0.000000
0.000000
0.000010
0.000003
0.000003
0.000050
0.000185
0.000083
0.000000
0.000088
0.000057
0.000187
0.000077
0.004653
0.022156
0.000012
0.014774
0.068410
0.040247
0.000275
0.001544
0.004830
0.004117
0.027122
0.000732
0.000000
0.000000
0.000000
0.000000
0.000000
0.000000
0.000000
0.000000
0.000000
0.000000
0.000000
0.000000
0.000000
0.000000
0.000000
0.000000
0.000000
0.000000
0.000000
0.000000
0.000000
0.000010
0.000003
0.000003
0.000050
0.000185
0.000083
0.000000
0.000088
0.000057
0.000187
0.000077
0.004653
0.031184
0.002832
0.001776
0.000002
0.036300
0.064755
0.042859
0.000068
0.002062
0.000277
0.002102
0.000000
0.000000
0.000000
0.000000
0.000000
0.000000
0.000000
0.000000
0.000000
0.000000
0.000000
0.000000
0.000000
0.000000
0.000000
0.000000
0.000000
0.000000
0.000000
0.000000
0.000000
0.000010
0.000003
0.000003
0.000050
0.000185
0.000083
0.000000
0.000088
0.000057
0.000187
0.000077
0.004653
0.002460
0.060959
0.010045
0.005554
0.003925
0.002378
0.008944
0.002400
0.004045
0.012662
0.070845
0.000000
0.000000
0.000000
0.000000
0.000000
0.000000
0.000000
0.000000
0.000000
0.000000
0.000000
0.000000
0.000000
0.000000
0.000000
0.000000
0.000000
0.000000
0.000000
0.000000
0.000000
0.000010
0.000003
0.000003
0.000050
0.000185
0.000083
0.000000
0.000088
0.000057
0.000187
0.000077
0.004653
0.003925
0.059219
0.011446
0.018135
0.003490
0.001772
0.010775
0.000460
0.000792
0.010028
0.064177
0.000000
0.000000
0.000000
0.000000
0.000000
0.000000
0.000000
0.000000
0.000000
0.000000
0.000000
0.000000
0.000000
0.000000
0.000000
0.000000
0.000000
0.000000
0.000000
0.000000
0.000000
0.000010
0.000003
0.000003
0.000050
0.000185
0.000083
0.000000
0.000088
0.000057
0.000187
0.000077
0.004653
0.007703
0.046558
0.027557
0.070997
0.011793
0.000529
0.000978
0.000163
0.017855
0.000080
0.000006
0.000000
0.000000
0.000000
0.000000
0.000000
0.000000
0.000000
0.000000
0.000000
0.000000
0.000000
0.000000
0.000000
0.000000
0.000000
0.000000
0.000000
0.000000
0.000000
0.000000
0.000000
0.000010
