0.031546
0.004844
0.000641
0.002643
0.021149
0.006577
0.001904
0.003703
0.001923
0.012577
0.000000
0.000000
0.000000
0.000000
0.000000
0.000000
0.000000
0.000000
0.000000
0.000000
0.000000
0.000000
0.000000
0.000000
0.000000
0.000000
0.000000
0.000000
0.000000
0.000000
0.000000
0.000000
0.000000
0.000000
0.000000
0.000000
0.000000
0.000000
0.000000
0.000000
0.000000
0.000000
0.000000
0.912491
0.003886
0.085104
0.014857
0.098873
0.000303
0.009039
0.000570
0.003952
0.000809
0.042913
0.009740
0.058569
0.042025
0.001237
0.001315
0.018936
0.042337
0.000830
0.015190
0.215067
0.009745
0.024773
0.000087
0.001433
0.000130
0.025699
0.001649
0.000793
0.004263
0.015947
0.004707
0.005084
0.050510
0.031412
0.004170
0.006488
0.037168
0.041510
0.005274
0.007366
0.010538
0.018366
0.025892
0.001443
0.027139
0.001921
0.040501
0.020143
0.000494
0.001216
0.095769
0.048301
0.000444
0.008748
0.019238
0.119986
0.002403
0.000002
0.004303
0.040011
0.009810
0.113445
0.000051
0.023642
0.018345
0.004775
0.021053
0.032078
0.001821
0.000064
0.004083
0.000314
0.008825
0.017388
0.012229
0.025383
0.062613
0.024925
0.000329
0.065010
0.000194
0.008699
0.000197
0.008053
0.092553
0.007304
0.006145
0.000055
0.031572
0.005731
0.006390
0.002677
0.000307
0.004025
0.001143
0.022571
0.002551
0.003717
0.051200
0.070229
0.018757
0.079589
0.000100
0.006715
0.076988
0.024530
0.005011
0.014763
0.000164
0.067143
0.017251
0.012791
0.108216
0.010997
0.000438
0.006090
0.040254
0.002557
0.015796
0.010109
0.022638
0.029749
0.014227
0.074386
0.022034
0.008923
0.026702
0.029388
0.005477
0.000639
0.041553
0.003910
0.017679
0.009301
0.146827
0.002598
0.000224
0.003102
0.000053
0.003569
0.007692
0.000045
0.017035
0.008637
0.196514
0.278253
0.027749
0.020833
0.007169
0.000117
0.041706
0.000740
0.000190
0.034065
0.068631
0.000417
0.003817
0.000251
0.034671
0.001002
0.003256
0.001957
0.000615
0.001099
0.004901
0.027348
0.001845
0.001260
0.002207
0.000093
0.000173
0.015700
0.000020
0.006261
0.000029
0.000349
0.030033
0.003123
0.024361
0.000758
0.006560
0.002432
0.028403
0.026057
0.020491
0.006413
0.001768
0.003723
0.104458
0.010785
0.000428
0.018930
0.009973
0.012165
0.023211
0.014640
0.002182
0.006058
0.000215
0.020160
0.000324
0.001970
0.010538
0.009922
0.088978
0.000914
0.010367
0.033572
0.042851
0.003310
0.047461
0.323310
0.000233
0.003376
0.000037
0.025230
0.018435
0.001301
0.000140
0.000403
0.030421
0.006863
0.008200
0.013695
0.002813
0.011706
0.001487
0.005949
0.000653
0.020189
0.004028
0.007905
0.000211
0.001004
0.063406
0.000105
0.122133
0.000647
0.135042
0.012172
0.000930
0.000001
0.006121
0.004363
0.000549
0.001670
0.016379
0.039036
0.161376
0.127785
0.066270
0.000901
0.010651
0.006008
0.015499
0.001128
0.002068
0.031553
0.000006
0.000643
0.008214
0.011959
0.032958
0.005301
0.032646
0.002749
0.000309
0.000000
0.000109
0.013431
0.005500
0.091132
0.002803
0.000809
0.000208
0.075953
0.238291
0.023772
0.251187
0.082615
0.000209
0.000001
0.051480
0.008860
0.000005
0.001423
0.001431
0.010398
0.000229
0.004145
0.007795
0.000080
0.000300
0.000848
0.002482
0.005048
0.000021
0.028836
0.005647
0.008219
0.000655
0.004410
0.001184
0.006054
0.001940
0.006974
0.013919
0.005892
0.031219
0.005709
0.000425
0.001624
0.001741
0.019671
0.031399
0.056052
0.004110
0.000086
0.001307
0.001378
0.142006
0.008231
0.007727
0.270808
0.008010
0.038419
0.068030
0.009207
0.071458
0.000340
0.004244
0.013552
0.012016
0.000000
0.030695
0.003051
0.055553
0.015101
0.003667
0.007316
0.001345
0.039268
0.000664
0.013767
0.001183
0.006367
0.000856
0.000758
0.004057
0.000029
0.001566
0.005989
0.008668
0.011746
0.220579
0.009575
0.000340
0.038856
0.029317
0.026841
0.000456
0.003691
0.038558
0.083428
0.005513
0.103198
0.013273
0.000092
0.000073
0.031094
0.004451
0.073323
0.000801
0.000017
0.046629
0.001552
0.033972
0.007961
0.034674
0.000448
0.002744
0.002332
0.066262
0.021549
0.000023
0.003558
0.033567
0.004504
0.028356
0.000112
0.000745
0.000355
0.004637
0.001782
0.000212
0.000136
0.023281
0.005290
0.000072
0.032324
0.165575
0.001368
0.075894
0.002952
0.089935
0.074893
0.000003
0.001338
0.002285
0.003538
0.079803
0.000258
0.109990
0.033896
0.020240
0.014134
0.007409
0.000583
0.010655
0.003731
0.002929
0.020703
0.050050
0.006642
0.001009
0.025529
0.013687
0.042229
0.007317
0.009047
0.016401
0.015528
0.005926
0.000058
0.000047
0.002573
0.005877
0.002840
0.011965
0.000200
0.022400
0.030704
0.000288
0.000655
0.057712
0.007926
0.006436
0.066441
0.087723
0.005681
0.126696
0.002146
0.000075
0.009867
0.000230
0.009091
0.072661
0.062566
0.027745
0.091936
0.000920
0.033498
0.023205
0.015161
0.015655
0.016933
0.006081
0.017222
0.009513
0.000074
0.055500
0.006405
0.000005
0.004486
0.014503
0.015914
0.009979
0.009929
0.005285
0.000460
0.002570
0.010881
0.036218
0.000621
0.033927
0.000158
0.000167
0.000068
0.001129
0.002592
0.001037
0.000112
0.000404
0.002495
0.000769
0.020581
0.004494
0.001130
0.014648
0.000526
0.000064
0.006638
0.014725
0.049038
0.000000
0.001238
0.005590
0.034188
0.003369
0.137840
0.000000
0.005800
0.076409
0.003034
0.015804
0.346721
0.005056
0.035775
0.005235
0.001983
0.000157
0.017565
0.007090
0.001573
0.000284
0.135846
0.002352
0.002386
0.030371
0.005233
0.008037
0.000009
0.000834
0.046474
0.000877
0.182193
0.011673
0.000767
0.013274
0.001673
0.000510
0.028867
0.009297
0.086051
0.004579
0.030712
0.033700
0.071630
0.016972
0.000070
0.033015
0.019728
0.003857
0.134627
0.046876
0.006597
0.020806
0.025539
0.017921
0.016756
0.001678
0.001028
0.051952
0.000857
0.003684
0.007041
0.003087
0.000294
0.001983
0.007240
0.004268
0.007361
0.023520
0.013034
0.040373
0.004152
0.022800
0.048834
0.050345
0.018578
0.189214
0.107234
0.000232
0.016653
0.004651
0.005475
0.055638
0.008150
0.017494
0.000345
0.013664
0.042767
0.013778
0.103416
0.013870
0.003158
0.017472
0.005982
0.002322
0.041282
0.016778
0.000394
0.001540
0.004523
0.000419
0.006448
0.012227
0.000538
0.002456
0.003927
0.008539
0.001588
0.035031
0.016629
0.003676
0.000854
0.000396
0.110070
0.010035
0.015037
0.011184
0.000649
0.006416
0.002246
0.004831
0.006394
0.130848
0.069347
0.006467
0.000368
0.009953
0.006780
0.021025
0.001355
0.001350
0.011995
0.019800
0.000361
0.006577
0.104570
0.019565
0.073185
0.052187
0.000172
0.014541
0.008572
0.009426
0.005434
0.119574
0.012711
0.013957
0.030023
0.021953
0.002119
0.050311
0.000447
0.000818
0.001560
0.005101
0.000290
0.032027
0.000015
0.014355
0.013379
0.000303
0.008139
0.000007
0.000001
0.008704
0.008359
0.000925
0.006814
0.004826
0.037794
0.004879
0.002567
0.003174
0.002191
0.046407
0.008744
0.002841
0.002786
0.016197
0.010927
0.083557
0.005950
0.222342
0.005278
0.122047
0.024919
0.013470
0.000812
0.000423
0.069854
0.091794
0.052930
0.039517
0.000178
0.003774
0.002668
0.018999
0.001662
0.001992
0.001471
0.032114
0.001373
0.012383
0.001287
0.001424
0.003870
0.000085
0.082393
0.000015
0.000812
0.032385
0.000040
0.022683
0.020082
0.001860
0.004281
0.036307
0.008663
0.196994
0.001108
0.019812
0.002941
0.004026
0.088448
0.024881
0.006682
0.013956
0.195986
0.006532
0.025515
0.001453
0.016700
0.000032
0.061638
0.003993
0.006547
0.000009
0.005930
0.022047
0.022284
0.000038
0.004495
0.005671
0.000223
0.029501
0.007870
0.000129
0.036382
0.012583
0.008866
0.000039
0.036687
0.000616
0.003509
0.001030
0.015383
0.004415
0.001125
0.001581
0.079219
0.041650
0.002980
0.013199
0.013522
0.033784
0.108915
0.202842
0.011261
0.001267
0.012829
0.000961
0.030237
0.004162
0.074098
0.021066
0.001443
0.016992
0.058687
0.086797
0.004832
0.000876
0.005202
0.006234
0.000284
0.000025
0.000335
0.005643
0.000942
0.032756
0.001391
0.002437
0.010047
0.002821
0.008673
0.000059
0.006102
0.001925
0.002458
0.002568
0.006592
0.000954
0.018597
0.070772
0.001889
0.031818
0.015523
0.024080
0.000055
0.020068
0.000033
0.006085
0.012855
0.038641
0.009198
0.018389
0.052817
0.044789
0.008873
0.036995
0.004938
0.129600
0.148483
0.000011
0.007270
0.026274
0.030814
0.026913
0.001902
0.051425
0.071867
0.009469
0.000775
0.004621
0.099698
0.002502
0.006492
0.000957
0.008268
0.003830
0.039663
0.001124
0.021791
0.023019
0.018571
0.040067
0.091572
0.006580
0.031342
0.000896
0.031619
0.010516
0.000785
0.002104
0.054944
0.003299
0.043108
0.039595
0.001974
0.069603
0.081713
0.000006
0.007570
0.008758
0.002876
0.000611
0.000002
0.032955
0.000113
0.019811
0.000147
0.012302
0.009030
0.034973
0.000024
0.129558
0.001012
0.032987
0.001107
0.007035
0.001003
0.000209
0.005099
0.000000
0.000426
0.001422
0.000245
0.173707
0.021624
0.000102
0.041502
0.087839
0.102679
0.004017
0.061382
0.009816
0.018227
0.009224
0.032820
0.038689
0.000852
0.000536
0.000178
0.000415
0.005278
0.038929
0.005944
0.041490
0.001325
0.048292
0.002063
0.001346
0.002567
0.000307
0.023516
0.007216
0.036656
0.018805
0.000671
0.111541
0.000912
0.003490
0.097786
0.004217
0.019009
0.001829
0.061325
0.005259
0.014761
0.039352
0.076518
0.000732
0.013664
0.018890
0.043596
0.008830
0.002478
0.018631
0.007769
0.000052
0.033399
0.007068
0.031402
0.002645
0.081321
0.035826
0.127226
0.005494
0.006790
0.004327
0.007059
0.013684
0.030111
0.018864
0.067913
0.005544
0.004930
0.000512
0.005911
0.018160
0.008862
0.000622
0.030025
0.011415
0.002701
0.033862
0.000153
0.001558
0.000446
0.000549
0.000226
0.000224
0.000040
0.000884
0.001009
0.010834
0.007204
0.002739
0.000003
0.000928
0.004649
0.001723
0.000890
0.005545
0.001153
0.006662
0.021320
0.003234
0.000369
0.006802
0.000108
0.002040
0.011667
0.015970
0.013195
0.009672
0.060050
0.009311
0.001677
0.033746
0.105144
0.254924
0.018451
0.042448
0.078988
0.058700
0.150133
0.019246
0.001526
0.033756
0.000018
0.002372
0.000140
0.000806
0.002913
0.001231
0.002211
0.001787
0.000982
0.018117
0.009821
0.000827
0.001127
0.004365
0.008829
0.005128
0.001085
0.019695
0.006554
0.000048
0.013319
0.000611
0.000720
0.006339
0.000291
0.014743
0.030842
0.006448
0.020576
0.051630
0.008481
0.030310
0.064103
0.008063
0.004503
0.007382
0.404614
0.083068
0.067051
0.009973
0.001479
0.042575
0.001066
0.031988
0.001657
0.010224
0.000401
0.010429
0.010083
0.000001
0.000026
0.061965
0.031773
0.000892
0.000000
0.023552
0.011490
0.017019
0.003644
0.004451
0.004836
0.020832
0.001743
0.071388
0.084257
0.008842
0.236616
0.005551
0.004629
0.000757
0.137329
0.002827
0.034676
0.000848
0.017828
0.021234
0.004609
0.038351
0.012202
0.016082
0.005127
0.000730
0.006620
0.014281
0.024877
0.002715
0.000620
0.006332
0.022542
0.014788
0.027333
0.410392
0.008324
0.151887
0.001122
0.016382
0.006737
0.023098
0.002408
0.007837
0.000037
0.029446
0.000087
0.003135
0.026969
0.003636
0.000000
0.001198
0.010997
0.075508
0.001443
0.021225
0.025864
0.003070
0.000248
0.015722
0.001345
0.000375
0.011495
0.000067
0.001625
0.023677
0.004864
0.014212
0.000585
0.007968
0.000069
0.000177
0.000617
0.001865
0.013294
0.010326
0.009763
0.208970
0.001519
0.003252
0.050203
0.030905
0.019153
0.007283
0.000026
0.073432
0.013371
0.003334
0.003793
0.087801
0.007138
0.014567
0.027183
0.000045
0.005598
0.031834
0.011906
0.141458
0.000179
0.012343
0.006339
0.050113
0.000709
0.016429
0.000520
0.005717
0.010436
0.041131
0.000442
0.038492
0.011922
0.000969
0.010600
0.009066
0.000044
0.013575
0.005205
0.002336
0.000574
0.032854
0.000428
0.006071
0.000934
0.000597
0.020932
0.006375
0.000091
0.011381
0.019333
0.043776
0.000000
0.011588
0.009318
0.011558
0.001178
0.004633
0.000360
0.000896
0.043517
0.136953
0.062521
0.000011
0.003939
0.043233
0.018710
0.065858
0.009939
0.001325
0.199275
0.014277
0.017855
0.000000
0.000194
0.012862
0.000254
0.027152
0.000177
0.068595
0.011882
0.000240
0.073580
0.000002
0.005344
0.000030
0.055090
0.002322
0.203571
0.081004
0.254716
0.088337
0.032903
0.014999
0.000416
0.004104
0.005248
0.000000
0.000907
0.001341
0.004816
0.010559
0.055074
0.000522
0.030336
0.011058
0.022193
0.012584
0.000001
0.022817
0.002658
0.002399
0.005350
0.004525
0.000730
0.000147
0.000284
0.005404
0.000029
0.009420
0.000520
0.024876
0.000134
0.000006
0.003398
0.011301
0.005791
0.004288
0.003796
0.026422
0.022492
0.005489
0.002550
0.012147
0.006458
0.000080
0.002326
0.008964
0.009232
0.000961
0.021312
0.004015
0.005645
0.000912
0.005434
0.005628
0.010824
0.018764
0.010800
0.000155
0.014723
0.046093
0.035037
0.113393
0.006061
0.001869
0.005650
0.005073
0.048337
0.000002
0.001493
0.011624
0.091711
0.004335
0.002194
0.008261
0.034031
0.145794
0.024563
0.038722
0.000362
0.174629
0.005432
0.024355
0.000815
0.000078
0.186898
0.000264
0.038620
0.042961
0.000202
0.046193
0.080389
0.004966
0.004154
0.000078
0.013583
0.000154
0.003701
0.002356
0.002164
0.016952
0.000415
0.008963
0.010688
0.010733
0.011388
0.008763
0.003002
0.002987
0.009923
0.025332
0.005381
0.022610
0.013087
0.012103
0.034650
0.127780
0.013812
0.027915
0.139637
0.001282
0.000867
0.023599
0.013707
0.001755
0.000739
0.026158
0.004764
0.000565
0.004095
0.016571
0.070013
0.234325
0.141736
0.025330
0.200760
0.000686
0.002664
0.006153
0.025828
0.005925
0.017547
0.001590
0.011611
0.002261
0.006585
0.000869
0.002344
0.000009
0.018374
0.000188
0.003628
0.000876
0.024506
0.001766
0.002233
0.004992
0.000008
0.000014
0.025041
0.049335
0.043180
0.000112
0.002949
0.002660
0.000090
0.003946
0.001265
0.006423
0.000026
0.032322
0.002494
0.007294
0.001621
0.000191
0.010433
0.007051
0.001297
0.002166
0.000139
0.070894
0.030786
0.024574
0.006510
0.043220
0.000148
0.086277
0.165830
0.011062
0.000084
0.040610
0.020353
0.043196
0.014991
0.005493
0.000061
0.018157
0.087488
0.017009
0.036869
0.004635
0.000003
0.000001
0.009272
0.019963
0.000548
0.032821
0.000276
0.000424
0.000412
0.113840
0.001444
0.026384
0.001358
0.021711
0.004126
0.041368
0.046779
0.082068
0.042994
0.057684
0.014552
0.277914
0.121071
0.006352
0.004161
0.000966
0.000055
0.010606
0.007731
0.022378
0.012199
0.003251
0.003614
0.000118
0.023188
0.001757
0.000142
0.004326
0.010863
0.002756
0.013133
0.009133
0.014085
0.004980
0.001467
0.009381
0.003746
0.027350
0.000374
0.012569
0.067431
0.000000
0.000782
0.000068
0.004997
0.002723
0.003045
0.017485
0.045663
0.019048
0.019088
0.013540
0.000049
0.023196
0.004675
0.007364
0.000705
0.031590
0.010688
0.001610
0.002784
0.017589
0.031844
0.020029
0.002007
0.019900
0.010500
0.006211
0.033262
0.006753
0.023576
0.075900
0.003987
0.023698
0.025298
0.000522
0.000445
0.041195
0.003160
0.151734
0.000029
0.011649
0.000550
0.003045
0.009844
0.173161
0.005488
0.036263
0.008776
0.055864
0.000237
0.030084
0.001596
0.035613
0.000225
0.004140
0.001433
0.004129
0.000173
0.002756
0.000056
0.000672
0.005174
0.003526
0.001936
0.003052
0.003582
0.000019
0.009970
0.000034
0.019882
0.047432
0.012667
0.002683
0.005312
0.074419
0.048412
0.038512
0.010607
0.024370
0.038748
0.059626
0.139987
0.025845
0.001401
0.032947
0.024764
0.171865
0.005568
0.000688
0.058550
0.002762
0.008924
0.034709
0.001151
0.003211
0.083135
0.009096
0.099154
0.040432
0.019684
0.000158
0.000020
0.018856
0.003126
0.004071
0.044803
0.000326
0.000007
0.004387
0.006366
0.102593
0.014699
0.093110
0.006362
0.043602
0.114754
0.028702
0.002737
0.000078
0.020382
0.027803
0.004514
0.024370
0.047670
0.041816
0.000089
0.029675
0.000004
0.030863
0.021507
0.002072
0.002765
0.000900
0.000015
0.000015
0.000180
0.001767
0.000126
0.026804
0.010975
0.002631
0.075553
0.000329
0.032821
0.002088
0.006962
0.004099
0.044480
0.005529
0.009376
0.021980
0.029405
0.019243
0.018901
0.028992
0.053397
0.000686
0.001330
0.229406
0.000052
0.026780
0.029605
0.001885
0.004367
0.014774
0.000513
0.039588
0.040894
0.005600
0.008128
0.009041
0.005180
0.061579
0.075315
0.011936
0.010366
0.004122
0.004479
0.000094
0.015773
0.004272
0.000671
0.028720
0.002233
0.033544
0.028519
0.001392
0.017129
0.000059
0.014835
0.006381
0.017294
0.027460
0.014605
0.007674
0.001235
0.004202
0.016003
0.000888
0.099783
0.000048
0.019218
0.028272
0.013664
0.011420
0.036594
0.073686
0.076807
0.012453
0.000360
0.022703
0.010488
0.001120
0.000438
0.000937
0.026999
0.001956
0.006863
0.000485
0.036858
0.035544
0.006457
0.127751
0.068754
0.055949
0.002221
0.000207
0.110162
0.016255
0.001033
0.000188
0.040018
0.000172
0.008856
0.001611
0.024484
0.000110
0.053404
0.003219
0.058703
0.000890
0.000065
0.006930
0.000308
0.000005
0.034330
0.067449
0.000902
0.017673
0.038151
0.008978
0.133209
0.003415
0.000023
0.019577
0.042139
0.040338
0.090228
0.005838
0.028378
0.005498
0.007927
0.002460
0.000097
0.000744
0.014566
0.088178
0.001693
0.020887
0.000704
0.033459
0.000466
0.001421
0.001233
0.001906
0.013179
0.000160
0.002170
0.002137
0.000639
0.007019
0.007113
0.000077
0.008729
0.005480
0.000283
0.004139
0.006694
0.005865
0.008341
0.001845
0.000680
0.013350
0.001471
0.000725
0.000341
0.049007
0.090899
0.008591
0.007046
0.000018
0.005090
0.083106
0.004896
0.001899
0.006504
0.089922
0.014847
0.200440
0.036326
0.045698
0.155929
0.069988
0.000872
0.000001
0.110578
0.013333
0.006203
0.005753
0.034734
0.001904
0.003972
0.000424
0.026570
0.008297
0.119354
0.000265
0.004418
0.000150
0.048558
0.031584
0.005191
0.002093
0.025868
0.004081
0.013036
0.000011
0.001680
0.010251
0.014659
0.030252
0.008376
0.009659
0.027564
0.253945
0.005653
0.001492
0.021400
0.000041
0.012746
0.013960
0.003727
0.000156
0.009182
0.060877
0.046637
0.000854
0.000510
0.033709
0.000031
0.002841
0.000276
0.000648
0.002900
0.001242
0.001995
0.002254
0.000434
0.007871
0.010118
0.015061
0.004902
0.010337
0.015140
0.003394
0.002038
0.018140
0.034017
0.004244
0.001572
0.016237
0.011619
0.055382
0.009555
0.004862
0.006077
0.003667
0.005833
0.003268
0.014409
0.007337
0.002066
0.000073
0.002203
0.051416
0.014537
0.016026
0.488003
0.032621
0.071187
0.009485
0.000971
