0.020245
0.042172
0.000870
0.043245
0.022203
0.055042
0.187226
0.024831
0.000000
0.000000
0.000000
0.000000
0.000000
0.000000
0.000000
0.000000
0.000000
0.000000
0.000000
0.000000
0.000000
0.000000
0.000000
0.000000
0.000000
0.000000
0.000000
0.000000
0.000000
0.000000
0.000000
0.000000
0.000000
0.000000
0.000000
0.000000
0.000000
0.000000
0.000000
0.000000
0.000000
0.000000
0.000000
0.604166
0.012739
0.098859
0.004475
0.014205
0.000005
0.144660
0.101103
0.003727
0.002645
0.034144
0.000003
0.001211
0.017759
0.032216
0.052171
0.000950
0.001470
0.000937
0.023888
0.003129
0.022116
0.000042
0.003698
0.004260
0.044366
0.050632
0.026800
0.000266
0.000039
0.051105
0.016145
0.000074
0.000037
0.005418
0.043504
0.007757
0.023580
0.010178
0.054507
0.030734
0.008169
0.005911
0.018823
0.021547
0.025125
0.008341
0.012870
0.000907
0.003678
0.001592
0.000006
0.000105
0.109577
0.002243
0.007059
0.018839
0.001127
0.008911
0.018232
0.000527
0.019867
0.023062
0.000285
0.097116
0.024560
0.014154
0.031139
0.000035
0.045080
0.037046
0.060440
0.002762
0.010932
0.021790
0.017198
0.000775
0.004235
0.015683
0.059231
0.067826
0.114899
0.009112
0.021630
0.020915
0.046968
0.012996
0.000032
0.001092
0.024992
0.008203
0.021153
0.000159
0.000000
0.000014
0.001508
0.018266
0.057601
0.137777
0.036565
0.011785
0.045272
0.018803
0.033600
0.000243
0.100930
0.009092
0.000918
0.063815
0.001166
0.001278
0.000583
0.068535
0.006330
0.004829
0.011129
0.003151
0.012935
0.000160
0.075286
0.044659
0.004735
0.042331
0.013755
0.000021
0.000090
0.002372
0.002058
0.022340
0.012125
0.041004
0.038084
0.000346
0.020815
0.030350
0.007921
0.139229
0.020037
0.002019
0.034992
0.102587
0.011279
0.010951
0.038896
0.000936
0.026715
0.032162
0.011775
0.107969
0.058729
0.053114
0.010890
0.000033
0.001196
0.001335
0.000854
0.000291
0.003943
0.003145
0.040140
0.000177
0.001530
0.069779
0.023088
0.000274
0.047223
0.008696
0.005408
0.001936
0.027643
0.000333
0.000705
0.017504
0.003673
0.012919
0.000915
0.005896
0.019118
0.000003
0.368876
0.020422
0.010663
0.007640
0.001649
0.033582
0.084732
0.078837
0.000037
0.016470
0.025654
0.006854
0.084523
0.027730
0.002222
0.008896
0.010732
0.000673
0.003048
0.004511
0.039512
0.006615
0.002881
0.000034
0.000361
0.001883
0.000749
0.003156
0.007592
0.000351
0.006765
0.002058
0.009876
0.001498
0.016713
0.028106
0.013241
0.025886
0.007819
0.000832
0.004226
0.002973
0.024556
0.013175
0.008638
0.000280
0.000170
0.003092
0.001248
0.014075
0.008270
0.119954
0.002683
0.004365
0.092492
0.024803
0.039433
0.235676
0.008266
0.132664
0.059720
0.000432
0.038392
0.011858
0.012208
0.000183
0.020146
0.015298
0.013281
0.005905
0.000946
0.000003
0.000022
0.000459
0.007004
0.005325
0.001080
0.006925
0.010722
0.003363
0.015806
0.003827
0.007815
0.022749
0.000023
0.002666
0.024950
0.010856
0.003267
0.001886
0.005505
0.020277
0.000652
0.073910
0.000281
0.004835
0.023276
0.630684
0.034164
0.016400
0.050966
0.030916
0.017821
0.002778
0.002510
0.000444
0.000192
0.000026
0.000358
0.000351
0.000259
0.000082
0.000123
0.002791
0.003690
0.002402
0.000001
0.002595
0.000013
0.000092
0.004008
0.004562
0.005090
0.000004
0.002376
0.004598
0.001843
0.000136
0.000685
0.007345
0.016947
0.057723
0.063428
0.018562
0.387612
0.127951
0.004401
0.016530
0.000009
0.000035
0.047857
0.000132
0.038373
0.040335
0.008256
0.004549
0.000925
0.003688
0.003249
0.000308
0.000185
0.000005
0.008462
0.002661
0.000609
0.034883
0.005957
0.002898
0.001756
0.004893
0.004642
0.007546
0.008211
0.003032
0.001492
0.006784
0.003987
0.000068
0.000303
0.007879
0.000031
0.001376
0.000960
0.050507
0.023499
0.016666
0.037637
0.001690
0.004638
0.000593
0.001066
0.002454
0.030056
0.002057
0.006753
0.000950
0.011656
0.002576
0.037774
0.012780
0.004970
0.010695
0.013688
0.051948
0.286274
0.004056
0.081554
0.045011
0.009608
0.069886
0.002916
0.000061
0.002599
0.000131
0.050879
0.005064
0.015891
0.055852
0.016540
0.004530
0.000542
0.014764
0.003138
0.025196
0.000249
0.010579
0.020065
0.000467
0.012969
0.097368
0.003969
0.019074
0.020865
0.017381
0.004586
0.017270
0.008930
0.016242
0.016756
0.000633
0.001892
0.059703
0.013293
0.013586
0.006340
0.007716
0.001265
0.000597
0.000122
0.038666
0.201072
0.006315
0.003746
0.132930
0.013840
0.016694
0.005018
0.025707
0.002877
0.002964
0.031932
0.000524
0.004029
0.000195
0.028272
0.006213
0.000062
0.001334
0.003679
0.008811
0.086822
0.037741
0.025218
0.000492
0.054766
0.016531
0.000078
0.003268
0.017428
0.002595
0.003431
0.003130
0.010864
0.004034
0.018604
0.006657
0.011222
0.024760
0.027827
0.020588
0.004508
0.001440
0.009149
0.071365
0.000177
0.012898
0.076987
0.060984
0.000895
0.012571
0.018908
0.053617
0.175454
0.012491
0.068106
0.000271
0.000145
0.019914
0.076959
0.035143
0.002795
0.005062
0.000250
0.000031
0.025466
0.002920
0.025663
0.005846
0.002442
0.001562
0.000002
0.000183
0.003393
0.000019
0.038686
0.030625
0.057366
0.000915
0.009495
0.000006
0.002286
0.000014
0.000615
0.002743
0.027468
0.097411
0.042720
0.000569
0.083347
0.069493
0.001887
0.074351
0.009605
0.000349
0.053646
0.000109
0.017170
0.066958
0.011591
0.066798
0.054227
0.002726
0.004048
0.000004
0.000393
0.000141
0.001614
0.045445
0.085882
0.000190
0.018073
0.061761
0.001256
0.000073
0.003873
0.012106
0.015237
0.021550
0.032541
0.000037
0.001624
0.000831
0.007010
0.000011
0.073448
0.000052
0.000090
0.005608
0.013421
0.027925
0.023553
0.001983
0.045015
0.007014
0.003386
0.022332
0.064829
0.013181
0.036551
0.152947
0.072522
0.001626
0.004070
0.000130
0.017672
0.010245
0.002500
0.003585
0.108268
0.001846
0.000000
0.100720
0.002270
0.007228
0.009114
0.111024
0.023536
0.180134
0.012482
0.010485
0.018819
0.042832
0.001210
0.032261
0.000846
0.011365
0.040577
0.027823
0.001865
0.011811
0.028526
0.003417
0.006291
0.015101
0.011788
0.002502
0.076531
0.017839
0.025169
0.015116
0.041352
0.032754
0.000003
0.000381
0.015625
0.014776
0.000454
0.007630
0.001996
0.010971
0.001693
0.005276
0.001800
0.000007
0.000005
0.021823
0.038871
0.066119
0.020879
0.035245
0.000844
0.080862
0.004722
0.023167
0.007919
0.006255
0.021385
0.025642
0.078591
0.056385
0.028711
0.000754
0.002476
0.072867
0.025351
0.057291
0.004151
0.000010
0.009225
0.000000
0.005439
0.021202
0.053589
0.021374
0.000194
0.003893
0.036582
0.004026
0.001469
0.077066
0.002177
0.001059
0.002580
0.014709
0.001995
0.014580
0.020189
0.005290
0.004599
0.105900
0.038349
0.001003
0.026343
0.000786
0.001422
0.002684
0.024807
0.008979
0.000604
0.007898
0.035343
0.017798
0.032686
0.001973
0.012127
0.000539
0.039841
0.000088
0.000474
0.006466
0.000958
0.017385
0.000019
0.005525
0.070650
0.014910
0.176349
0.044464
0.002744
0.000004
0.022383
0.044259
0.002908
0.011152
0.014599
0.000732
0.019264
0.001491
0.071758
0.101483
0.011235
0.003248
0.127881
0.012129
0.001250
0.000364
0.026107
0.000492
0.007185
0.020828
0.001357
0.000238
0.000094
0.016139
0.003510
0.076038
0.010052
0.031085
0.000376
0.001138
0.021271
0.001182
0.006511
0.000151
0.000010
0.024196
0.000112
0.000202
0.023729
0.007996
0.005178
0.000606
0.002028
0.061863
0.000095
0.005824
0.010133
0.362225
0.011420
0.201313
0.004621
0.009806
0.001323
0.005252
0.016050
0.000597
0.000281
0.017965
0.003399
0.000022
0.020694
0.038635
0.000873
0.038111
0.189913
0.050983
0.124825
0.013550
0.017298
0.098310
0.000003
0.004080
0.000370
0.004800
0.002663
0.000764
0.005829
0.064968
0.006170
0.000155
0.005028
0.000295
0.024521
0.051576
0.004449
0.020238
0.014504
0.004056
0.012921
0.022677
0.013022
0.004264
0.012586
0.005468
0.022081
0.009227
0.001363
0.011389
0.000735
0.012748
0.006761
0.000650
0.002605
0.053844
0.026106
0.001666
0.006194
0.006646
0.001029
0.002497
0.006842
0.012505
0.036940
0.002319
0.013714
0.001044
0.000973
0.003381
0.003501
0.000782
0.001161
0.000008
0.005858
0.012863
0.000557
0.001510
0.014066
0.090553
0.002220
0.000095
0.145373
0.001940
0.152689
0.001118
0.003273
0.142381
0.031319
0.203800
0.000644
0.001110
0.004800
0.002537
0.036223
0.008970
0.000593
0.001215
0.001221
0.005761
0.024803
0.009156
0.002533
0.035384
0.087625
0.036726
0.000074
0.021673
0.004670
0.040844
0.007026
0.013760
0.162805
0.000563
0.033377
0.011041
0.123167
0.159499
0.011435
0.064753
0.001704
0.000441
0.011308
0.020437
0.000036
0.003657
0.022815
0.007123
0.013220
0.000076
0.005717
0.000578
0.004041
0.014502
0.002024
0.000013
0.000183
0.003784
0.019537
0.000129
0.002759
0.000328
0.013672
0.001004
0.026366
0.000620
0.001846
0.003392
0.003283
0.001060
0.001337
0.012493
0.010306
0.000004
0.003768
0.000615
0.018152
0.022312
0.011580
0.004432
0.018126
0.000707
0.034207
0.055737
0.078269
0.368345
0.007207
0.000307
0.026037
0.003957
0.015244
0.001463
0.000394
0.035777
0.059199
0.001989
0.005078
0.000479
0.012358
0.018155
0.043609
0.009644
0.017557
0.038161
0.001156
0.002042
0.019226
0.004002
0.024044
0.017443
0.001518
0.007102
0.002342
0.000308
0.003354
0.009796
0.000556
0.007440
0.014842
0.000194
0.063506
0.003601
0.017518
0.060312
0.005910
0.082165
0.017887
0.003956
0.000060
0.020676
0.008284
0.013054
0.000007
0.083725
0.012034
0.211879
0.035344
0.000291
0.053815
0.002685
0.039019
0.039597
0.010114
0.003111
0.027001
0.009848
0.005668
0.000176
0.062450
0.000868
0.016498
0.000003
0.026077
0.003117
0.000923
0.000378
0.000168
0.000308
0.001509
0.009094
0.000857
0.002871
0.002470
0.000042
0.000000
0.001451
0.000228
0.001155
0.014496
0.004739
0.007809
0.005691
0.064802
0.100670
0.008687
0.001692
0.000200
0.006304
0.070037
0.000504
0.009758
0.000002
0.000130
0.000023
0.147665
0.000018
0.077943
0.029199
0.003816
0.009430
0.071088
0.173800
0.021539
0.004117
0.114680
0.000511
0.026008
0.003644
0.000429
0.000996
0.000834
0.000178
0.000676
0.052074
0.041794
0.019630
0.175865
0.014841
0.106253
0.095509
0.003479
0.002955
0.009685
0.080840
0.062919
0.000993
0.012730
0.001319
0.000240
0.000392
0.072998
0.000700
0.000648
0.000602
0.027401
0.002832
0.011221
0.037226
0.049942
0.000074
0.001459
0.000879
0.006906
0.000752
0.008161
0.032332
0.000941
0.011790
0.016034
0.002818
0.024456
0.014559
0.001630
0.005225
0.000018
0.000438
0.000125
0.014757
0.034993
0.000488
0.027683
0.001479
0.002717
0.000738
0.025639
0.000285
0.005507
0.000945
0.001028
0.000039
0.000289
0.001791
0.008528
0.032819
0.055499
0.006465
0.001398
0.000302
0.008246
0.106454
0.010180
0.004885
0.089756
0.000028
0.009761
0.005653
0.032153
0.039399
0.022716
0.050259
0.147144
0.090772
0.112717
0.000037
0.018676
0.048255
0.025038
0.075373
0.033780
0.000984
0.034752
0.015031
0.000642
0.002198
0.006733
0.002879
0.001637
0.268512
0.080921
0.053449
0.001053
0.016420
0.034692
0.002120
0.000101
0.002223
0.005021
0.064174
0.000091
0.063438
0.039365
0.008500
0.001398
0.001234
0.012363
0.000065
0.000059
0.000566
0.022159
0.005656
0.003241
0.002298
0.023387
0.006778
0.003640
0.009698
0.000675
0.000722
0.022451
0.022961
0.047303
0.001519
0.001025
0.012316
0.003716
0.042086
0.130961
0.022471
0.001271
0.007862
0.002598
0.000815
0.003118
0.000284
0.000223
0.000031
0.002220
0.001254
0.004018
0.009709
0.000686
0.045943
0.001649
0.031364
0.001053
0.045995
0.007388
0.002788
0.038695
0.024195
0.011372
0.014721
0.061459
0.080449
0.002954
0.063550
0.075277
0.008182
0.034327
0.105143
0.002586
0.000014
0.023893
0.017952
0.002992
0.012556
0.000001
0.001407
0.000283
0.006483
0.023891
0.001864
0.000002
0.000258
0.000550
0.003230
0.000078
0.001496
0.015321
0.007535
0.003209
0.011922
0.028740
0.008483
0.008785
0.006049
0.001802
0.005330
0.006810
0.001599
0.026787
0.000000
0.119695
0.005167
0.000936
0.013782
0.075013
0.389953
0.114271
0.007279
0.013741
0.004078
0.013516
0.009019
0.003372
0.000869
0.018117
0.057189
0.030892
0.000138
0.006176
0.015725
0.007114
0.002350
0.014753
0.009842
0.001146
0.037423
0.002000
0.010685
0.000607
0.062695
0.205748
0.004229
0.313737
0.135744
0.004722
0.012270
0.000113
0.002764
0.001933
0.000493
0.000105
0.000219
0.000409
0.000966
0.001093
0.000783
0.001174
0.000023
0.003668
0.006468
0.010987
0.003868
0.000936
0.004380
0.000808
0.000601
0.000334
0.004574
0.024957
0.009793
0.007455
0.000041
0.019886
0.168768
0.006603
0.000463
0.000023
0.004101
0.012979
0.049292
0.001526
0.148980
0.194101
0.000479
0.004103
0.019070
0.056857
0.026622
0.001707
0.000093
0.002078
0.025412
0.011621
0.000000
0.030828
0.025057
0.003984
0.005444
0.000019
0.003670
0.000019
0.054151
0.000226
0.000216
0.007559
0.008742
0.000467
0.013176
0.023571
0.009823
0.007951
0.008087
0.020189
0.025033
0.133615
0.030863
0.015920
0.000326
0.000109
0.009819
0.039208
0.006416
0.007492
0.000106
0.008227
0.017410
0.015773
0.000031
0.000244
0.014361
0.045710
0.046206
0.047074
0.013103
0.001263
0.040076
0.088849
0.003981
0.008562
0.020031
0.020903
0.016924
0.000673
0.011500
0.014718
0.013991
0.016126
0.029145
0.006422
0.041987
0.011548
0.022160
0.055243
0.003179
0.075338
0.000146
0.026262
0.000236
0.009215
0.003870
0.012345
0.003060
0.011659
0.022607
0.000378
0.003793
0.005049
0.016381
0.000009
0.005139
0.003336
0.010212
0.010838
0.003357
0.000894
0.000233
0.001617
0.001351
0.049918
0.000058
0.059377
0.000727
0.010292
0.001972
0.046084
0.056341
0.000042
0.001357
0.000919
0.004299
0.000110
0.045538
0.165860
0.175517
0.025538
0.178998
0.008966
0.010984
0.004872
0.000388
0.024537
0.012739
0.006609
0.012160
0.000449
0.000162
0.000066
0.004011
0.026018
0.001537
0.001140
0.000035
0.004161
0.015664
0.000483
0.003306
0.006227
0.000326
0.000007
0.005126
0.000000
0.000228
0.023799
0.004548
0.008221
0.014887
0.025126
0.002262
0.006236
0.014001
0.050430
0.027087
0.135466
0.001242
0.060324
0.029006
0.011318
0.175204
0.113289
0.007318
0.007054
0.128218
0.029778
0.000192
0.020064
0.041800
0.038966
0.000069
0.003433
0.007186
0.000032
0.000137
0.001508
0.043796
0.002814
0.011914
0.028357
0.006176
0.006725
0.042787
0.007703
0.005726
0.016209
0.000639
0.010960
0.000249
0.000577
0.000227
0.011298
0.017120
0.037625
0.004052
0.023543
0.157364
0.000049
0.002280
0.000256
0.020489
0.143326
0.001058
0.020372
0.038943
0.053170
0.075417
0.079069
0.016049
0.000461
0.000004
0.024608
0.001905
0.000415
0.161985
0.031541
0.000110
0.011857
0.164274
0.013697
0.004821
0.000558
0.017495
0.000214
0.005138
0.017461
0.016034
0.158686
0.001634
0.052656
0.024089
0.000047
0.037989
0.007669
0.002828
0.019405
0.020368
0.008121
0.000086
0.003772
0.051840
0.013838
0.000001
0.005139
0.001877
0.011965
0.011459
0.003078
0.015950
0.000724
0.008153
0.005397
0.000008
0.000274
0.060837
0.026438
0.000090
0.000000
0.005215
0.030959
0.000946
0.009232
0.005404
0.001516
0.004777
0.002059
0.000572
0.000818
0.005532
0.006025
0.010104
0.001540
0.042417
0.037073
0.013418
0.001017
0.004704
0.000110
0.096604
0.026905
0.002309
0.143240
0.002117
0.078468
0.028051
0.023152
0.072251
0.000809
0.000509
0.115857
0.005046
0.005609
0.001586
0.000696
0.000000
0.156969
0.011714
0.018010
0.000131
0.021657
0.030790
0.033617
0.001218
0.004914
0.002707
0.000186
0.018922
0.052892
0.042550
0.126709
0.000622
0.038609
0.019314
0.030394
0.034014
0.016482
0.001504
0.014447
0.082533
0.000256
0.014364
0.033052
0.048159
0.003159
0.000003
0.042399
0.028642
0.005016
0.020511
0.000651
0.006903
0.115694
0.002936
0.006253
0.017650
0.005050
0.001304
0.000142
0.019165
0.005145
0.031381
0.017362
0.000722
0.024172
0.016754
0.001900
0.003015
0.003618
0.000003
0.000133
0.020013
0.002268
0.001207
0.012554
0.000235
0.088149
0.002521
0.000280
0.091206
0.010633
0.000178
0.003821
0.000189
0.002330
0.010330
0.001117
0.059603
0.023859
0.001291
0.001485
0.320715
0.052074
0.003118
0.008532
0.037208
0.006274
0.003331
0.009207
0.002138
0.000187
0.000323
0.033506
0.074111
0.002135
0.047556
0.016182
0.000542
0.026362
0.000258
0.000641
0.010449
0.013800
0.000923
0.001263
0.001430
0.039543
0.039383
0.137199
0.015696
0.000893
0.002526
0.021463
0.023410
0.020360
0.022012
0.003378
0.002921
0.014069
0.000670
0.038042
0.073159
0.002562
0.048759
0.005632
0.003892
0.004410
0.009581
0.009020
0.000268
0.002985
0.121963
0.005988
0.031796
0.096750
0.003270
0.092982
0.000299
0.014599
0.019388
0.015908
0.000098
0.025178
0.007549
0.001770
0.007861
0.011244
0.252578
0.364140
0.001479
0.002244
0.017366
0.023977
0.007237
0.021973
0.069039
0.000010
0.020298
0.006940
0.000405
0.003048
0.013791
0.000544
0.003734
0.002392
0.005412
0.000134
0.005373
0.001001
0.005290
0.001207
0.009587
0.006041
0.000348
0.006263
0.018899
0.015643
0.000120
0.002278
0.001569
0.007702
0.001897
0.000012
0.000473
0.008654
0.037298
0.026409
0.000766
0.000442
0.000011
0.001873
0.000344
0.002686
0.122833
0.037895
0.008082
0.002451
0.002465
0.014321
0.004618
0.002957
0.002204
0.000909
0.000576
0.004837
0.000168
0.002800
0.002268
0.045538
0.002672
0.086331
0.000964
0.018662
0.018430
0.212443
0.012328
0.055661
0.001450
0.075348
0.005455
0.018896
0.003527
0.013365
0.061949
0.001820
0.004732
0.050664
0.052555
0.010775
0.004518
0.024103
0.014206
0.018249
0.012792
0.000103
0.000895
0.004583
0.002987
0.004344
0.020785
0.030309
0.000758
0.011619
0.001060
0.015632
0.000054
0.015793
0.091156
0.056120
0.084994
0.239145
0.207053
0.009864
0.022887
0.002769
0.022829
0.012942
0.000405
0.000033
0.000007
0.010208
0.000199
0.001202
0.003483
0.023724
0.009849
0.012253
0.001899
0.000894
0.001175
0.000310
0.000151
0.006043
0.000135
0.026022
0.003523
0.000377
0.001298
0.001024
0.000376
0.000911
0.009103
0.011321
0.000500
0.008276
0.000119
0.007558
0.001594
0.000217
0.000512
0.022382
0.026283
0.019818
0.001880
0.003599
0.018055
0.002807
0.002985
0.009075
0.047634
0.028064
0.121663
0.037512
0.000399
0.000268
0.000181
0.003499
0.037375
0.014243
0.091680
0.006801
0.068142
0.087941
0.077002
0.068232
0.010952
0.118649
0.000149
