22.831792
9.479414
0.510789
-1.080700
-0.011935
-0.933905
-0.027673
-0.239486
-0.326433
0.210134
-0.144888
-0.026627
0.065946
0.014262
-0.028049
-0.009516
0.023676
0.003122
0.017847
0.001422
0.000989
-0.001145
-0.000535
0.000002
0.000000
-0.000000
0.000000
-0.000000
0.000000
-0.000000
-0.000000
0.000000
-0.000000
-0.000000
-0.000000
0.000000
-0.000000
-0.000000
0.000000
-0.000000
-0.000000
0.000000
0.000000
-0.000000
3.348835
3.633903
1.111192
4.476258
1.194374
0.674426
-0.094500
0.326268
0.433573
-0.126139
0.157186
-0.048470
-0.176773
0.015724
0.035113
-0.028329
-0.033492
0.003394
-0.026071
-0.007583
-0.003690
0.000826
0.000151
-0.000000
0.000001
-0.000000
0.000000
-0.000000
0.000000
-0.000000
-0.000000
-0.000000
-0.000000
-0.000000
-0.000000
0.000000
-0.000000
-0.000000
0.000000
-0.000000
0.000000
0.000000
0.000000
0.000000
-4.507950
0.002326
-0.183841
0.020915
-0.593853
-0.536912
-0.300005
0.048617
-0.236839
0.220618
0.107167
-0.038580
-0.052912
-0.198393
0.314192
-0.192822
-0.109910
0.108458
-0.034739
0.198159
-0.019413
0.004882
-0.007420
0.000084
0.000018
-0.000000
0.000000
-0.000000
0.000000
-0.000000
-0.000000
0.000000
-0.000000
-0.000000
0.000000
0.000000
-0.000000
-0.000000
-0.000000
0.000000
-0.000000
0.000000
0.000000
-0.000000
-1.168204
3.490538
0.725902
-1.858419
-1.347482
2.815244
-0.151865
0.476716
0.599697
-0.221825
0.122581
0.102175
-0.053119
-0.085887
0.074323
0.035166
-0.033581
-0.003732
-0.030208
-0.003583
0.001767
0.004685
0.000869
-0.000004
-0.000001
-0.000000
0.000000
-0.000000
0.000000
-0.000000
-0.000000
0.000000
-0.000000
-0.000000
-0.000000
0.000000
-0.000000
-0.000000
-0.000000
-0.000000
-0.000000
0.000000
0.000000
-0.000000
-5.613877
0.412961
-0.225463
0.096072
-0.157705
-0.140937
-0.363010
-0.259725
-0.019114
0.064021
-0.095165
-0.027439
-0.025913
0.035001
0.035461
0.062929
0.155886
-0.023312
-0.020506
0.053768
0.007760
-0.054316
0.047494
-0.000146
0.000006
-0.000000
0.000000
-0.000000
0.000000
-0.000000
-0.000000
0.000000
-0.000000
-0.000000
-0.000000
0.000000
-0.000000
-0.000000
-0.000000
0.000000
-0.000000
0.000000
0.000000
0.000000
14.846712
-6.260708
6.241527
0.040419
-0.580646
0.152840
-0.717463
-0.434178
-0.058085
0.005000
0.028828
0.042007
0.020567
0.025779
-0.024451
0.002246
0.005638
0.001543
-0.000274
0.007007
0.011152
0.002631
-0.000102
0.000001
-0.000002
-0.000000
0.000000
-0.000000
-0.000000
-0.000000
-0.000000
-0.000000
-0.000000
-0.000000
-0.000000
0.000000
-0.000000
-0.000000
-0.000000
-0.000000
-0.000000
0.000000
0.000000
0.000000
0.642184
-1.132832
0.505394
-0.449185
1.259834
0.381129
1.959955
-0.723203
0.075527
-0.038596
-0.331830
0.140145
-0.077983
-0.092462
0.052233
-0.072168
-0.073087
-0.025844
-0.004722
0.002333
-0.023160
0.010916
0.003646
-0.001986
-0.001002
-0.000000
0.000000
-0.000000
0.000000
-0.000000
-0.000000
0.000000
-0.000000
-0.000000
-0.000000
0.000000
-0.000000
-0.000000
0.000000
-0.000000
-0.000000
0.000000
0.000000
0.000000
-3.361671
0.192846
-0.079918
-0.557856
0.490373
-0.659524
0.452980
-1.133858
0.874600
-0.614414
0.073529
0.021891
0.039963
-0.072765
0.144212
-0.112406
-0.016383
0.018145
-0.037973
-0.061636
0.012390
-0.014312
-0.001468
0.001967
0.001000
-0.000000
0.000000
-0.000000
0.000000
-0.000000
-0.000000
-0.000000
-0.000000
-0.000000
-0.000000
0.000000
-0.000000
-0.000000
-0.000000
-0.000000
-0.000000
0.000000
0.000000
0.000000
-1.934003
-0.916435
0.457245
0.143311
0.643625
0.917705
1.179735
0.191838
-0.773935
0.626823
-0.472734
0.138208
-0.100805
0.038788
-0.114785
0.118048
0.030714
-0.033874
0.013981
0.047615
-0.021839
-0.027157
-0.005453
0.002003
0.001010
-0.000000
0.000000
-0.000000
0.000000
-0.000000
-0.000000
0.000000
-0.000000
-0.000000
-0.000000
0.000000
-0.000000
-0.000000
-0.000000
0.000000
0.000000
0.000000
0.000000
-0.000000
-4.918941
0.245649
-0.203416
0.281276
-0.046521
-0.257237
-0.390108
-0.289903
0.322992
0.171145
-0.243521
-0.316308
0.401502
-0.188082
-0.205553
0.335801
-0.237960
0.037868
-0.026472
0.010260
-0.057920
0.051284
0.004550
0.000019
0.000005
-0.000000
0.000000
-0.000000
0.000000
-0.000000
-0.000000
0.000000
-0.000000
-0.000000
-0.000000
0.000000
-0.000000
-0.000000
-0.000000
-0.000000
-0.000000
0.000000
0.000000
0.000000
-0.866956
-0.432338
1.206059
-0.087456
-1.140107
-0.870612
1.383510
1.063054
-0.173659
-0.574460
0.492256
-0.301904
0.048480
0.027033
-0.092885
-0.042745
-0.017076
0.014602
0.039347
-0.006350
-0.006458
0.024254
0.008675
0.001499
-0.000798
-0.000000
0.000000
-0.000000
0.000000
-0.000000
-0.000000
-0.000000
-0.000000
-0.000000
-0.000000
0.000000
-0.000000
-0.000000
-0.000000
-0.000000
0.000000
0.000000
0.000000
0.000000
-5.112672
0.075318
0.414118
0.309695
-0.271791
0.254812
0.600421
-0.034013
-0.209192
0.578769
0.678143
-0.277130
0.428961
-0.092870
0.007146
-0.068501
0.191171
0.109841
-0.011820
-0.061890
0.007868
-0.018299
-0.005962
-0.001529
0.000779
-0.000000
0.000000
-0.000000
0.000000
-0.000000
-0.000000
-0.000000
-0.000000
-0.000000
-0.000000
0.000000
-0.000000
-0.000000
0.000000
-0.000000
-0.000000
0.000000
0.000000
-0.000000
-4.291800
0.309297
-0.088664
-0.647548
-0.150042
-0.302594
0.055025
-0.197385
0.387393
-0.322151
0.206837
-0.415913
-0.363230
0.383867
-0.258926
0.042295
-0.038057
-0.031824
0.048547
0.087011
0.007934
-0.021889
-0.009191
-0.001488
0.000806
-0.000000
0.000000
-0.000000
0.000000
-0.000000
-0.000000
-0.000000
-0.000000
-0.000000
-0.000000
0.000000
-0.000000
-0.000000
-0.000000
-0.000000
-0.000000
0.000000
0.000000
0.000000
-3.331111
0.008102
0.610290
0.325661
-0.966314
-1.086780
0.050996
0.853460
-0.269978
-0.730155
-0.539770
0.434970
0.024162
-0.152699
0.105070
0.141352
0.004408
-0.037462
-0.041375
-0.041336
-0.007565
-0.039327
-0.006086
-0.001523
0.000798
-0.000000
0.000000
-0.000000
0.000000
-0.000000
-0.000000
-0.000000
-0.000000
-0.000000
-0.000000
0.000000
-0.000000
-0.000000
-0.000000
-0.000000
-0.000000
0.000000
0.000000
0.000000
-3.896788
-0.418869
-0.536946
-0.209215
0.453158
0.591991
-0.870570
-0.021690
-0.800645
-0.378976
-0.621138
-0.545228
-0.171373
-0.189748
-0.080036
-0.261682
-0.027649
0.085089
0.072232
-0.086815
-0.009494
-0.001829
0.002239
-0.000036
0.000000
-0.000000
0.000000
-0.000000
0.000000
-0.000000
-0.000000
0.000000
-0.000000
-0.000000
-0.000000
0.000000
-0.000000
-0.000000
-0.000000
0.000000
-0.000000
0.000000
0.000000
-0.000000
-4.609126
0.090786
-0.372591
0.155326
-0.330027
-0.179398
-0.197469
-0.189722
-0.060312
-0.007911
-0.205751
-0.140467
-0.106333
-0.041905
0.067307
0.030206
0.266506
-0.160446
-0.040483
0.016696
0.015474
0.149430
-0.005836
0.000023
-0.000004
-0.000000
0.000000
-0.000000
0.000000
-0.000000
-0.000000
-0.000000
-0.000000
-0.000000
-0.000000
0.000000
-0.000000
-0.000000
0.000000
-0.000000
-0.000000
0.000000
0.000000
0.000000
22.120736
-5.254930
-4.873867
0.378362
-0.265277
0.406570
0.099907
0.132923
0.307866
-0.217285
0.003179
-0.140843
-0.016207
-0.056607
0.085360
0.132932
0.097171
0.058049
0.030926
0.017321
-0.023479
-0.014148
-0.002071
0.000017
0.000006
-0.000000
0.000000
-0.000000
-0.000000
-0.000000
-0.000000
0.000000
-0.000000
-0.000000
-0.000000
0.000000
-0.000000
-0.000000
0.000000
-0.000000
-0.000000
-0.000000
0.000000
-0.000000
3.732333
-2.130918
-0.343474
-1.371957
2.314794
-0.480721
-0.312683
1.137578
0.428587
0.489648
0.152549
0.125545
-0.020381
-0.004577
0.031294
-0.113240
-0.129505
-0.035997
0.007134
-0.028546
0.055552
0.048376
0.011302
-0.000329
0.000642
-0.000000
0.000000
-0.000000
0.000000
-0.000000
-0.000000
-0.000000
-0.000000
-0.000000
-0.000000
0.000000
-0.000000
-0.000000
0.000000
-0.000000
-0.000000
0.000000
0.000000
-0.000000
-3.263591
0.090988
-0.102372
-1.001307
2.518540
0.265532
-0.721839
-0.019890
-0.756041
-0.617284
0.542808
0.061362
0.125567
0.123521
0.034965
0.149585
0.062782
-0.014488
-0.092393
0.017120
-0.036696
-0.028759
-0.009327
0.000317
-0.000648
-0.000000
0.000000
-0.000000
0.000000
-0.000000
-0.000000
-0.000000
-0.000000
-0.000000
-0.000000
0.000000
-0.000000
-0.000000
0.000000
0.000000
-0.000000
0.000000
0.000000
0.000000
-4.530128
0.085623
-0.260754
0.207510
-0.118337
-0.122969
-0.173992
-0.183802
-0.016533
0.269067
0.095953
-0.230946
0.031290
-0.192427
0.156327
0.161575
-0.058618
-0.168150
0.108483
-0.009599
0.135840
-0.065526
-0.010399
0.000262
-0.000661
-0.000000
0.000000
-0.000000
0.000000
-0.000000
-0.000000
-0.000000
-0.000000
-0.000000
-0.000000
0.000000
0.000000
-0.000000
0.000000
-0.000000
-0.000000
0.000000
-0.000000
0.000000
-3.650700
-0.518268
0.091348
-0.472402
-0.461634
-0.779621
-0.431781
0.218102
0.582550
0.755955
0.074464
-0.040966
-0.310555
-0.074079
-0.021966
-0.055117
0.057249
-0.086457
-0.040415
-0.072499
-0.133602
-0.056349
-0.007926
0.000305
-0.000633
-0.000000
0.000000
-0.000000
0.000000
-0.000000
-0.000000
-0.000000
-0.000000
-0.000000
-0.000000
0.000000
-0.000000
-0.000000
0.000000
-0.000000
-0.000000
0.000000
0.000000
-0.000000
-4.155272
-0.129557
-0.423348
-0.135104
-0.448441
-0.401211
0.000046
-0.049758
0.035513
0.344751
-0.231619
0.145648
-0.305244
0.179861
-0.042996
0.143722
0.017845
0.253587
-0.107264
-0.053454
0.101390
0.012477
-0.004309
0.000271
-0.000671
-0.000000
0.000000
-0.000000
-0.000000
-0.000000
-0.000000
-0.000000
-0.000000
-0.000000
-0.000000
0.000000
-0.000000
-0.000000
-0.000000
-0.000000
-0.000000
0.000000
0.000000
-0.000000
-4.414687
-0.003826
-0.195339
0.170416
0.327379
0.025166
-0.343965
0.295356
0.732666
-0.069615
-0.626351
0.274683
0.497842
0.185203
-0.188997
-0.197763
0.136695
0.023565
0.061530
0.062181
0.014623
-0.023470
-0.009542
0.000332
-0.000650
-0.000000
0.000000
-0.000000
0.000000
-0.000000
-0.000000
-0.000000
-0.000000
-0.000000
-0.000000
0.000000
-0.000000
-0.000000
-0.000000
0.000000
-0.000000
0.000000
0.000000
0.000000
3.522437
-1.154089
-2.532095
0.655560
-1.290078
0.195027
-0.147588
-0.352643
-0.515592
0.038793
0.295071
0.279883
0.087122
-0.005481
-0.295774
-0.236910
-0.144243
-0.138701
-0.136495
-0.009373
0.042081
-0.007381
0.001707
-0.000010
-0.000014
-0.000000
0.000000
-0.000000
-0.000000
-0.000000
-0.000000
0.000000
0.000000
-0.000000
0.000000
0.000000
-0.000000
0.000000
-0.000000
-0.000000
0.000000
-0.000000
0.000000
-0.000000
-4.829324
0.523889
-0.648707
0.225600
-0.144584
-0.105412
-0.391617
-0.438492
-0.191580
-0.042936
0.567527
0.731961
-0.177380
-0.160264
-0.139407
0.049880
0.011334
0.073756
0.188910
-0.009019
-0.027657
0.039314
0.002172
-0.000012
0.000008
-0.000000
0.000000
-0.000000
0.000000
-0.000000
-0.000000
-0.000000
-0.000000
-0.000000
-0.000000
0.000000
-0.000000
-0.000000
-0.000000
-0.000000
0.000000
0.000000
0.000000
-0.000000
-2.588227
-0.288867
-0.803067
0.384768
-0.877303
0.177392
-0.146446
-0.176164
-0.373026
0.187021
-0.085310
0.052342
0.186804
0.579206
0.350822
-0.014540
-0.141515
-0.030730
0.062273
-0.069211
-0.043846
0.024834
0.002822
-0.000037
0.000005
-0.000000
0.000000
-0.000000
-0.000000
-0.000000
-0.000000
0.000000
-0.000000
-0.000000
0.000000
0.000000
0.000000
0.000000
-0.000000
-0.000000
-0.000000
0.000000
0.000000
-0.000000
0.000000
0.000000
-0.000000
-0.000000
-0.000000
-0.000000
-0.000000
0.000000
-0.000000
0.000000
-0.000000
0.000000
0.000000
0.000000
0.000000
-0.000000
0.000000
0.000000
0.000000
-0.000000
-0.000000
0.000000
-0.000000
0.000000
-0.000000
0.000000
0.000000
-0.000000
-0.000000
0.000000
-0.000000
-0.000000
-0.000000
-0.000000
0.000000
-0.000000
-0.000000
-0.000000
-0.000000
0.000000
0.000000
-0.000000
0.000000
-0.000000
0.000000
0.000000
-0.000000
-0.000000
-0.000000
-0.000000
-0.000000
0.000000
-0.000000
0.000000
-0.000000
0.000000
0.000000
0.000000
0.000000
-0.000000
0.000000
0.000000
0.000000
-0.000000
-0.000000
0.000000
-0.000000
0.000000
-0.000000
0.000000
0.000000
-0.000000
-0.000000
-0.000000
-0.000000
-0.000000
-0.000000
-0.000000
0.000000
-0.000000
0.000000
0.000000
0.000000
-0.000000
-0.000000
0.000000
-0.000000
0.000000
0.000000
0.000000
-0.000000
-0.000000
-0.000000
-0.000000
-0.000000
0.000000
-0.000000
0.000000
-0.000000
0.000000
0.000000
0.000000
0.000000
-0.000000
0.000000
0.000000
0.000000
-0.000000
-0.000000
0.000000
-0.000000
0.000000
-0.000000
0.000000
0.000000
-0.000000
-0.000000
-0.000000
-0.000000
-0.000000
-0.000000
-0.000000
0.000000
-0.000000
0.000000
0.000000
0.000000
-0.000000
-0.000000
0.000000
-0.000000
-0.000000
0.000000
0.000000
-0.000000
-0.000000
-0.000000
-0.000000
-0.000000
0.000000
-0.000000
0.000000
-0.000000
0.000000
0.000000
0.000000
0.000000
-0.000000
0.000000
0.000000
0.000000
-0.000000
-0.000000
0.000000
-0.000000
0.000000
-0.000000
0.000000
0.000000
-0.000000
-0.000000
0.000000
0.000000
0.000000
-0.000000
-0.000000
-0.000000
0.000000
0.000000
-0.000000
-0.000000
-0.000000
-0.000000
-0.000000
0.000000
-0.000000
0.000000
0.000000
-0.000000
-0.000000
-0.000000
-0.000000
-0.000000
0.000000
-0.000000
0.000000
-0.000000
0.000000
0.000000
0.000000
0.000000
-0.000000
0.000000
0.000000
0.000000
-0.000000
-0.000000
0.000000
-0.000000
0.000000
-0.000000
0.000000
0.000000
-0.000000
-0.000000
0.000000
0.000000
0.000000
-0.000000
0.000000
-0.000000
-0.000000
-0.000000
-0.000000
0.000000
0.000000
0.000000
-0.000000
-0.000000
0.000000
0.000000
0.000000
-0.000000
-0.000000
-0.000000
-0.000000
-0.000000
0.000000
-0.000000
0.000000
-0.000000
0.000000
0.000000
0.000000
0.000000
-0.000000
0.000000
0.000000
0.000000
-0.000000
-0.000000
0.000000
-0.000000
0.000000
-0.000000
0.000000
0.000000
-0.000000
-0.000000
0.000000
0.000000
-0.000000
-0.000000
0.000000
-0.000000
-0.000000
-0.000000
-0.000000
-0.000000
0.000000
-0.000000
0.000000
0.000000
-0.000000
0.000000
0.000000
-0.000000
-0.000000
-0.000000
-0.000000
-0.000000
0.000000
-0.000000
0.000000
-0.000000
0.000000
0.000000
0.000000
0.000000
-0.000000
0.000000
0.000000
0.000000
-0.000000
-0.000000
0.000000
-0.000000
0.000000
-0.000000
0.000000
0.000000
0.000000
-0.000000
0.000000
0.000000
-0.000000
0.000000
-0.000000
-0.000000
-0.000000
-0.000000
-0.000000
-0.000000
-0.000000
0.000000
0.000000
-0.000000
0.000000
0.000000
0.000000
-0.000000
-0.000000
-0.000000
-0.000000
-0.000000
0.000000
-0.000000
0.000000
-0.000000
0.000000
0.000000
0.000000
0.000000
-0.000000
0.000000
0.000000
0.000000
-0.000000
-0.000000
0.000000
-0.000000
0.000000
-0.000000
0.000000
0.000000
0.000000
-0.000000
-0.000000
-0.000000
-0.000000
0.000000
0.000000
0.000000
-0.000000
0.000000
-0.000000
0.000000
0.000000
0.000000
-0.000000
0.000000
-0.000000
0.000000
0.000000
-0.000000
-0.000000
-0.000000
-0.000000
-0.000000
0.000000
-0.000000
0.000000
-0.000000
0.000000
0.000000
0.000000
0.000000
-0.000000
0.000000
0.000000
0.000000
-0.000000
-0.000000
0.000000
-0.000000
0.000000
-0.000000
0.000000
0.000000
0.000000
0.000000
-0.000000
-0.000000
0.000000
-0.000000
0.000000
-0.000000
-0.000000
-0.000000
-0.000000
-0.000000
0.000000
-0.000000
-0.000000
-0.000000
0.000000
0.000000
0.000000
-0.000000
-0.000000
-0.000000
-0.000000
-0.000000
0.000000
-0.000000
0.000000
-0.000000
0.000000
0.000000
0.000000
0.000000
-0.000000
0.000000
0.000000
0.000000
-0.000000
-0.000000
0.000000
-0.000000
0.000000
-0.000000
0.000000
0.000000
-0.000000
0.000000
-0.000000
-0.000000
0.000000
0.000000
-0.000000
-0.000000
0.000000
-0.000000
-0.000000
0.000000
0.000000
0.000000
0.000000
-0.000000
-0.000000
0.000000
0.000000
-0.000000
-0.000000
-0.000000
-0.000000
-0.000000
0.000000
-0.000000
0.000000
-0.000000
0.000000
0.000000
0.000000
0.000000
-0.000000
0.000000
0.000000
0.000000
-0.000000
-0.000000
0.000000
-0.000000
0.000000
-0.000000
0.000000
0.000000
-0.000000
0.000000
-0.000000
-0.000000
-0.000000
-0.000000
0.000000
-0.000000
0.000000
0.000000
0.000000
0.000000
-0.000000
-0.000000
-0.000000
0.000000
-0.000000
0.000000
0.000000
-0.000000
-0.000000
-0.000000
-0.000000
-0.000000
0.000000
-0.000000
0.000000
-0.000000
0.000000
0.000000
0.000000
0.000000
-0.000000
0.000000
0.000000
0.000000
-0.000000
-0.000000
0.000000
-0.000000
0.000000
-0.000000
0.000000
0.000000
0.000000
0.000000
0.000000
0.000000
0.000000
0.000000
0.000000
-0.000000
0.000000
-0.000000
0.000000
-0.000000
0.000000
0.000000
-0.000000
0.000000
0.000000
0.000000
0.000000
-0.000000
-0.000000
-0.000000
-0.000000
-0.000000
0.000000
-0.000000
0.000000
-0.000000
0.000000
0.000000
0.000000
0.000000
-0.000000
0.000000
0.000000
0.000000
-0.000000
-0.000000
0.000000
-0.000000
0.000000
-0.000000
0.000000
0.000000
0.000000
0.000000
0.000000
-0.000000
-0.000000
0.000000
0.000000
0.000000
0.000000
-0.000000
-0.000000
0.000000
-0.000000
-0.000000
-0.000000
0.000000
-0.000000
0.000000
0.000000
-0.000000
-0.000000
-0.000000
-0.000000
-0.000000
0.000000
-0.000000
0.000000
-0.000000
0.000000
0.000000
0.000000
0.000000
-0.000000
0.000000
0.000000
0.000000
-0.000000
-0.000000
0.000000
-0.000000
0.000000
-0.000000
0.000000
0.000000
0.000000
0.000000
0.000000
-0.000000
-0.000000
-0.000000
-0.000000
-0.000000
-0.000000
0.000000
0.000000
0.000000
0.000000
-0.000000
0.000000
0.000000
-0.000000
0.000000
0.000000
-0.000000
-0.000000
-0.000000
-0.000000
-0.000000
0.000000
-0.000000
0.000000
-0.000000
0.000000
0.000000
0.000000
0.000000
-0.000000
0.000000
0.000000
0.000000
-0.000000
-0.000000
0.000000
-0.000000
0.000000
-0.000000
0.000000
0.000000
-0.000000
0.000000
-0.000000
0.000000
0.000000
-0.000000
-0.000000
0.000000
0.000000
0.000000
-0.000000
-0.000000
-0.000000
0.000000
0.000000
-0.000000
0.000000
0.000000
0.000000
-0.000000
-0.000000
-0.000000
-0.000000
-0.000000
0.000000
-0.000000
0.000000
-0.000000
0.000000
0.000000
0.000000
0.000000
-0.000000
0.000000
0.000000
0.000000
-0.000000
-0.000000
0.000000
-0.000000
0.000000
-0.000000
0.000000
0.000000
0.000000
0.000000
-0.000000
0.000000
0.000000
-0.000000
0.000000
0.000000
-0.000000
-0.000000
0.000000
0.000000
-0.000000
0.000000
0.000000
0.000000
-0.000000
0.000000
0.000000
-0.000000
-0.000000
-0.000000
-0.000000
-0.000000
0.000000
-0.000000
0.000000
-0.000000
0.000000
0.000000
0.000000
0.000000
-0.000000
0.000000
0.000000
0.000000
-0.000000
-0.000000
0.000000
-0.000000
0.000000
-0.000000
0.000000
0.000000
0.000000
-0.000000
-0.000000
0.000000
-0.000000
0.000000
-0.000000
0.000000
0.000000
0.000000
-0.000000
-0.000000
0.000000
-0.000000
-0.000000
-0.000000
0.000000
0.000000
0.000000
-0.000000
-0.000000
-0.000000
-0.000000
-0.000000
0.000000
-0.000000
0.000000
-0.000000
0.000000
0.000000
0.000000
0.000000
-0.000000
0.000000
0.000000
0.000000
-0.000000
-0.000000
0.000000
-0.000000
0.000000
-0.000000
0.000000
0.000000
0.000000
-0.000000
0.000000
-0.000000
0.000000
-0.000000
-0.000000
-0.000000
0.000000
-0.000000
0.000000
-0.000000
-0.000000
-0.000000
0.000000
-0.000000
0.000000
