0.855424
0.034853
0.067980
0.004409
0.011386
0.004971
0.003302
0.004847
0.004982
0.000846
0.001356
0.002099
0.000070
0.000629
0.000012
0.001283
0.000905
0.000502
0.000100
0.000032
0.000013
0.000001
0.000000
0.000000
0.000000
0.000000
0.000000
0.000000
0.000000
0.000000
0.000000
0.000000
0.000000
0.000000
0.000000
0.000000
0.000000
0.000000
0.000000
0.000000
0.000000
0.000000
0.000000
0.000000
0.246877
0.282551
0.383191
0.000037
0.010253
0.000562
0.058332
0.013159
0.000981
0.001798
0.000779
0.000368
0.000105
0.000252
0.000069
0.000068
0.000569
0.000004
0.000020
0.000000
0.000007
0.000014
0.000002
0.000000
0.000000
0.000000
0.000000
0.000000
0.000000
0.000000
0.000000
0.000000
0.000000
0.000000
0.000000
0.000000
0.000000
0.000000
0.000000
0.000000
0.000000
0.000000
0.000000
0.000000
0.772643
0.191622
0.000285
0.025603
0.000030
0.004025
0.000739
0.000009
0.000641
0.002189
0.000520
0.000038
0.000082
0.000786
0.000236
0.000089
0.000004
0.000200
0.000177
0.000009
0.000022
0.000048
0.000003
0.000000
0.000000
0.000000
0.000000
0.000000
0.000000
0.000000
0.000000
0.000000
0.000000
0.000000
0.000000
0.000000
0.000000
0.000000
0.000000
0.000000
0.000000
0.000000
0.000000
0.000000
0.953781
0.000714
0.003963
0.023310
0.011789
0.000281
0.000387
0.001613
0.001959
0.000143
0.000046
0.000637
0.000865
0.000180
0.000187
0.000070
0.000030
0.000001
0.000001
0.000024
0.000002
0.000015
0.000000
0.000000
0.000000
0.000000
0.000000
0.000000
0.000000
0.000000
0.000000
0.000000
0.000000
0.000000
0.000000
0.000000
0.000000
0.000000
0.000000
0.000000
0.000000
0.000000
0.000000
0.000000
0.726354
0.221976
0.034492
0.002227
0.004594
0.001441
0.000268
0.000681
0.000035
0.003944
0.000042
0.001278
0.000266
0.001407
0.000097
0.000347
0.000026
0.000005
0.000348
0.000011
0.000090
0.000068
0.000003
0.000000
0.000000
0.000000
0.000000
0.000000
0.000000
0.000000
0.000000
0.000000
0.000000
0.000000
0.000000
0.000000
0.000000
0.000000
0.000000
0.000000
0.000000
0.000000
0.000000
0.000000
0.954293
0.008811
0.000066
0.029463
0.000454
0.000062
0.001683
0.001127
0.000952
0.000584
0.000029
0.000938
0.000382
0.000476
0.000510
0.000064
0.000086
0.000006
0.000000
0.000009
0.000002
0.000000
0.000002
0.000000
0.000000
0.000000
0.000000
0.000000
0.000000
0.000000
0.000000
0.000000
0.000000
0.000000
0.000000
0.000000
0.000000
0.000000
0.000000
0.000000
0.000000
0.000000
0.000000
0.000000
0.924265
0.000012
0.014159
0.029631
0.022502
0.000787
0.000468
0.002604
0.002897
0.000047
0.000135
0.000523
0.001282
0.000204
0.000193
0.000186
0.000020
0.000000
0.000002
0.000030
0.000007
0.000043
0.000001
0.000000
0.000000
0.000000
0.000000
0.000000
0.000000
0.000000
0.000000
0.000000
0.000000
0.000000
0.000000
0.000000
0.000000
0.000000
0.000000
0.000000
0.000000
0.000000
0.000000
0.000000
0.984007
0.002306
0.006462
0.001547
0.000093
0.000648
0.000913
0.000983
0.000155
0.000058
0.000254
0.001370
0.000567
0.000078
0.000021
0.000412
0.000042
0.000015
0.000000
0.000063
0.000001
0.000004
0.000000
0.000000
0.000000
0.000000
0.000000
0.000000
0.000000
0.000000
0.000000
0.000000
0.000000
0.000000
0.000000
0.000000
0.000000
0.000000
0.000000
0.000000
0.000000
0.000000
0.000000
0.000000
0.701795
0.213155
0.046043
0.001373
0.011694
0.004314
0.001460
0.011229
0.000280
0.001929
0.000266
0.002377
0.001050
0.000279
0.000085
0.001783
0.000468
0.000111
0.000067
0.000085
0.000117
0.000040
0.000000
0.000000
0.000000
0.000000
0.000000
0.000000
0.000000
0.000000
0.000000
0.000000
0.000000
0.000000
0.000000
0.000000
0.000000
0.000000
0.000000
0.000000
0.000000
0.000000
0.000000
0.000000
0.882045
0.042531
0.012248
0.004704
0.044391
0.000130
0.000310
0.007369
0.000731
0.000590
0.002858
0.000386
0.000045
0.000192
0.000004
0.000683
0.000003
0.000437
0.000272
0.000001
0.000002
0.000068
0.000000
0.000000
0.000000
0.000000
0.000000
0.000000
0.000000
0.000000
0.000000
0.000000
0.000000
0.000000
0.000000
0.000000
0.000000
0.000000
0.000000
0.000000
0.000000
0.000000
0.000000
0.000000
0.914686
0.033588
0.002114
0.006219
0.012617
0.000824
0.000929
0.000249
0.016928
0.001453
0.001419
0.000372
0.005529
0.000582
0.002048
0.000016
0.000050
0.000111
0.000109
0.000149
0.000006
0.000002
0.000002
0.000000
0.000000
0.000000
0.000000
0.000000
0.000000
0.000000
0.000000
0.000000
0.000000
0.000000
0.000000
0.000000
0.000000
0.000000
0.000000
0.000000
0.000000
0.000000
0.000000
0.000000
0.768824
0.030786
0.138622
0.004314
0.021486
0.018435
0.000442
0.003738
0.008204
0.002803
0.000056
0.000595
0.001045
0.000070
0.000010
0.000385
0.000008
0.000028
0.000001
0.000002
0.000142
0.000003
0.000002
0.000000
0.000000
0.000000
0.000000
0.000000
0.000000
0.000000
0.000000
0.000000
0.000000
0.000000
0.000000
0.000000
0.000000
0.000000
0.000000
0.000000
0.000000
0.000000
0.000000
0.000000
0.954468
0.013699
0.022062
0.005916
0.000317
0.001429
0.000000
0.001628
0.000037
0.000190
0.000035
0.000037
0.000031
0.000000
0.000016
0.000077
0.000007
0.000023
0.000012
0.000004
0.000003
0.000009
0.000000
0.000000
0.000000
0.000000
0.000000
0.000000
0.000000
0.000000
0.000000
0.000000
0.000000
0.000000
0.000000
0.000000
0.000000
0.000000
0.000000
0.000000
0.000000
0.000000
0.000000
0.000000
0.959205
0.001311
0.029890
0.004131
0.000472
0.000000
0.000761
0.000300
0.001196
0.000433
0.000240
0.000019
0.000141
0.000335
0.000244
0.000458
0.000479
0.000260
0.000070
0.000001
0.000043
0.000010
0.000001
0.000000
0.000000
0.000000
0.000000
0.000000
0.000000
0.000000
0.000000
0.000000
0.000000
0.000000
0.000000
0.000000
0.000000
0.000000
0.000000
0.000000
0.000000
0.000000
0.000000
0.000000
0.697541
0.134000
0.125890
0.001468
0.007808
0.003091
0.015780
0.006742
0.001035
0.000032
0.000011
0.000044
0.002663
0.000675
0.001051
0.001758
0.000335
0.000004
0.000003
0.000024
0.000009
0.000032
0.000002
0.000000
0.000000
0.000000
0.000000
0.000000
0.000000
0.000000
0.000000
0.000000
0.000000
0.000000
0.000000
0.000000
0.000000
0.000000
0.000000
0.000000
0.000000
0.000000
0.000000
0.000000
0.756833
0.014384
0.015193
0.090321
0.039903
0.027400
0.007940
0.024562
0.000731
0.012884
0.007345
0.000359
0.000337
0.001210
0.000071
0.000447
0.000004
0.000003
0.000065
0.000001
0.000003
0.000003
0.000000
0.000000
0.000000
0.000000
0.000000
0.000000
0.000000
0.000000
0.000000
0.000000
0.000000
0.000000
0.000000
0.000000
0.000000
0.000000
0.000000
0.000000
0.000000
0.000000
0.000000
0.000000
0.937240
0.022494
0.004597
0.027256
0.003355
0.002748
0.000348
0.000504
0.000072
0.000474
0.000544
0.000041
0.000074
0.000002
0.000003
0.000002
0.000117
0.000041
0.000047
0.000009
0.000028
0.000003
0.000001
0.000000
0.000000
0.000000
0.000000
0.000000
0.000000
0.000000
0.000000
0.000000
0.000000
0.000000
0.000000
0.000000
0.000000
0.000000
0.000000
0.000000
0.000000
0.000000
0.000000
0.000000
0.928413
0.053531
0.000389
0.009835
0.000158
0.000028
0.001735
0.000004
0.000634
0.002152
0.000125
0.001359
0.000167
0.000126
0.000652
0.000039
0.000133
0.000152
0.000259
0.000013
0.000022
0.000070
0.000004
0.000000
0.000000
0.000000
0.000000
0.000000
0.000000
0.000000
0.000000
0.000000
0.000000
0.000000
0.000000
0.000000
0.000000
0.000000
0.000000
0.000000
0.000000
0.000000
0.000000
0.000000
0.940055
0.001376
0.011184
0.004227
0.021343
0.000718
0.000383
0.002895
0.000302
0.012084
0.000623
0.002102
0.000453
0.001417
0.000117
0.000009
0.000123
0.000372
0.000066
0.000007
0.000074
0.000065
0.000006
0.000000
0.000000
0.000000
0.000000
0.000000
0.000000
0.000000
0.000000
0.000000
0.000000
0.000000
0.000000
0.000000
0.000000
0.000000
0.000000
0.000000
0.000000
0.000000
0.000000
0.000000
0.942178
0.024819
0.000796
0.005203
0.009195
0.000554
0.006822
0.000094
0.001558
0.001095
0.002140
0.000675
0.002958
0.000955
0.000005
0.000296
0.000204
0.000009
0.000298
0.000133
0.000009
0.000000
0.000004
0.000000
0.000000
0.000000
0.000000
0.000000
0.000000
0.000000
0.000000
0.000000
0.000000
0.000000
0.000000
0.000000
0.000000
0.000000
0.000000
0.000000
0.000000
0.000000
0.000000
0.000000
0.878109
0.003432
0.066020
0.003763
0.026277
0.000371
0.007095
0.001405
0.000875
0.000013
0.008711
0.002694
0.000002
0.000271
0.000000
0.000416
0.000064
0.000326
0.000097
0.000010
0.000044
0.000005
0.000001
0.000000
0.000000
0.000000
0.000000
0.000000
0.000000
0.000000
0.000000
0.000000
0.000000
0.000000
0.000000
0.000000
0.000000
0.000000
0.000000
0.000000
0.000000
0.000000
0.000000
0.000000
0.972606
0.006302
0.006000
0.013160
0.000767
0.000350
0.000119
0.000063
0.000003
0.000384
0.000104
0.000010
0.000000
0.000018
0.000001
0.000035
0.000034
0.000021
0.000008
0.000001
0.000008
0.000004
0.000001
0.000000
0.000000
0.000000
0.000000
0.000000
0.000000
0.000000
0.000000
0.000000
0.000000
0.000000
0.000000
0.000000
0.000000
0.000000
0.000000
0.000000
0.000000
0.000000
0.000000
0.000000
0.761576
0.044629
0.130257
0.033940
0.000676
0.003251
0.020588
0.001143
0.000320
0.000208
0.000584
0.000073
0.000320
0.000936
0.000752
0.000104
0.000475
0.000011
0.000062
0.000023
0.000063
0.000000
0.000007
0.000000
0.000000
0.000000
0.000000
0.000000
0.000000
0.000000
0.000000
0.000000
0.000000
0.000000
0.000000
0.000000
0.000000
0.000000
0.000000
0.000000
0.000000
0.000000
0.000000
0.000000
0.988091
0.009791
0.001108
0.000472
0.000034
0.000074
0.000028
0.000241
0.000014
0.000012
0.000066
0.000021
0.000008
0.000005
0.000006
0.000001
0.000019
0.000000
0.000000
0.000000
0.000000
0.000006
0.000000
0.000000
0.000000
0.000000
0.000000
0.000000
0.000000
0.000000
0.000000
0.000000
0.000000
0.000000
0.000000
0.000000
0.000000
0.000000
0.000000
0.000000
0.000000
0.000000
0.000000
0.000000
0.986264
0.005675
0.000305
0.005714
0.001480
0.000083
0.000030
0.000091
0.000191
0.000037
0.000064
0.000000
0.000027
0.000001
0.000000
0.000018
0.000010
0.000001
0.000000
0.000002
0.000000
0.000005
0.000000
0.000000
0.000000
0.000000
0.000000
0.000000
0.000000
0.000000
0.000000
0.000000
0.000000
0.000000
0.000000
0.000000
0.000000
0.000000
0.000000
0.000000
0.000000
0.000000
0.000000
0.000000
0.917463
0.031408
0.027699
0.002795
0.004418
0.000162
0.001366
0.009904
0.000002
0.002939
0.000022
0.000719
0.000004
0.000739
0.000129
0.000137
0.000000
0.000002
0.000001
0.000045
0.000026
0.000020
0.000000
0.000000
0.000000
0.000000
0.000000
0.000000
0.000000
0.000000
0.000000
0.000000
0.000000
0.000000
0.000000
0.000000
0.000000
0.000000
0.000000
0.000000
0.000000
0.000000
0.000000
0.000000
0.705318
0.240732
0.002538
0.020047
0.004882
0.014745
0.001526
0.000210
0.002111
0.004146
0.000004
0.001752
0.001023
0.000118
0.000101
0.000002
0.000439
0.000008
0.000002
0.000090
0.000148
0.000060
0.000000
0.000000
0.000000
0.000000
0.000000
0.000000
0.000000
0.000000
0.000000
0.000000
0.000000
0.000000
0.000000
0.000000
0.000000
0.000000
0.000000
0.000000
0.000000
0.000000
0.000000
0.000000
0.346613
0.376636
0.033159
0.020706
0.157649
0.028189
0.008840
0.000936
0.022380
0.000730
0.002991
0.000040
0.000205
0.000262
0.000000
0.000118
0.000155
0.000374
0.000012
0.000000
0.000003
0.000002
0.000001
0.000000
0.000000
0.000000
0.000000
0.000000
0.000000
0.000000
0.000000
0.000000
0.000000
0.000000
0.000000
0.000000
0.000000
0.000000
0.000000
0.000000
0.000000
0.000000
0.000000
0.000000
0.928506
0.000161
0.015776
0.010952
0.022834
0.018200
0.000489
0.001342
0.000105
0.000149
0.000227
0.000167
0.000021
0.000587
0.000160
0.000042
0.000001
0.000193
0.000001
0.000048
0.000018
0.000018
0.000002
0.000000
0.000000
0.000000
0.000000
0.000000
0.000000
0.000000
0.000000
0.000000
0.000000
0.000000
0.000000
0.000000
0.000000
0.000000
0.000000
0.000000
0.000000
0.000000
0.000000
0.000000
0.235482
0.580288
0.016335
0.089197
0.031866
0.019350
0.000143
0.006007
0.006935
0.005330
0.004055
0.000865
0.001817
0.001678
0.000002
0.000299
0.000282
0.000041
0.000003
0.000004
0.000017
0.000003
0.000001
0.000000
0.000000
0.000000
0.000000
0.000000
0.000000
0.000000
0.000000
0.000000
0.000000
0.000000
0.000000
0.000000
0.000000
0.000000
0.000000
0.000000
0.000000
0.000000
0.000000
0.000000
0.117602
0.695568
0.041294
0.018151
0.000578
0.095892
0.003365
0.006838
0.015598
0.004155
0.000702
0.000025
0.000007
0.000023
0.000024
0.000089
0.000021
0.000055
0.000004
0.000003
0.000000
0.000006
0.000002
0.000000
0.000000
0.000000
0.000000
0.000000
0.000000
0.000000
0.000000
0.000000
0.000000
0.000000
0.000000
0.000000
0.000000
0.000000
0.000000
0.000000
0.000000
0.000000
0.000000
0.000000
0.816764
0.000007
0.138242
0.021580
0.003622
0.000276
0.007902
0.002289
0.002227
0.000772
0.003845
0.000051
0.000220
0.000124
0.001052
0.000006
0.000095
0.000100
0.000038
0.000351
0.000392
0.000043
0.000000
0.000000
0.000000
0.000000
0.000000
0.000000
0.000000
0.000000
0.000000
0.000000
0.000000
0.000000
0.000000
0.000000
0.000000
0.000000
0.000000
0.000000
0.000000
0.000000
0.000000
0.000000
0.688582
0.241799
0.015974
0.000349
0.007337
0.000015
0.015731
0.000350
0.009162
0.000331
0.011199
0.007889
0.000215
0.000096
0.000335
0.000111
0.000022
0.000283
0.000126
0.000046
0.000010
0.000041
0.000000
0.000000
0.000000
0.000000
0.000000
0.000000
0.000000
0.000000
0.000000
0.000000
0.000000
0.000000
0.000000
0.000000
0.000000
0.000000
0.000000
0.000000
0.000000
0.000000
0.000000
0.000000
0.989051
0.000757
0.001812
0.000000
0.004663
0.001641
0.000711
0.000749
0.000182
0.000011
0.000008
0.000253
0.000017
0.000035
0.000007
0.000031
0.000036
0.000023
0.000001
0.000010
0.000000
0.000002
0.000000
0.000000
0.000000
0.000000
0.000000
0.000000
0.000000
0.000000
0.000000
0.000000
0.000000
0.000000
0.000000
0.000000
0.000000
0.000000
0.000000
0.000000
0.000000
0.000000
0.000000
0.000000
0.826384
0.098558
0.000013
0.030906
0.015332
0.000040
0.001555
0.016004
0.004486
0.000185
0.000472
0.000163
0.000591
0.003224
0.001509
0.000020
0.000321
0.000011
0.000059
0.000001
0.000002
0.000162
0.000002
0.000000
0.000000
0.000000
0.000000
0.000000
0.000000
0.000000
0.000000
0.000000
0.000000
0.000000
0.000000
0.000000
0.000000
0.000000
0.000000
0.000000
0.000000
0.000000
0.000000
0.000000
0.870235
0.070853
0.018935
0.036478
0.000163
0.001654
0.000613
0.000005
0.000015
0.000065
0.000000
0.000028
0.000058
0.000064
0.000230
0.000099
0.000015
0.000024
0.000203
0.000231
0.000000
0.000032
0.000000
0.000000
0.000000
0.000000
0.000000
0.000000
0.000000
0.000000
0.000000
0.000000
0.000000
0.000000
0.000000
0.000000
0.000000
0.000000
0.000000
0.000000
0.000000
0.000000
0.000000
0.000000
0.900809
0.002327
0.047860
0.004242
0.011962
0.013256
0.000080
0.005619
0.002794
0.006985
0.001004
0.002002
0.000227
0.000104
0.000290
0.000220
0.000004
0.000150
0.000016
0.000011
0.000026
0.000002
0.000011
0.000000
0.000000
0.000000
0.000000
0.000000
0.000000
0.000000
0.000000
0.000000
0.000000
0.000000
0.000000
0.000000
0.000000
0.000000
0.000000
0.000000
0.000000
0.000000
0.000000
0.000000
0.642401
0.305180
0.010022
0.022825
0.001574
0.007194
0.000542
0.000011
0.000756
0.007525
0.000338
0.000002
0.000143
0.000061
0.000057
0.000039
0.000597
0.000358
0.000004
0.000307
0.000025
0.000037
0.000003
0.000000
0.000000
0.000000
0.000000
0.000000
0.000000
0.000000
0.000000
0.000000
0.000000
0.000000
0.000000
0.000000
0.000000
0.000000
0.000000
0.000000
0.000000
0.000000
0.000000
0.000000
0.949495
0.026381
0.001273
0.007610
0.002026
0.007735
0.002724
0.001178
0.000140
0.000038
0.000039
0.000014
0.000304
0.000073
0.000281
0.000277
0.000201
0.000017
0.000001
0.000126
0.000013
0.000049
0.000003
0.000000
0.000000
0.000000
0.000000
0.000000
0.000000
0.000000
0.000000
0.000000
0.000000
0.000000
0.000000
0.000000
0.000000
0.000000
0.000000
0.000000
0.000000
0.000000
0.000000
0.000000
0.957724
0.037364
0.000172
0.001578
0.000255
0.000391
0.000073
0.000886
0.000133
0.000095
0.001087
0.000066
0.000023
0.000020
0.000015
0.000056
0.000002
0.000002
0.000039
0.000011
0.000003
0.000006
0.000000
0.000000
0.000000
0.000000
0.000000
0.000000
0.000000
0.000000
0.000000
0.000000
0.000000
0.000000
0.000000
0.000000
0.000000
0.000000
0.000000
0.000000
0.000000
0.000000
0.000000
0.000000
0.784814
0.041144
0.128000
0.018630
0.002005
0.000103
0.000673
0.004319
0.003133
0.000960
0.003667
0.008575
0.000394
0.000001
0.002524
0.000401
0.000505
0.000060
0.000013
0.000068
0.000001
0.000009
0.000001
0.000000
0.000000
0.000000
0.000000
0.000000
0.000000
0.000000
0.000000
0.000000
0.000000
0.000000
0.000000
0.000000
0.000000
0.000000
0.000000
0.000000
0.000000
0.000000
0.000000
0.000000
0.943637
0.052823
0.000231
0.001337
0.000626
0.000374
0.000115
0.000063
0.000161
0.000089
0.000345
0.000093
0.000003
0.000014
0.000009
0.000012
0.000001
0.000040
0.000001
0.000001
0.000003
0.000022
0.000000
0.000000
0.000000
0.000000
0.000000
0.000000
0.000000
0.000000
0.000000
0.000000
0.000000
0.000000
0.000000
0.000000
0.000000
0.000000
0.000000
0.000000
0.000000
0.000000
0.000000
0.000000
0.598822
0.129846
0.095786
0.033787
0.000138
0.051964
0.063226
0.000023
0.004248
0.007320
0.012866
0.000059
0.001478
0.000017
0.000218
0.000043
0.000116
0.000041
0.000001
0.000001
0.000000
0.000000
0.000000
0.000000
0.000000
0.000000
0.000000
0.000000
0.000000
0.000000
0.000000
0.000000
0.000000
0.000000
0.000000
0.000000
0.000000
0.000000
0.000000
0.000000
0.000000
0.000000
0.000000
0.000000
0.973638
0.021047
0.001192
0.001257
0.001526
0.000489
0.000314
0.000187
0.000150
0.000037
0.000139
0.000000
0.000000
0.000000
0.000004
0.000000
0.000003
0.000003
0.000004
0.000000
0.000001
0.000008
0.000000
0.000000
0.000000
0.000000
0.000000
0.000000
0.000000
0.000000
0.000000
0.000000
0.000000
0.000000
0.000000
0.000000
0.000000
0.000000
0.000000
0.000000
0.000000
0.000000
0.000000
0.000000
