0.849439
0.146425
0.000425
0.001903
0.000000
0.001421
0.000001
0.000093
0.000174
0.000072
0.000034
0.000001
0.000007
0.000000
0.000001
0.000000
0.000001
0.000000
0.000001
0.000000
0.000000
0.000000
0.000000
0.000000
0.000000
0.000000
0.000000
0.000000
0.000000
0.000000
0.000000
0.000000
0.000000
0.000000
0.000000
0.000000
0.000000
0.000000
0.000000
0.000000
0.000000
0.000000
0.000000
0.000000
0.233860
0.275369
0.025748
0.417829
0.029747
0.009485
0.000186
0.002220
0.003920
0.000332
0.000515
0.000049
0.000652
0.000005
0.000026
0.000017
0.000023
0.000000
0.000014
0.000001
0.000000
0.000000
0.000000
0.000000
0.000000
0.000000
0.000000
0.000000
0.000000
0.000000
0.000000
0.000000
0.000000
0.000000
0.000000
0.000000
0.000000
0.000000
0.000000
0.000000
0.000000
0.000000
0.000000
0.000000
0.947407
0.000000
0.001576
0.000020
0.016441
0.013440
0.004196
0.000110
0.002615
0.002269
0.000535
0.000069
0.000131
0.001835
0.004602
0.001733
0.000563
0.000548
0.000056
0.001831
0.000018
0.000001
0.000003
0.000000
0.000000
0.000000
0.000000
0.000000
0.000000
0.000000
0.000000
0.000000
0.000000
0.000000
0.000000
0.000000
0.000000
0.000000
0.000000
0.000000
0.000000
0.000000
0.000000
0.000000
0.048784
0.435539
0.018836
0.123461
0.064907
0.283318
0.000824
0.008124
0.012856
0.001759
0.000537
0.000373
0.000101
0.000264
0.000197
0.000044
0.000040
0.000000
0.000033
0.000000
0.000000
0.000001
0.000000
0.000000
0.000000
0.000000
0.000000
0.000000
0.000000
0.000000
0.000000
0.000000
0.000000
0.000000
0.000000
0.000000
0.000000
0.000000
0.000000
0.000000
0.000000
0.000000
0.000000
0.000000
0.983480
0.005322
0.001586
0.000288
0.000776
0.000620
0.004112
0.002105
0.000011
0.000128
0.000283
0.000023
0.000021
0.000038
0.000039
0.000124
0.000758
0.000017
0.000013
0.000090
0.000002
0.000092
0.000070
0.000000
0.000000
0.000000
0.000000
0.000000
0.000000
0.000000
0.000000
0.000000
0.000000
0.000000
0.000000
0.000000
0.000000
0.000000
0.000000
0.000000
0.000000
0.000000
0.000000
0.000000
0.735605
0.130807
0.130007
0.000005
0.001125
0.000078
0.001718
0.000629
0.000011
0.000000
0.000003
0.000006
0.000001
0.000002
0.000002
0.000000
0.000000
0.000000
0.000000
0.000000
0.000000
0.000000
0.000000
0.000000
0.000000
0.000000
0.000000
0.000000
0.000000
0.000000
0.000000
0.000000
0.000000
0.000000
0.000000
0.000000
0.000000
0.000000
0.000000
0.000000
0.000000
0.000000
0.000000
0.000000
0.049002
0.152484
0.030350
0.023974
0.188591
0.017260
0.456442
0.062146
0.000678
0.000177
0.013084
0.002334
0.000723
0.001016
0.000324
0.000619
0.000635
0.000079
0.000003
0.000001
0.000064
0.000014
0.000002
0.000000
0.000000
0.000000
0.000000
0.000000
0.000000
0.000000
0.000000
0.000000
0.000000
0.000000
0.000000
0.000000
0.000000
0.000000
0.000000
0.000000
0.000000
0.000000
0.000000
0.000000
0.752550
0.002477
0.000425
0.020724
0.016013
0.028966
0.013664
0.085614
0.050938
0.025139
0.000360
0.000032
0.000106
0.000353
0.001385
0.000841
0.000018
0.000022
0.000096
0.000253
0.000010
0.000014
0.000000
0.000000
0.000000
0.000000
0.000000
0.000000
0.000000
0.000000
0.000000
0.000000
0.000000
0.000000
0.000000
0.000000
0.000000
0.000000
0.000000
0.000000
0.000000
0.000000
0.000000
0.000000
0.426307
0.095722
0.023829
0.002341
0.047214
0.095987
0.158627
0.004194
0.068268
0.044781
0.025471
0.002177
0.001158
0.000171
0.001502
0.001588
0.000108
0.000131
0.000022
0.000258
0.000054
0.000084
0.000003
0.000000
0.000000
0.000000
0.000000
0.000000
0.000000
0.000000
0.000000
0.000000
0.000000
0.000000
0.000000
0.000000
0.000000
0.000000
0.000000
0.000000
0.000000
0.000000
0.000000
0.000000
0.952942
0.002377
0.001630
0.003116
0.000085
0.002606
0.005994
0.003310
0.004109
0.001154
0.002336
0.003940
0.006349
0.001393
0.001664
0.004441
0.002230
0.000056
0.000028
0.000004
0.000132
0.000104
0.000001
0.000000
0.000000
0.000000
0.000000
0.000000
0.000000
0.000000
0.000000
0.000000
0.000000
0.000000
0.000000
0.000000
0.000000
0.000000
0.000000
0.000000
0.000000
0.000000
0.000000
0.000000
0.091518
0.022759
0.177113
0.000931
0.158272
0.092292
0.233065
0.137602
0.003672
0.040182
0.029505
0.011098
0.000286
0.000089
0.001051
0.000222
0.000036
0.000026
0.000189
0.000005
0.000005
0.000072
0.000009
0.000000
0.000000
0.000000
0.000000
0.000000
0.000000
0.000000
0.000000
0.000000
0.000000
0.000000
0.000000
0.000000
0.000000
0.000000
0.000000
0.000000
0.000000
0.000000
0.000000
0.000000
0.930932
0.000202
0.006108
0.003416
0.002631
0.002312
0.012839
0.000041
0.001559
0.011930
0.016378
0.002735
0.006553
0.000307
0.000002
0.000167
0.001302
0.000430
0.000005
0.000136
0.000002
0.000012
0.000001
0.000000
0.000000
0.000000
0.000000
0.000000
0.000000
0.000000
0.000000
0.000000
0.000000
0.000000
0.000000
0.000000
0.000000
0.000000
0.000000
0.000000
0.000000
0.000000
0.000000
0.000000
0.924248
0.004800
0.000394
0.021040
0.001130
0.004594
0.000152
0.001955
0.007530
0.005207
0.002147
0.008680
0.006620
0.007394
0.003364
0.000090
0.000073
0.000051
0.000118
0.000380
0.000003
0.000024
0.000004
0.000000
0.000000
0.000000
0.000000
0.000000
0.000000
0.000000
0.000000
0.000000
0.000000
0.000000
0.000000
0.000000
0.000000
0.000000
0.000000
0.000000
0.000000
0.000000
0.000000
0.000000
0.712732
0.000004
0.023923
0.006812
0.059977
0.075863
0.000167
0.046786
0.004682
0.034243
0.018714
0.012153
0.000037
0.001498
0.000709
0.001283
0.000001
0.000090
0.000110
0.000110
0.000004
0.000099
0.000002
0.000000
0.000000
0.000000
0.000000
0.000000
0.000000
0.000000
0.000000
0.000000
0.000000
0.000000
0.000000
0.000000
0.000000
0.000000
0.000000
0.000000
0.000000
0.000000
0.000000
0.000000
0.814840
0.009415
0.015471
0.002349
0.011019
0.018806
0.040669
0.000025
0.034398
0.007707
0.020703
0.015952
0.001576
0.001932
0.000344
0.003675
0.000041
0.000389
0.000280
0.000404
0.000005
0.000000
0.000000
0.000000
0.000000
0.000000
0.000000
0.000000
0.000000
0.000000
0.000000
0.000000
0.000000
0.000000
0.000000
0.000000
0.000000
0.000000
0.000000
0.000000
0.000000
0.000000
0.000000
0.000000
0.972851
0.000377
0.006357
0.001105
0.004988
0.001474
0.001786
0.001648
0.000167
0.000003
0.001939
0.000904
0.000518
0.000080
0.000207
0.000042
0.003253
0.001179
0.000075
0.000013
0.000011
0.001023
0.000002
0.000000
0.000000
0.000000
0.000000
0.000000
0.000000
0.000000
0.000000
0.000000
0.000000
0.000000
0.000000
0.000000
0.000000
0.000000
0.000000
0.000000
0.000000
0.000000
0.000000
0.000000
0.903972
0.051014
0.043884
0.000264
0.000130
0.000305
0.000018
0.000033
0.000175
0.000087
0.000000
0.000037
0.000000
0.000006
0.000013
0.000033
0.000017
0.000006
0.000002
0.000001
0.000001
0.000000
0.000000
0.000000
0.000000
0.000000
0.000000
0.000000
0.000000
0.000000
0.000000
0.000000
0.000000
0.000000
0.000000
0.000000
0.000000
0.000000
0.000000
0.000000
0.000000
0.000000
0.000000
0.000000
0.498334
0.162440
0.004220
0.067335
0.191683
0.008267
0.003498
0.046294
0.006571
0.008577
0.000832
0.000564
0.000015
0.000001
0.000035
0.000459
0.000600
0.000046
0.000002
0.000029
0.000110
0.000084
0.000005
0.000000
0.000000
0.000000
0.000000
0.000000
0.000000
0.000000
0.000000
0.000000
0.000000
0.000000
0.000000
0.000000
0.000000
0.000000
0.000000
0.000000
0.000000
0.000000
0.000000
0.000000
0.534467
0.000415
0.000526
0.050311
0.318293
0.003538
0.026146
0.000020
0.028683
0.019121
0.014785
0.000189
0.000791
0.000766
0.000061
0.001123
0.000198
0.000011
0.000428
0.000015
0.000068
0.000042
0.000004
0.000000
0.000000
0.000000
0.000000
0.000000
0.000000
0.000000
0.000000
0.000000
0.000000
0.000000
0.000000
0.000000
0.000000
0.000000
0.000000
0.000000
0.000000
0.000000
0.000000
0.000000
0.976134
0.000349
0.003234
0.002048
0.000666
0.000719
0.001440
0.001607
0.000013
0.003444
0.000438
0.002537
0.000047
0.001761
0.001162
0.001242
0.000163
0.001345
0.000560
0.000004
0.000878
0.000204
0.000005
0.000000
0.000000
0.000000
0.000000
0.000000
0.000000
0.000000
0.000000
0.000000
0.000000
0.000000
0.000000
0.000000
0.000000
0.000000
0.000000
0.000000
0.000000
0.000000
0.000000
0.000000
0.835855
0.016846
0.000523
0.013996
0.013365
0.038119
0.011692
0.002983
0.021284
0.035840
0.000348
0.000105
0.006049
0.000344
0.000030
0.000191
0.000206
0.000469
0.000102
0.000330
0.001119
0.000199
0.000004
0.000000
0.000000
0.000000
0.000000
0.000000
0.000000
0.000000
0.000000
0.000000
0.000000
0.000000
0.000000
0.000000
0.000000
0.000000
0.000000
0.000000
0.000000
0.000000
0.000000
0.000000
0.944672
0.000918
0.009806
0.000999
0.011003
0.008807
0.000000
0.000135
0.000069
0.006503
0.002935
0.001161
0.005098
0.001770
0.000101
0.001130
0.000017
0.003518
0.000629
0.000156
0.000562
0.000009
0.000001
0.000000
0.000000
0.000000
0.000000
0.000000
0.000000
0.000000
0.000000
0.000000
0.000000
0.000000
0.000000
0.000000
0.000000
0.000000
0.000000
0.000000
0.000000
0.000000
0.000000
0.000000
0.916540
0.000001
0.001794
0.001366
0.005040
0.000030
0.005564
0.004102
0.025244
0.000228
0.018450
0.003548
0.011656
0.001613
0.001680
0.001839
0.000879
0.000026
0.000178
0.000182
0.000010
0.000026
0.000004
0.000000
0.000000
0.000000
0.000000
0.000000
0.000000
0.000000
0.000000
0.000000
0.000000
0.000000
0.000000
0.000000
0.000000
0.000000
0.000000
0.000000
0.000000
0.000000
0.000000
0.000000
0.537734
0.057724
0.277870
0.018625
0.072130
0.001648
0.000944
0.005390
0.011521
0.000065
0.003773
0.003395
0.000329
0.000001
0.003791
0.002432
0.000902
0.000834
0.000807
0.000004
0.000077
0.000002
0.000000
0.000000
0.000000
0.000000
0.000000
0.000000
0.000000
0.000000
0.000000
0.000000
0.000000
0.000000
0.000000
0.000000
0.000000
0.000000
0.000000
0.000000
0.000000
0.000000
0.000000
0.000000
0.915848
0.010778
0.016525
0.001999
0.000821
0.000436
0.006022
0.007550
0.001441
0.000072
0.012648
0.021039
0.001236
0.001009
0.000763
0.000098
0.000005
0.000214
0.001401
0.000003
0.000030
0.000061
0.000000
0.000000
0.000000
0.000000
0.000000
0.000000
0.000000
0.000000
0.000000
0.000000
0.000000
0.000000
0.000000
0.000000
0.000000
0.000000
0.000000
0.000000
0.000000
0.000000
0.000000
0.000000
0.733010
0.009131
0.070568
0.016200
0.084218
0.003443
0.002347
0.003396
0.015226
0.003827
0.000796
0.000300
0.003818
0.036709
0.013467
0.000023
0.002191
0.000103
0.000424
0.000524
0.000210
0.000067
0.000001
0.000000
0.000000
0.000000
0.000000
0.000000
0.000000
0.000000
0.000000
0.000000
0.000000
0.000000
0.000000
0.000000
0.000000
0.000000
0.000000
0.000000
0.000000
0.000000
0.000000
0.000000
0.000309
0.000094
0.000060
0.001074
0.001058
0.002260
0.000255
0.000001
0.000570
0.039982
0.036097
0.005807
0.011544
0.027473
0.000005
0.045867
0.041678
0.033997
0.164867
0.100529
0.106667
0.014908
0.205641
0.083797
0.320970
0.177781
0.000730
0.071052
0.003695
0.000729
0.122371
0.000489
0.005130
0.077585
0.036734
0.001578
0.177590
0.000222
0.092422
0.059583
0.115672
0.009910
0.276925
0.000000
0.000309
0.000094
0.000060
0.001074
0.001058
0.002260
0.000255
0.000001
0.000570
0.039982
0.036097
0.005807
0.011544
0.027473
0.000005
0.045867
0.041678
0.033997
0.164867
0.100529
0.106667
0.014908
0.205641
0.083797
0.320970
0.177781
0.000730
0.079374
0.015603
0.000073
0.064868
0.008769
0.001195
0.007661
0.045738
0.017804
0.009412
0.088723
0.000006
0.031941
0.058607
0.003011
0.062125
0.556775
0.000309
0.000094
0.000060
0.001074
0.001058
0.002260
0.000255
0.000001
0.000570
0.039982
0.036097
0.005807
0.011544
0.027473
0.000005
0.045867
0.041678
0.033997
0.164867
0.100529
0.106667
0.014908
0.205641
0.083797
0.320970
0.177781
0.000730
0.079374
0.015603
0.000073
0.064868
0.008769
0.001195
0.007661
0.045738
0.017804
0.009412
0.088723
0.000006
0.031941
0.058607
0.003011
0.062125
0.556775
0.000309
0.000094
0.000060
0.001074
0.001058
0.002260
0.000255
0.000001
0.000570
0.039982
0.036097
0.005807
0.011544
0.027473
0.000005
0.045867
0.041678
0.033997
0.164867
0.100529
0.106667
0.014908
0.205641
0.083797
0.320970
0.177781
0.000730
0.067461
0.064752
0.008114
0.081923
0.256718
0.003683
0.152619
0.067923
0.029618
0.124948
0.016961
0.001038
0.110424
0.000413
0.013344
0.051748
0.000000
0.000309
0.000094
0.000060
0.001074
0.001058
0.002260
0.000255
0.000001
0.000570
0.039982
0.036097
0.005807
0.011544
0.027473
0.000005
0.045867
0.041678
0.033997
0.164867
0.100529
0.106667
0.014908
0.205641
0.083797
0.320970
0.177781
0.000730
0.083769
0.012603
0.080085
0.036464
0.000105
0.033816
0.061708
0.026043
0.000267
0.046566
0.000010
0.072117
0.067243
0.063210
0.303621
0.164062
0.000000
0.000309
0.000094
0.000060
0.001074
0.001058
0.002260
0.000255
0.000001
0.000570
0.039982
0.036097
0.005807
0.011544
0.027473
0.000005
0.045867
0.041678
0.033997
0.164867
0.100529
0.106667
0.014908
0.205641
0.083797
0.320970
0.177781
0.000730
0.080960
0.027845
0.032696
0.016651
0.013492
0.033979
0.191984
0.104040
0.000026
0.008237
0.010102
0.000211
0.016098
0.015498
0.466914
0.032953
0.000000
0.000309
0.000094
0.000060
0.001074
0.001058
0.002260
0.000255
0.000001
0.000570
0.039982
0.036097
0.005807
0.011544
0.027473
0.000005
0.045867
0.041678
0.033997
0.164867
0.100529
0.106667
0.014908
0.205641
0.083797
0.320970
0.177781
0.000730
0.087184
0.059715
0.009114
0.034726
0.232928
0.059658
0.091795
0.064024
0.183050
0.030155
0.021184
0.000272
0.116201
0.050101
0.002708
0.008873
0.000000
0.000309
0.000094
0.000060
0.001074
0.001058
0.002260
0.000255
0.000001
0.000570
0.039982
0.036097
0.005807
0.011544
0.027473
0.000005
0.045867
0.041678
0.033997
0.164867
0.100529
0.106667
0.014908
0.205641
0.083797
0.320970
0.177781
0.000730
0.051551
0.085450
0.001811
0.046176
0.000255
0.012805
0.153676
0.026686
0.055186
0.423333
0.002471
0.005563
0.030854
0.082043
0.016194
0.057631
0.000000
0.000309
0.000094
0.000060
0.001074
0.001058
0.002260
0.000255
0.000001
0.000570
0.039982
0.036097
0.005807
0.011544
0.027473
0.000005
0.045867
0.041678
0.033997
0.164867
0.100529
0.106667
0.014908
0.205641
0.083797
0.320970
0.177781
0.000730
0.011978
0.009549
0.146232
0.005756
0.103628
0.027538
0.025156
0.003066
0.168223
0.022072
0.235030
0.135973
0.000546
0.100525
0.018430
0.037984
0.000000
0.000309
0.000094
0.000060
0.001074
0.001058
0.002260
0.000255
0.000001
0.000570
0.039982
0.036097
0.005807
0.011544
0.027473
0.000005
0.045867
0.041678
0.033997
0.164867
0.100529
0.106667
0.014908
0.205641
0.083797
0.320970
0.177781
0.000730
0.003616
0.005531
0.135718
0.036372
0.067123
0.210326
0.012763
0.007121
0.000884
0.038341
0.012875
0.464991
0.016574
0.001332
0.037941
0.000178
0.000000
0.000309
0.000094
0.000060
0.001074
0.001058
0.002260
0.000255
0.000001
0.000570
0.039982
0.036097
0.005807
0.011544
0.027473
0.000005
0.045867
0.041678
0.033997
0.164867
0.100529
0.106667
0.014908
0.205641
0.083797
0.320970
0.177781
0.000730
0.007456
0.070098
0.227491
0.003196
0.236343
0.029375
0.027409
0.083091
0.134388
0.006241
0.000285
0.002141
0.075644
0.003646
0.090674
0.054208
0.000000
0.000309
0.000094
0.000060
0.001074
0.001058
0.002260
0.000255
0.000001
0.000570
0.039982
0.036097
0.005807
0.011544
0.027473
0.000005
0.045867
0.041678
0.033997
0.164867
0.100529
0.106667
0.014908
0.205641
0.083797
0.320970
0.177781
0.000730
0.001457
0.054866
0.002097
0.024245
0.043576
0.357389
0.061632
0.048802
0.000561
0.005303
0.258006
0.187416
0.000557
0.000069
0.005624
0.000086
0.000000
0.000309
0.000094
0.000060
0.001074
0.001058
0.002260
0.000255
0.000001
0.000570
0.039982
0.036097
0.005807
0.011544
0.027473
0.000005
0.045867
0.041678
0.033997
0.164867
0.100529
0.106667
0.014908
0.205641
0.083797
0.320970
0.177781
0.000730
0.001254
0.126160
0.344773
0.003605
0.008084
0.061607
0.013520
0.104249
0.015235
0.000362
0.168600
0.013735
0.040987
0.103003
0.016828
0.029687
0.000000
0.000309
0.000094
0.000060
0.001074
0.001058
0.002260
0.000255
0.000001
0.000570
0.039982
0.036097
0.005807
0.011544
0.027473
0.000005
0.045867
0.041678
0.033997
0.164867
0.100529
0.106667
0.014908
0.205641
0.083797
0.320970
0.177781
0.000730
0.048029
0.234232
0.033490
0.000049
0.002149
0.090046
0.155569
0.074387
0.059217
0.069247
0.046964
0.016266
0.192735
0.023278
0.002472
0.003555
0.000000
0.000309
0.000094
0.000060
0.001074
0.001058
0.002260
0.000255
0.000001
0.000570
0.039982
0.036097
0.005807
0.011544
0.027473
0.000005
0.045867
0.041678
0.033997
0.164867
0.100529
0.106667
0.014908
0.205641
0.083797
0.320970
0.177781
0.000730
0.009827
0.168287
0.007049
0.015123
0.000270
0.006357
0.003772
0.073905
0.037481
0.038311
0.034750
0.034851
0.008250
0.344963
0.115689
0.152801
0.000000
0.000309
0.000094
0.000060
0.001074
0.001058
0.002260
0.000255
0.000001
0.000570
0.039982
0.036097
0.005807
0.011544
0.027473
0.000005
0.045867
0.041678
0.033997
0.164867
0.100529
0.106667
0.014908
0.205641
0.083797
0.320970
0.177781
0.000730
0.124281
0.000568
0.007085
0.128304
0.053162
0.134534
0.029705
0.146886
0.012016
0.084835
0.122266
0.062973
0.082852
0.002447
0.001862
0.057909
0.000000
0.000309
0.000094
0.000060
0.001074
0.001058
0.002260
0.000255
0.000001
0.000570
0.039982
0.036097
0.005807
0.011544
0.027473
0.000005
0.045867
0.041678
0.033997
0.164867
0.100529
0.106667
0.014908
0.205641
0.083797
0.320970
0.177781
0.000730
0.007566
0.086033
0.045652
0.230534
0.059159
0.021195
0.038600
0.119876
0.098780
0.000817
0.005629
0.013966
0.230911
0.090128
0.000103
0.002737
0.000000
0.000309
0.000094
0.000060
0.001074
0.001058
0.002260
0.000255
0.000001
0.000570
0.039982
0.036097
0.005807
0.011544
0.027473
0.000005
0.045867
0.041678
0.033997
0.164867
0.100529
0.106667
0.014908
0.205641
0.083797
0.320970
0.177781
0.000730
0.297362
0.072961
0.031270
0.198320
0.018531
0.023722
0.000735
0.035242
0.281431
0.018366
0.000749
0.009602
0.000208
0.000010
0.005214
0.057964
0.000000
