0.332974
0.469352
0.003448
0.038996
0.000006
0.058603
0.000072
0.009039
0.020109
0.011372
0.006686
0.000391
0.003919
0.000252
0.001341
0.000186
0.001812
0.000050
0.002771
0.000023
0.000016
0.000029
0.000090
0.000000
0.000000
0.000454
0.038008
0.000000
0.000000
0.000000
0.000000
0.000000
0.000000
0.000000
0.000000
0.000000
0.000000
0.000000
0.000000
0.000000
0.000000
0.000000
0.000000
0.000000
0.007163
0.068973
0.016319
0.669022
0.060427
0.030562
0.000843
0.016778
0.035476
0.004098
0.007869
0.001297
0.028158
0.000307
0.002101
0.001651
0.003626
0.000059
0.005913
0.000654
0.000220
0.000015
0.000007
0.000000
0.000000
0.000454
0.038008
0.000000
0.000000
0.000000
0.000000
0.000000
0.000000
0.000000
0.000000
0.000000
0.000000
0.000000
0.000000
0.000000
0.000000
0.000000
0.000000
0.000000
0.012980
0.000000
0.000447
0.000015
0.014939
0.019369
0.008493
0.000373
0.010586
0.012536
0.003658
0.000822
0.002523
0.048808
0.168247
0.076487
0.039053
0.060414
0.010499
0.446920
0.006089
0.000521
0.017398
0.000327
0.000038
0.000454
0.038008
0.000000
0.000000
0.000000
0.000000
0.000000
0.000000
0.000000
0.000000
0.000000
0.000000
0.000000
0.000000
0.000000
0.000000
0.000000
0.000000
0.000000
0.000872
0.063639
0.006964
0.115318
0.076913
0.532529
0.002176
0.035818
0.067869
0.012673
0.004785
0.005762
0.002543
0.009147
0.009415
0.002544
0.003645
0.000072
0.007939
0.000146
0.000050
0.000480
0.000238
0.000001
0.000000
0.000454
0.038008
0.000000
0.000000
0.000000
0.000000
0.000000
0.000000
0.000000
0.000000
0.000000
0.000000
0.000000
0.000000
0.000000
0.000000
0.000000
0.000000
0.000000
0.020131
0.000891
0.000672
0.000308
0.001054
0.001335
0.012435
0.010632
0.000069
0.001056
0.002884
0.000416
0.000605
0.001519
0.002143
0.008147
0.078558
0.002791
0.003658
0.032904
0.000973
0.064503
0.712860
0.000992
0.000004
0.000454
0.038008
0.000000
0.000000
0.000000
0.000000
0.000000
0.000000
0.000000
0.000000
0.000000
0.000000
0.000000
0.000000
0.000000
0.000000
0.000000
0.000000
0.000000
0.140796
0.204730
0.514866
0.000055
0.014282
0.001570
0.048574
0.029711
0.000637
0.000006
0.000265
0.000974
0.000381
0.000824
0.001019
0.000010
0.000103
0.000012
0.000001
0.000559
0.002009
0.000151
0.000003
0.000000
0.000001
0.000454
0.038008
0.000000
0.000000
0.000000
0.000000
0.000000
0.000000
0.000000
0.000000
0.000000
0.000000
0.000000
0.000000
0.000000
0.000000
0.000000
0.000000
0.000000
0.000263
0.006703
0.003376
0.006737
0.067233
0.009760
0.362487
0.082433
0.001077
0.000384
0.035068
0.010840
0.005480
0.010601
0.004650
0.010714
0.017269
0.003430
0.000194
0.000062
0.008667
0.002605
0.004202
0.183225
0.124078
0.000454
0.038008
0.000000
0.000000
0.000000
0.000000
0.000000
0.000000
0.000000
0.000000
0.000000
0.000000
0.000000
0.000000
0.000000
0.000000
0.000000
0.000000
0.000000
0.007218
0.000194
0.000084
0.010391
0.010186
0.029226
0.019362
0.202627
0.144354
0.097227
0.001722
0.000264
0.001439
0.006566
0.035445
0.025993
0.000868
0.001691
0.012544
0.043239
0.002480
0.004478
0.000681
0.179681
0.123576
0.000454
0.038008
0.000000
0.000000
0.000000
0.000000
0.000000
0.000000
0.000000
0.000000
0.000000
0.000000
0.000000
0.000000
0.000000
0.000000
0.000000
0.000000
0.000000
0.002389
0.004387
0.002763
0.000686
0.017548
0.056587
0.131332
0.005800
0.113037
0.101194
0.071173
0.010543
0.009157
0.001866
0.022456
0.028668
0.003050
0.005893
0.001700
0.025804
0.007706
0.016125
0.009397
0.186281
0.126000
0.000454
0.038008
0.000000
0.000000
0.000000
0.000000
0.000000
0.000000
0.000000
0.000000
0.000000
0.000000
0.000000
0.000000
0.000000
0.000000
0.000000
0.000000
0.000000
0.015455
0.000315
0.000547
0.002642
0.000092
0.004446
0.014361
0.013246
0.019688
0.007544
0.018887
0.055222
0.145262
0.043866
0.072012
0.231973
0.183057
0.007365
0.006097
0.001198
0.054203
0.057502
0.006542
0.000017
0.000003
0.000454
0.038008
0.000000
0.000000
0.000000
0.000000
0.000000
0.000000
0.000000
0.000000
0.000000
0.000000
0.000000
0.000000
0.000000
0.000000
0.000000
0.000000
0.000000
0.000480
0.000976
0.019224
0.000255
0.055061
0.050928
0.180620
0.178111
0.005691
0.084993
0.077172
0.050307
0.002118
0.000906
0.014705
0.003759
0.000943
0.001095
0.013469
0.000459
0.000674
0.012862
0.023784
0.104368
0.078579
0.000454
0.038008
0.000000
0.000000
0.000000
0.000000
0.000000
0.000000
0.000000
0.000000
0.000000
0.000000
0.000000
0.000000
0.000000
0.000000
0.000000
0.000000
0.000000
0.016697
0.000030
0.002267
0.003202
0.003129
0.004363
0.034018
0.000182
0.008259
0.086273
0.146461
0.042390
0.165810
0.010695
0.000087
0.009653
0.118147
0.061964
0.001216
0.043595
0.001000
0.007321
0.011234
0.108603
0.074944
0.000454
0.038008
0.000000
0.000000
0.000000
0.000000
0.000000
0.000000
0.000000
0.000000
0.000000
0.000000
0.000000
0.000000
0.000000
0.000000
0.000000
0.000000
0.000000
0.011765
0.000500
0.000104
0.014001
0.000954
0.006152
0.000286
0.006141
0.028321
0.026729
0.013625
0.095477
0.118888
0.182724
0.114264
0.003680
0.004682
0.005201
0.020504
0.086168
0.001017
0.010476
0.026697
0.102872
0.080310
0.000454
0.038008
0.000000
0.000000
0.000000
0.000000
0.000000
0.000000
0.000000
0.000000
0.000000
0.000000
0.000000
0.000000
0.000000
0.000000
0.000000
0.000000
0.000000
0.007088
0.000000
0.004922
0.003541
0.039554
0.079359
0.000245
0.114801
0.013755
0.137307
0.092789
0.104426
0.000526
0.028914
0.018815
0.041103
0.000063
0.007208
0.014893
0.019447
0.000925
0.033815
0.011704
0.107754
0.078583
0.000454
0.038008
0.000000
0.000000
0.000000
0.000000
0.000000
0.000000
0.000000
0.000000
0.000000
0.000000
0.000000
0.000000
0.000000
0.000000
0.000000
0.000000
0.000000
0.009699
0.000916
0.003810
0.001461
0.008699
0.023547
0.071517
0.000074
0.120974
0.036990
0.122873
0.164077
0.026464
0.044646
0.010918
0.140871
0.002471
0.037184
0.045392
0.085781
0.001456
0.000073
0.001584
0.000059
0.000000
0.000454
0.038008
0.000000
0.000000
0.000000
0.000000
0.000000
0.000000
0.000000
0.000000
0.000000
0.000000
0.000000
0.000000
0.000000
0.000000
0.000000
0.000000
0.000000
0.013570
0.000043
0.001835
0.000806
0.004614
0.002162
0.003680
0.005673
0.000686
0.000016
0.013482
0.010890
0.010188
0.002178
0.007721
0.001877
0.229611
0.132213
0.014258
0.003173
0.003869
0.488203
0.010766
0.000024
0.000002
0.000454
0.038008
0.000000
0.000000
0.000000
0.000000
0.000000
0.000000
0.000000
0.000000
0.000000
0.000000
0.000000
0.000000
0.000000
0.000000
0.000000
0.000000
0.000000
0.312557
0.144235
0.313950
0.004780
0.002981
0.011107
0.000942
0.002785
0.017887
0.012160
0.000003
0.010949
0.000237
0.003974
0.012419
0.036353
0.030525
0.017306
0.008321
0.003415
0.008907
0.004376
0.001355
0.000013
0.000005
0.000454
0.038008
0.000000
0.000000
0.000000
0.000000
0.000000
0.000000
0.000000
0.000000
0.000000
0.000000
0.000000
0.000000
0.000000
0.000000
0.000000
0.000000
0.000000
0.008898
0.023718
0.001559
0.062848
0.226975
0.015527
0.009226
0.203959
0.034665
0.061749
0.007411
0.008699
0.000374
0.000026
0.001669
0.026380
0.054219
0.006655
0.000443
0.009274
0.049861
0.051166
0.040365
0.005020
0.050852
0.000454
0.038008
0.000000
0.000000
0.000000
0.000000
0.000000
0.000000
0.000000
0.000000
0.000000
0.000000
0.000000
0.000000
0.000000
0.000000
0.000000
0.000000
0.000000
0.006803
0.000043
0.000139
0.033477
0.268690
0.004737
0.049168
0.000062
0.107870
0.098137
0.093836
0.002078
0.014208
0.018920
0.002084
0.046031
0.012742
0.001078
0.074266
0.003336
0.021757
0.018084
0.027492
0.004657
0.051843
0.000454
0.038008
0.000000
0.000000
0.000000
0.000000
0.000000
0.000000
0.000000
0.000000
0.000000
0.000000
0.000000
0.000000
0.000000
0.000000
0.000000
0.000000
0.000000
0.013108
0.000038
0.000899
0.001438
0.000593
0.001016
0.002857
0.005324
0.000052
0.018646
0.002932
0.029438
0.000882
0.045916
0.041651
0.053706
0.011108
0.145214
0.102385
0.001049
0.298139
0.093876
0.034177
0.003198
0.053895
0.000454
0.038008
0.000000
0.000000
0.000000
0.000000
0.000000
0.000000
0.000000
0.000000
0.000000
0.000000
0.000000
0.000000
0.000000
0.000000
0.000000
0.000000
0.000000
0.008513
0.001403
0.000110
0.007451
0.009027
0.040839
0.017593
0.007497
0.064044
0.147182
0.001766
0.000926
0.086906
0.006805
0.000822
0.006249
0.010595
0.038390
0.014210
0.059822
0.288399
0.069423
0.019852
0.004308
0.049404
0.000454
0.038008
0.000000
0.000000
0.000000
0.000000
0.000000
0.000000
0.000000
0.000000
0.000000
0.000000
0.000000
0.000000
0.000000
0.000000
0.000000
0.000000
0.000000
0.011029
0.000088
0.002369
0.000609
0.008519
0.010816
0.000000
0.000390
0.000238
0.030611
0.017085
0.011708
0.083959
0.040115
0.003151
0.042493
0.001029
0.330268
0.100098
0.032521
0.166096
0.003404
0.005868
0.003405
0.055670
0.000454
0.038008
0.000000
0.000000
0.000000
0.000000
0.000000
0.000000
0.000000
0.000000
0.000000
0.000000
0.000000
0.000000
0.000000
0.000000
0.000000
0.000000
0.000000
0.012449
0.000000
0.000504
0.000970
0.004540
0.000043
0.011164
0.013749
0.101303
0.001248
0.124944
0.041644
0.223336
0.042534
0.060879
0.080457
0.060406
0.002852
0.032937
0.044006
0.003455
0.012044
0.028774
0.005121
0.052179
0.000454
0.038008
0.000000
0.000000
0.000000
0.000000
0.000000
0.000000
0.000000
0.000000
0.000000
0.000000
0.000000
0.000000
0.000000
0.000000
0.000000
0.000000
0.000000
0.007925
0.006957
0.084737
0.014349
0.070499
0.002556
0.002055
0.019600
0.050168
0.000388
0.027729
0.043236
0.006840
0.000037
0.149100
0.115462
0.067262
0.098804
0.162085
0.001000
0.028611
0.001191
0.000921
0.000004
0.000023
0.000454
0.038008
0.000000
0.000000
0.000000
0.000000
0.000000
0.000000
0.000000
0.000000
0.000000
0.000000
0.000000
0.000000
0.000000
0.000000
0.000000
0.000000
0.000000
0.014897
0.001434
0.005562
0.001699
0.000886
0.000747
0.014472
0.030304
0.006926
0.000475
0.102578
0.295711
0.028352
0.031850
0.033123
0.005118
0.000415
0.027939
0.310470
0.000926
0.012359
0.033792
0.001491
0.000006
0.000008
0.000454
0.038008
0.000000
0.000000
0.000000
0.000000
0.000000
0.000000
0.000000
0.000000
0.000000
0.000000
0.000000
0.000000
0.000000
0.000000
0.000000
0.000000
0.000000
0.004279
0.000436
0.008523
0.004943
0.032603
0.002114
0.002024
0.004891
0.026260
0.009008
0.002318
0.001512
0.031445
0.416006
0.209764
0.000435
0.064741
0.004850
0.033737
0.054519
0.031062
0.013484
0.002517
0.000065
0.000003
0.000454
0.038008
0.000000
0.000000
0.000000
0.000000
0.000000
0.000000
0.000000
0.000000
0.000000
0.000000
0.000000
0.000000
0.000000
0.000000
0.000000
0.000000
0.000000
0.000000
0.000000
0.000000
0.000000
0.000000
0.000000
0.000000
0.000000
0.000000
0.000000
0.000000
0.000000
0.000000
0.000000
0.000000
0.000000
0.000000
0.000000
0.000000
0.000000
0.000000
0.000000
0.000000
0.000000
0.000000
0.054900
0.000656
0.063807
0.003318
0.000654
0.109892
0.000439
0.004607
0.069673
0.032988
0.001417
0.159481
0.000199
0.082997
0.053508
0.103876
0.008899
0.248687
0.000000
0.000000
0.000000
0.000000
0.000000
0.000000
0.000000
0.000000
0.000000
0.000000
0.000000
0.000000
0.000000
0.000000
0.000000
0.000000
0.000000
0.000000
0.000000
0.000000
0.000000
0.000000
0.000000
0.000000
0.000000
0.000000
0.054900
0.000656
0.071280
0.014012
0.000065
0.058253
0.007875
0.001073
0.006880
0.041074
0.015989
0.008453
0.079676
0.000005
0.028684
0.052630
0.002704
0.055790
0.500000
0.000000
0.000000
0.000000
0.000000
0.000000
0.000000
0.000000
0.000000
0.000000
0.000000
0.000000
0.000000
0.000000
0.000000
0.000000
0.000000
0.000000
0.000000
0.000000
0.000000
0.000000
0.000000
0.000000
0.000000
0.000000
0.054900
0.000656
0.071280
0.014012
0.000065
0.058253
0.007875
0.001073
0.006880
0.041074
0.015989
0.008453
0.079676
0.000005
0.028684
0.052630
0.002704
0.055790
0.500000
0.000000
0.000000
0.000000
0.000000
0.000000
0.000000
0.000000
0.000000
0.000000
0.000000
0.000000
0.000000
0.000000
0.000000
0.000000
0.000000
0.000000
0.000000
0.000000
0.000000
0.000000
0.000000
0.000000
0.000000
0.000000
0.054900
0.000656
0.060582
0.058149
0.007286
0.073569
0.230540
0.003308
0.137056
0.060997
0.026598
0.112206
0.015231
0.000932
0.099164
0.000371
0.011983
0.046471
0.000000
0.000000
0.000000
0.000000
0.000000
0.000000
0.000000
0.000000
0.000000
0.000000
0.000000
0.000000
0.000000
0.000000
0.000000
0.000000
0.000000
0.000000
0.000000
0.000000
0.000000
0.000000
0.000000
0.000000
0.000000
0.000000
0.054900
0.000656
0.075227
0.011317
0.071918
0.032746
0.000094
0.030368
0.055415
0.023387
0.000240
0.041818
0.000009
0.064763
0.060386
0.056764
0.272660
0.147333
0.000000
0.000000
0.000000
0.000000
0.000000
0.000000
0.000000
0.000000
0.000000
0.000000
0.000000
0.000000
0.000000
0.000000
0.000000
0.000000
0.000000
0.000000
0.000000
0.000000
0.000000
0.000000
0.000000
0.000000
0.000000
0.000000
0.054900
0.000656
0.072704
0.025005
0.029362
0.014953
0.012116
0.030514
0.172407
0.093431
0.000024
0.007397
0.009072
0.000190
0.014456
0.013918
0.419302
0.029593
0.000000
0.000000
0.000000
0.000000
0.000000
0.000000
0.000000
0.000000
0.000000
0.000000
0.000000
0.000000
0.000000
0.000000
0.000000
0.000000
0.000000
0.000000
0.000000
0.000000
0.000000
0.000000
0.000000
0.000000
0.000000
0.000000
0.054900
0.000656
0.078293
0.053626
0.008185
0.031185
0.209176
0.053574
0.082434
0.057495
0.164384
0.027080
0.019024
0.000245
0.104352
0.044992
0.002432
0.007968
0.000000
0.000000
0.000000
0.000000
0.000000
0.000000
0.000000
0.000000
0.000000
0.000000
0.000000
0.000000
0.000000
0.000000
0.000000
0.000000
0.000000
0.000000
0.000000
0.000000
0.000000
0.000000
0.000000
0.000000
0.000000
0.000000
0.054900
0.000656
0.046295
0.076736
0.001627
0.041467
0.000229
0.011499
0.138006
0.023965
0.049559
0.380166
0.002219
0.004995
0.027708
0.073677
0.014543
0.051754
0.000000
0.000000
0.000000
0.000000
0.000000
0.000000
0.000000
0.000000
0.000000
0.000000
0.000000
0.000000
0.000000
0.000000
0.000000
0.000000
0.000000
0.000000
0.000000
0.000000
0.000000
0.000000
0.000000
0.000000
0.000000
0.000000
0.054900
0.000656
0.010756
0.008575
0.131321
0.005169
0.093061
0.024730
0.022591
0.002753
0.151069
0.019821
0.211064
0.122108
0.000491
0.090275
0.016551
0.034110
0.000000
0.000000
0.000000
0.000000
0.000000
0.000000
0.000000
0.000000
0.000000
0.000000
0.000000
0.000000
0.000000
0.000000
0.000000
0.000000
0.000000
0.000000
0.000000
0.000000
0.000000
0.000000
0.000000
0.000000
0.000000
0.000000
0.054900
0.000656
0.003247
0.004967
0.121878
0.032663
0.060278
0.188879
0.011461
0.006395
0.000794
0.034431
0.011562
0.417576
0.014884
0.001196
0.034072
0.000160
0.000000
0.000000
0.000000
0.000000
0.000000
0.000000
0.000000
0.000000
0.000000
0.000000
0.000000
0.000000
0.000000
0.000000
0.000000
0.000000
0.000000
0.000000
0.000000
0.000000
0.000000
0.000000
0.000000
0.000000
0.000000
0.000000
0.054900
0.000656
0.006695
0.062950
0.204293
0.002870
0.212242
0.026380
0.024614
0.074618
0.120684
0.005605
0.000256
0.001923
0.067931
0.003274
0.081428
0.048680
0.000000
0.000000
0.000000
0.000000
0.000000
0.000000
0.000000
0.000000
0.000000
0.000000
0.000000
0.000000
0.000000
0.000000
0.000000
0.000000
0.000000
0.000000
0.000000
0.000000
0.000000
0.000000
0.000000
0.000000
0.000000
0.000000
0.054900
0.000656
0.001309
0.049272
0.001883
0.021773
0.039133
0.320945
0.055347
0.043825
0.000504
0.004762
0.231697
0.168305
0.000500
0.000062
0.005051
0.000077
0.000000
0.000000
0.000000
0.000000
0.000000
0.000000
0.000000
0.000000
0.000000
0.000000
0.000000
0.000000
0.000000
0.000000
0.000000
0.000000
0.000000
0.000000
0.000000
0.000000
0.000000
0.000000
0.000000
0.000000
0.000000
0.000000
0.054900
0.000656
0.001126
0.113295
0.309616
0.003237
0.007259
0.055325
0.012141
0.093618
0.013681
0.000325
0.151407
0.012335
0.036807
0.092500
0.015112
0.026659
0.000000
0.000000
0.000000
0.000000
0.000000
0.000000
0.000000
0.000000
0.000000
0.000000
0.000000
0.000000
0.000000
0.000000
0.000000
0.000000
0.000000
0.000000
0.000000
0.000000
0.000000
0.000000
0.000000
0.000000
0.000000
0.000000
0.054900
0.000656
0.043132
0.210347
0.030075
0.000044
0.001930
0.080864
0.139706
0.066802
0.053179
0.062186
0.042175
0.014608
0.173082
0.020904
0.002220
0.003193
0.000000
0.000000
0.000000
0.000000
0.000000
0.000000
0.000000
0.000000
0.000000
0.000000
0.000000
0.000000
0.000000
0.000000
0.000000
0.000000
0.000000
0.000000
0.000000
0.000000
0.000000
0.000000
0.000000
0.000000
0.000000
0.000000
0.054900
0.000656
0.008825
0.151127
0.006330
0.013581
0.000243
0.005709
0.003388
0.066368
0.033659
0.034405
0.031206
0.031297
0.007409
0.309787
0.103892
0.137220
0.000000
0.000000
0.000000
0.000000
0.000000
0.000000
0.000000
0.000000
0.000000
0.000000
0.000000
0.000000
0.000000
0.000000
0.000000
0.000000
0.000000
0.000000
0.000000
0.000000
0.000000
0.000000
0.000000
0.000000
0.000000
0.000000
0.054900
0.000656
0.111608
0.000510
0.006363
0.115221
0.047741
0.120815
0.026676
0.131908
0.010790
0.076184
0.109798
0.056552
0.074404
0.002198
0.001672
0.052004
0.000000
0.000000
0.000000
0.000000
0.000000
0.000000
0.000000
0.000000
0.000000
0.000000
0.000000
0.000000
0.000000
0.000000
0.000000
0.000000
0.000000
0.000000
0.000000
0.000000
0.000000
0.000000
0.000000
0.000000
0.000000
0.000000
0.054900
0.000656
0.006795
0.077260
0.040997
0.207026
0.053126
0.019034
0.034664
0.107652
0.088708
0.000733
0.005055
0.012542
0.207365
0.080937
0.000092
0.002458
0.000000
0.000000
0.000000
0.000000
0.000000
0.000000
0.000000
0.000000
0.000000
0.000000
0.000000
0.000000
0.000000
0.000000
0.000000
0.000000
0.000000
0.000000
0.000000
0.000000
0.000000
0.000000
0.000000
0.000000
0.000000
0.000000
0.054900
0.000656
0.267039
0.065521
0.028082
0.178097
0.016642
0.021303
0.000660
0.031648
0.252733
0.016493
0.000673
0.008623
0.000187
0.000009
0.004682
0.052053
0.000000
