0.024042
0.008010
0.039532
0.006477
0.021221
0.014696
0.013710
0.033615
0.041365
0.009587
0.018998
0.050966
0.002771
0.034314
0.000906
0.116125
0.128681
0.113329
0.038108
0.016181
0.009578
0.000551
0.006278
0.004357
0.003832
0.242772
0.000000
0.000000
0.000000
0.000000
0.000000
0.000000
0.000000
0.000000
0.000000
0.000000
0.000000
0.000000
0.000000
0.000000
0.000000
0.000000
0.000000
0.000000
0.006938
0.064936
0.222834
0.000054
0.019110
0.001662
0.242192
0.091255
0.008145
0.020379
0.010917
0.008936
0.004177
0.013751
0.005174
0.006128
0.080977
0.000811
0.007770
0.000116
0.005062
0.013417
0.033779
0.042008
0.028124
0.010584
0.003752
0.009245
0.000684
0.001634
0.002609
0.004000
0.000390
0.002907
0.000313
0.000414
0.000017
0.006596
0.000626
0.005210
0.002443
0.002620
0.000965
0.006343
0.021715
0.044039
0.000166
0.037614
0.000057
0.011900
0.003066
0.000059
0.005321
0.024810
0.007281
0.000932
0.003254
0.042870
0.017733
0.008063
0.000600
0.045110
0.067734
0.004265
0.015470
0.046613
0.047814
0.020378
0.027800
0.061895
0.020512
0.000849
0.025399
0.024254
0.014807
0.003810
0.005855
0.010853
0.009397
0.131322
0.010226
0.009777
0.005022
0.017530
0.018138
0.054000
0.000115
0.071575
0.026806
0.000164
0.002304
0.034245
0.021973
0.000830
0.001608
0.011183
0.016269
0.001624
0.000646
0.015477
0.034308
0.009795
0.014029
0.006303
0.004335
0.000284
0.000523
0.012212
0.001680
0.014386
0.003372
0.001861
0.000436
0.005247
0.012280
0.007816
0.026835
0.047490
0.015642
0.018401
0.023423
0.000004
0.110260
0.202054
0.019777
0.010355
0.005158
0.000057
0.029880
0.214010
0.014105
0.000556
0.020414
0.051015
0.020058
0.003272
0.008562
0.004261
0.001112
0.004723
0.000293
0.044689
0.000588
0.031029
0.010538
0.076784
0.007292
0.031371
0.003630
0.001209
0.133113
0.005364
0.064006
0.065679
0.038459
0.015316
0.047164
0.007513
0.002387
0.001327
0.072837
0.017778
0.001339
0.019247
0.002949
0.000324
0.001991
0.005111
0.000002
0.001899
0.045813
0.003683
0.035628
0.073487
0.002927
0.013816
0.026820
0.002025
0.000038
0.043286
0.000847
0.000185
0.006987
0.007816
0.007903
0.006618
0.000404
0.022787
0.015153
0.025948
0.038230
0.005777
0.012246
0.001419
0.000153
0.004352
0.001140
0.000124
0.028984
0.030065
0.011637
0.000085
0.023793
0.020373
0.026755
0.067786
0.053345
0.007078
0.136123
0.004391
0.000723
0.016314
0.000707
0.000527
0.007049
0.006670
0.300491
0.019197
0.000220
0.007427
0.025976
0.000003
0.008234
0.043532
0.041941
0.002327
0.001942
0.018058
0.024056
0.000530
0.001898
0.012694
0.050849
0.011118
0.014466
0.016810
0.002911
0.000107
0.000727
0.015031
0.005050
0.041640
0.018943
0.000112
0.000165
0.002470
0.000267
0.009790
0.052964
0.029329
0.000393
0.001079
0.063820
0.003940
0.197008
0.036976
0.003858
0.107853
0.059858
0.002768
0.034215
0.005321
0.007418
0.021548
0.027655
0.000530
0.003758
0.002273
0.000174
0.001916
0.003790
0.006819
0.001288
0.000662
0.003562
0.033261
0.022473
0.004261
0.001541
0.037303
0.005961
0.003447
0.000056
0.031654
0.000849
0.003826
0.005950
0.008893
0.069893
0.179550
0.000821
0.043820
0.003618
0.023637
0.005939
0.018272
0.033758
0.073806
0.028988
0.058770
0.006504
0.004305
0.043769
0.002898
0.018290
0.086111
0.065676
0.019673
0.019724
0.048987
0.026775
0.002017
0.021796
0.012753
0.006063
0.077868
0.002329
0.021865
0.003723
0.057737
0.041618
0.015231
0.006341
0.161388
0.066598
0.025005
0.025580
0.042566
0.082874
0.038535
0.003958
0.061577
0.029173
0.013049
0.000281
0.003583
0.002083
0.006145
0.000095
0.001875
0.016680
0.000551
0.000568
0.001245
0.019929
0.026454
0.002540
0.001968
0.000075
0.000009
0.000032
0.000755
0.024790
0.009775
0.007123
0.006911
0.082738
0.000384
0.001287
0.051104
0.006072
0.006690
0.040048
0.009374
0.001776
0.010482
0.000267
0.061798
0.000363
0.098641
0.104189
0.000269
0.001543
0.065212
0.001808
0.055404
0.013361
0.000379
0.001228
0.020993
0.000570
0.014295
0.000199
0.000864
0.001194
0.096908
0.002868
0.095367
0.016806
0.031988
0.002468
0.000002
0.001981
0.036006
0.000196
0.014283
0.025707
0.007719
0.001230
0.009136
0.023516
0.002435
0.003855
0.001724
0.140561
0.016461
0.019878
0.009041
0.219234
0.031730
0.153564
0.001419
0.007176
0.025164
0.041874
0.074617
0.004549
0.001491
0.021154
0.123506
0.012435
0.006560
0.000000
0.000692
0.000076
0.000196
0.000864
0.000006
0.002539
0.000635
0.004234
0.000375
0.001255
0.001230
0.000001
0.000067
0.000064
0.000006
0.000000
0.002023
0.021608
0.007075
0.080611
0.006338
0.040046
0.054501
0.001837
0.025923
0.068122
0.031759
0.000783
0.014449
0.041444
0.003845
0.000761
0.034819
0.001127
0.006378
0.000552
0.000811
0.100785
0.003033
0.026557
0.003216
0.000073
0.001770
0.077773
0.000056
0.001292
0.002111
0.001130
0.130708
0.018691
0.004787
0.023377
0.000841
0.072746
0.041940
0.038338
0.000445
0.002191
0.000001
0.004926
0.000425
0.026825
0.003148
0.012830
0.008691
0.000590
0.004224
0.000000
0.011291
0.000305
0.002151
0.000484
0.000898
0.001243
0.000000
0.001218
0.006989
0.001039
0.005220
0.004615
0.001820
0.002220
0.008476
0.003040
0.004208
0.001622
0.010103
0.085147
0.070732
0.005394
0.048926
0.208174
0.002227
0.019432
0.048444
0.000001
0.002333
0.007711
0.011299
0.001123
0.292728
0.010409
0.018356
0.043800
0.000515
0.026958
0.000301
0.017382
0.006069
0.000879
0.000001
0.003159
0.002079
0.009933
0.004908
0.003365
0.000459
0.005583
0.018303
0.018299
0.041439
0.068123
0.058863
0.026758
0.000380
0.030748
0.009648
0.007459
0.008661
0.007538
0.002549
0.177709
0.078468
0.129996
0.017569
0.007388
0.030927
0.004160
0.100065
0.001613
0.007832
0.001363
0.001696
0.002788
0.000631
0.050440
0.000175
0.001816
0.005519
0.019604
0.030796
0.073208
0.002157
0.014553
0.009138
0.065518
0.046754
0.008593
0.000364
0.000149
0.001069
0.105602
0.036823
0.078846
0.159169
0.047715
0.000885
0.001102
0.012013
0.006556
0.031058
0.033378
0.023505
0.007538
0.038054
0.000102
0.019247
0.000024
0.030011
0.011789
0.000143
0.004165
0.000930
0.000598
0.018681
0.017881
0.001583
0.022377
0.000571
0.007638
0.000600
0.008819
0.000697
0.021271
0.003306
0.008835
0.132695
0.074373
0.081006
0.032968
0.170334
0.006067
0.146001
0.102932
0.008721
0.013342
0.066039
0.005301
0.040448
0.000599
0.000757
0.024933
0.000291
0.002042
0.003150
0.005884
0.009382
0.000838
0.002317
0.002474
0.000840
0.000021
0.005670
0.000717
0.000162
0.001526
0.003866
0.004371
0.003406
0.003291
0.001456
0.001051
0.002619
0.000096
0.004239
0.000331
0.000034
0.026341
0.005170
0.002674
0.040043
0.006253
0.008124
0.001444
0.003499
0.000599
0.005375
0.007620
0.000987
0.002921
0.000088
0.000202
0.000157
0.016636
0.009238
0.018089
0.004727
0.019888
0.002869
0.013165
0.004524
0.051479
0.013154
0.005245
0.001638
0.000113
0.002283
0.000736
0.219814
0.066192
0.072991
0.122939
0.078024
0.004131
0.037080
0.060195
0.000011
0.049721
0.003794
0.002156
0.007673
0.026093
0.012302
0.000226
0.014450
0.000295
0.000084
0.007202
0.000029
0.005263
0.024392
0.001752
0.033008
0.006623
0.006871
0.048862
0.003555
0.018872
0.034358
0.098997
0.006486
0.015815
0.066999
0.055685
0.022734
0.005059
0.000037
0.021261
0.000296
0.000849
0.002630
0.008021
0.070345
0.043146
0.010745
0.017264
0.011113
0.195506
0.068263
0.001228
0.000000
0.004562
0.004938
0.004186
0.019595
0.026420
0.000316
0.006504
0.006210
0.039779
0.002123
0.001591
0.020074
0.002508
0.136937
0.008723
0.051049
0.017954
0.077296
0.008755
0.000823
0.017458
0.084072
0.025144
0.003683
0.052621
0.062960
0.080571
0.034327
0.013808
0.009673
0.001022
0.062983
0.000014
0.006278
0.023879
0.000013
0.012686
0.003003
0.013421
0.005936
0.044663
0.024365
0.000664
0.000130
0.002114
0.005106
0.000649
0.001696
0.026480
0.005704
0.000463
0.007644
0.017138
0.001637
0.028324
0.000653
0.012940
0.012408
0.029991
0.016392
0.117262
0.052106
0.000341
0.026787
0.029007
0.002070
0.114221
0.066670
0.006658
0.000015
0.052432
0.018885
0.040701
0.000476
0.001483
0.090874
0.025141
0.005303
0.026427
0.027860
0.014261
0.000336
0.003525
0.001178
0.000286
0.017735
0.010571
0.000190
0.001487
0.047020
0.002714
0.036205
0.024679
0.000789
0.038392
0.005529
0.048976
0.001096
0.029460
0.009741
0.007268
0.000146
0.122068
0.065417
0.000080
0.014782
0.000003
0.037627
0.009096
0.073557
0.037297
0.004884
0.031072
0.005077
0.008581
0.004879
0.129784
0.002336
0.000907
0.007833
0.006326
0.000269
0.000003
0.000962
0.000545
0.041368
0.000445
0.007965
0.059950
0.020453
0.003293
0.000008
0.008934
0.013598
0.019227
0.095299
0.027335
0.001448
0.003489
0.019334
0.001430
0.001036
0.000496
0.000436
0.000024
0.004350
0.001462
0.000244
0.000000
0.000984
0.000099
0.003174
0.004803
0.004707
0.003013
0.000559
0.005402
0.003468
0.017667
0.001610
0.005162
0.001760
0.003651
0.006688
0.024944
0.018266
0.000000
0.053554
0.001340
0.002932
0.012750
0.000416
0.020823
0.128452
0.340683
0.038057
0.033592
0.188376
0.010280
0.001704
0.021404
0.010257
0.075747
0.049863
0.001260
0.009611
0.085480
0.007928
0.002656
0.002358
0.008180
0.001777
0.012698
0.051067
0.056410
0.009372
0.067596
0.002555
0.023641
0.011530
0.045064
0.000097
0.099060
0.095443
0.059259
0.039258
0.010426
0.002754
0.002587
0.001427
0.006317
0.002835
0.005013
0.005818
0.031796
0.009633
0.027261
0.012319
0.000349
0.004422
0.005361
0.011191
0.003353
0.007566
0.027770
0.002250
0.000644
0.000694
0.000063
0.000220
0.000118
0.001669
0.000120
0.000139
0.000928
0.000515
0.000320
0.000285
0.000474
0.000129
0.002642
0.000000
0.000024
0.000077
0.000245
0.005732
0.001726
0.000090
0.003335
0.004985
0.120547
0.092603
0.102829
0.282042
0.052363
0.025119
0.041930
0.010638
0.019489
0.060954
0.021705
0.016092
0.005204
0.003747
0.036943
0.033872
0.011788
0.006938
0.027719
0.001304
0.000177
0.008395
0.002758
0.000246
0.000125
0.000634
0.001589
0.000416
0.000903
0.000002
0.001070
0.000062
0.000009
0.001654
0.001483
0.000144
0.000131
0.000782
0.000283
0.004873
0.000283
0.000604
0.006094
0.000814
0.107926
0.000651
0.115602
0.025921
0.068993
0.096148
0.008681
0.000530
0.051962
0.024621
0.089650
0.058636
0.010323
0.118448
0.003584
0.002424
0.153336
0.000011
0.025785
0.007218
0.016108
0.004106
0.008235
0.000478
0.005671
0.068683
0.000015
0.033310
0.000311
0.017450
0.000161
0.040342
0.009701
0.012401
0.000040
0.000481
0.000317
0.022301
0.018660
0.019487
0.003445
0.024373
0.014469
0.001890
0.021821
0.040337
0.000107
0.056439
0.077790
0.095798
0.034155
0.049717
0.110862
0.005122
0.029391
0.003022
0.000976
0.036291
0.012485
0.016518
0.053664
0.000070
0.019823
0.055325
0.001476
0.029452
0.009099
0.043591
0.006337
0.001456
0.017528
0.046982
0.000051
0.042540
0.040572
0.006434
0.007543
0.000225
0.062377
0.001698
0.000599
0.045282
0.105038
0.057560
0.003190
0.075729
0.020839
0.023517
0.000420
0.003741
0.003258
0.007382
0.029919
0.025623
0.009110
0.000625
0.002292
0.030283
0.038432
0.022741
0.002167
0.022835
0.002297
0.003324
0.063384
0.007903
0.009742
0.086559
0.019282
0.030420
0.293830
0.083338
0.036702
0.006493
0.185829
0.008272
0.041913
0.000976
0.008123
0.014310
0.000029
0.010703
0.022061
0.084438
0.004492
0.000126
0.001905
0.001548
0.016213
0.004810
0.011630
0.002047
0.000054
0.000234
0.003823
0.001498
0.000036
0.000142
0.001682
0.001624
0.000516
0.000335
0.000680
0.000491
0.000052
0.000837
0.001251
0.000020
0.000018
0.000915
0.026096
0.000037
0.009174
0.016090
0.042559
0.053806
0.002031
0.009310
0.000871
0.001686
0.003182
0.004061
0.000844
0.032003
0.012017
0.003826
0.000186
0.043534
0.000390
0.023972
0.012598
0.017200
0.027304
0.124173
0.052952
0.032952
0.003004
0.000057
0.016505
0.009849
0.020900
0.031460
0.001451
0.010267
0.093844
0.003489
0.099696
0.032840
0.023029
0.032518
0.009943
0.049120
0.004602
0.004571
0.006618
0.133362
0.009499
0.131043
0.059394
0.057207
0.000593
0.041659
0.057585
0.060402
0.056828
0.021003
0.072054
0.091567
0.000115
0.027024
0.040105
0.009184
0.001077
0.002162
0.011767
0.003091
0.013851
0.003237
0.002499
0.031228
0.001871
0.005344
0.000168
0.005990
0.000380
0.000655
0.000003
0.000102
0.002208
0.000180
0.020356
0.000386
0.000342
0.001299
0.007260
0.000016
0.001384
0.007901
0.003305
0.159855
0.024013
0.026666
0.001077
0.283494
0.013972
0.047422
0.129516
0.047080
0.009840
0.000619
0.000296
0.001254
0.001781
0.008026
0.002936
0.012398
0.001376
0.001542
0.000115
0.005313
0.030902
0.001541
0.004041
0.068789
0.002189
0.001066
0.001107
0.004190
0.001769
0.006895
0.011647
0.000453
0.005235
0.000512
0.020995
0.003548
0.016143
0.000497
0.001224
0.018451
0.001682
0.015230
0.022955
0.000002
0.080391
0.031704
0.006751
0.000815
0.032808
0.015877
0.018490
0.008745
0.053879
0.001244
0.008733
0.006772
0.078857
0.000560
0.013531
0.022681
0.014719
0.175777
0.278976
0.041732
0.002253
0.011459
0.015380
0.010577
0.003868
0.002607
0.000248
0.000437
0.003482
0.002230
0.005748
0.000154
0.011066
0.000006
0.002864
0.000059
0.000129
0.001535
0.002186
0.001472
0.000682
0.005553
0.019353
0.055570
0.009289
0.000513
0.013674
0.000044
0.065313
0.002428
0.076075
0.003747
0.156930
0.191583
0.008521
0.005215
0.025086
0.010030
0.003110
0.064030
0.048118
0.023158
0.006777
0.039258
0.000076
0.020519
0.000082
0.069759
0.002107
0.003896
0.000610
0.000059
0.000245
0.003337
0.003095
0.000952
0.018982
0.002589
0.003039
0.000456
0.005502
0.000310
0.000340
0.018722
0.016062
0.001435
0.027797
0.000174
0.001054
0.000000
0.008691
0.004851
0.002952
0.005192
0.001509
0.000129
0.000110
0.006146
0.000684
0.001923
0.000513
0.002817
0.005059
0.005186
0.000337
0.004982
0.000209
0.001453
0.002010
0.012353
0.022585
0.000011
0.070592
0.006797
0.119176
0.033073
0.037665
0.008339
0.008508
0.020202
0.004247
0.001686
0.000014
0.010004
0.004948
0.036325
0.273718
0.000937
0.001281
0.243760
0.023225
0.022651
0.000007
0.045405
0.028576
0.000119
0.006455
0.110983
0.037251
0.002101
0.006619
0.003950
0.023446
0.175913
0.113168
0.001845
0.045696
0.002468
0.022476
0.000278
0.001121
0.155986
0.024441
0.009469
0.032869
0.001926
0.000446
0.002057
0.001790
0.000908
0.000351
0.015754
0.005900
0.002925
0.023817
0.013554
0.008211
0.000071
0.000230
0.005195
0.011162
0.000010
0.007516
0.001661
0.024458
0.016283
0.011011
0.053591
0.000304
0.004889
0.002543
0.000034
0.000124
0.000734
0.000001
0.000669
0.002318
0.003509
0.017253
0.008989
0.002086
0.005337
0.077880
0.115529
0.000128
0.031090
0.000461
0.009750
0.083960
0.004554
0.004433
0.000118
0.081646
0.011031
0.054828
0.034722
0.005432
0.052062
0.000453
0.031169
0.024396
0.030117
0.029581
0.002683
0.003026
0.001599
0.016085
0.139131
0.025317
0.000535
0.027832
0.006231
0.022294
0.039190
0.000332
0.038966
0.023203
0.079151
0.014076
0.048608
0.008996
0.005694
0.021745
0.019873
0.000564
0.033848
0.006194
0.005735
0.018701
0.001953
0.147657
0.013007
0.000013
0.003962
0.045769
0.076869
0.000850
0.010503
0.085785
0.005325
0.002887
0.000882
0.008328
0.017384
0.005204
0.023590
0.039170
0.000063
0.001402
0.007566
0.021563
0.033180
0.018055
0.070137
0.005828
0.033532
0.002933
0.021269
0.002249
0.000075
0.006275
0.085276
0.004737
0.000049
0.005654
0.003347
0.004268
0.003505
0.084932
0.080820
0.001621
0.153762
0.017738
0.035215
0.042173
0.000032
0.008245
0.069676
0.006351
0.013950
0.032805
0.000018
0.006059
0.000113
0.001299
0.026317
0.025842
0.018763
0.003742
0.009516
0.024314
0.022913
0.000001
0.005539
0.041008
0.000044
0.026686
0.006063
0.000740
0.011181
0.003777
0.022869
0.011312
0.008166
0.001166
0.000429
0.000550
0.000336
0.012066
0.004009
0.021100
0.025093
0.028531
0.003760
0.000212
0.063091
0.009478
0.047414
0.048063
0.068959
0.003836
0.008794
0.025914
0.058593
0.015169
0.002633
0.042698
0.005834
0.035449
0.032728
0.008300
0.004911
0.027780
0.001517
0.065507
0.014570
0.002001
0.018654
0.158271
0.041793
0.026917
0.008587
0.000100
0.002318
0.000475
0.001156
0.000304
0.006143
0.001103
0.001072
0.015230
0.001611
0.000912
0.001113
0.001091
0.005072
0.000251
0.000469
0.014864
0.005605
0.001901
0.005467
0.002187
0.015432
0.064481
0.000024
0.031581
0.014561
0.033077
0.039302
0.045833
0.017268
0.254547
0.011685
0.000025
0.000050
0.045761
0.146136
0.111190
0.022979
0.002309
0.023485
0.016324
0.000002
0.022057
0.009456
0.074435
0.027370
0.003736
0.000305
0.002795
0.029952
0.026016
0.010879
0.051389
0.208246
0.015633
0.000053
0.189290
0.036326
0.071783
0.013518
0.005013
0.034053
0.000446
0.008456
0.008436
0.000198
0.066167
0.009420
0.000004
0.004154
0.009572
0.002337
0.000022
0.002488
0.001714
0.001564
0.005446
0.003306
0.001069
0.000058
0.004016
0.000015
0.005076
0.003421
0.001354
0.028954
0.026521
0.012140
0.000134
0.001965
0.001168
0.001106
0.000476
0.000438
0.001337
0.001004
0.004834
0.002263
0.000114
0.000762
0.000686
0.001114
0.000179
0.008983
0.000259
0.000481
0.002092
0.021349
0.002594
0.008769
0.009182
0.002276
0.092486
0.047706
0.005104
0.117074
0.036660
0.000710
0.085675
0.228902
0.018018
0.079560
0.000067
0.072347
0.001286
0.039894
0.002608
0.006588
0.048862
0.004230
0.016830
0.029841
0.055702
0.049637
0.000257
0.153628
0.262514
0.000156
0.035272
0.082957
0.180293
0.001422
0.058581
0.000926
0.016363
0.003900
0.016456
0.009249
0.000290
0.000698
0.000085
0.000056
0.006876
0.000186
0.009706
0.000084
0.001565
0.000012
0.000534
0.000094
0.000457
0.000010
0.000214
0.000056
0.000023
0.000794
0.000305
0.000501
0.000034
0.000023
0.000291
0.000069
0.000401
0.002653
0.027364
0.004837
0.000693
0.001847
0.002844
0.001444
0.001304
0.001297
0.001247
0.000425
0.001943
0.000004
0.000001
0.000018
0.000272
0.000042
0.000442
0.000589
0.001420
0.000125
0.001062
0.007441
0.001881
0.000458
0.000754
0.001124
0.004533
0.163750
0.047496
0.015934
0.043954
0.007846
0.002983
0.058012
0.000597
0.005426
0.021950
0.000249
0.000893
0.256358
0.003141
0.000037
0.186825
0.119139
