0.889730
0.162981
0.358074
0.058980
-0.117976
0.121088
0.053121
-0.022308
0.131753
-0.028832
-0.004391
-0.003525
-0.000072
0.000054
0.000001
-0.000000
0.000000
0.000000
-0.000000
0.000000
0.000000
-0.000000
0.000000
-0.000000
0.000000
0.000000
0.000000
-0.000000
-0.000000
-0.000000
-0.000000
-0.000000
-0.000000
-0.000000
0.000000
-0.000000
-0.000000
-0.000000
0.000000
0.000000
0.000000
-0.000000
-0.000000
-0.000000
0.097421
-0.302190
-0.293091
0.886125
0.093705
0.133494
-0.020084
0.030134
-0.005548
-0.004322
-0.010040
0.002618
-0.000716
0.000287
0.000007
-0.000000
0.000000
0.000000
0.000000
0.000000
-0.000000
0.000000
0.000000
0.000000
0.000000
0.000000
0.000000
-0.000000
-0.000000
0.000000
0.000000
-0.000000
-0.000000
-0.000000
-0.000000
-0.000000
-0.000000
0.000000
0.000000
0.000000
0.000000
-0.000000
-0.000000
0.000000
0.949642
-0.188611
-0.069713
0.230011
0.002331
0.064335
0.010610
-0.000635
0.012027
0.020451
-0.001418
0.004307
-0.000639
-0.000012
-0.000001
0.000001
-0.000000
-0.000000
0.000000
-0.000000
-0.000000
-0.000000
-0.000000
0.000000
-0.000000
-0.000000
-0.000000
-0.000000
0.000000
-0.000000
-0.000000
0.000000
-0.000000
0.000000
0.000000
0.000000
-0.000000
-0.000000
-0.000000
-0.000000
0.000000
-0.000000
-0.000000
-0.000000
0.156567
0.972116
-0.126313
-0.026664
0.115219
0.004443
0.018828
-0.011643
0.004528
0.000706
-0.001902
0.001181
-0.000032
-0.000182
0.000002
-0.000000
0.000000
-0.000000
0.000000
-0.000000
0.000000
-0.000000
0.000000
0.000000
-0.000000
-0.000000
-0.000000
0.000000
-0.000000
0.000000
0.000000
-0.000000
-0.000000
0.000000
0.000000
0.000000
0.000000
0.000000
0.000000
-0.000000
0.000000
0.000000
0.000000
0.000000
0.015770
0.966111
-0.205480
-0.000432
-0.052275
-0.067177
0.127732
-0.023980
-0.002431
0.003408
0.000363
0.002186
-0.000375
-0.000263
0.000003
-0.000001
-0.000000
0.000000
0.000000
0.000000
-0.000000
0.000000
-0.000000
-0.000000
-0.000000
0.000000
-0.000000
0.000000
0.000000
-0.000000
0.000000
0.000000
-0.000000
0.000000
0.000000
-0.000000
-0.000000
-0.000000
0.000000
0.000000
0.000000
0.000000
-0.000000
-0.000000
0.011715
0.964983
-0.214634
-0.052564
0.132562
0.045775
0.003909
-0.010530
0.006354
0.000909
-0.001893
0.001268
0.000040
-0.000175
0.000002
-0.000000
-0.000000
0.000000
-0.000000
0.000000
0.000000
-0.000000
0.000000
0.000000
0.000000
0.000000
-0.000000
-0.000000
0.000000
-0.000000
-0.000000
-0.000000
0.000000
-0.000000
0.000000
0.000000
-0.000000
0.000000
-0.000000
-0.000000
0.000000
0.000000
0.000000
-0.000000
0.843393
0.169335
0.487225
0.068858
0.041801
-0.113425
0.040552
0.017941
-0.031722
-0.013451
0.009032
-0.006091
-0.000089
0.000000
0.000002
-0.000001
0.000000
0.000000
-0.000000
-0.000000
0.000000
-0.000000
-0.000000
0.000000
-0.000000
0.000000
0.000000
-0.000000
-0.000000
-0.000000
-0.000000
0.000000
-0.000000
-0.000000
0.000000
0.000000
0.000000
-0.000000
0.000000
-0.000000
-0.000000
-0.000000
-0.000000
0.000000
0.807211
0.349982
0.414609
0.118093
0.059903
-0.189679
-0.008021
-0.011090
0.014656
0.004086
-0.008948
0.003299
-0.000155
-0.000116
0.000005
-0.000001
0.000000
-0.000000
-0.000000
-0.000000
-0.000000
0.000000
0.000000
-0.000000
0.000000
0.000000
-0.000000
0.000000
-0.000000
-0.000000
-0.000000
0.000000
-0.000000
-0.000000
-0.000000
0.000000
0.000000
-0.000000
-0.000000
-0.000000
0.000000
0.000000
0.000000
0.000000
0.781795
0.020379
0.508726
0.164692
0.178304
-0.243190
-0.106421
-0.003666
0.008954
-0.003882
-0.009096
0.002096
-0.001025
-0.000243
-0.000001
0.000000
-0.000000
0.000000
0.000000
0.000000
0.000000
-0.000000
-0.000000
-0.000000
-0.000000
-0.000000
-0.000000
-0.000000
0.000000
0.000000
-0.000000
-0.000000
0.000000
0.000000
0.000000
-0.000000
-0.000000
-0.000000
0.000000
0.000000
-0.000000
0.000000
0.000000
0.000000
0.115183
0.949674
-0.151164
-0.069862
0.202075
0.120806
-0.040576
0.000477
-0.003252
-0.004601
0.002084
-0.003214
0.000172
-0.000023
0.000001
0.000001
0.000000
-0.000000
0.000000
-0.000000
-0.000000
0.000000
-0.000000
0.000000
-0.000000
0.000000
0.000000
0.000000
-0.000000
0.000000
-0.000000
-0.000000
0.000000
-0.000000
-0.000000
-0.000000
0.000000
-0.000000
-0.000000
-0.000000
0.000000
0.000000
0.000000
-0.000000
0.445015
0.882201
0.037317
0.040493
0.038397
-0.128572
0.050568
0.001486
0.005047
0.001037
-0.001811
0.007367
0.000289
0.001283
-0.000011
0.000001
0.000000
0.000000
-0.000000
0.000000
0.000000
-0.000000
-0.000000
0.000000
0.000000
0.000000
0.000000
-0.000000
-0.000000
0.000000
0.000000
-0.000000
-0.000000
-0.000000
-0.000000
-0.000000
-0.000000
-0.000000
0.000000
0.000000
0.000000
0.000000
0.000000
0.000000
0.925717
-0.311340
-0.212212
-0.018664
-0.008454
-0.020498
-0.001715
0.013683
-0.003960
-0.005862
-0.000413
-0.000609
-0.000233
-0.000036
-0.000002
-0.000000
-0.000000
-0.000000
0.000000
0.000000
0.000000
0.000000
0.000000
-0.000000
0.000000
-0.000000
0.000000
-0.000000
0.000000
-0.000000
-0.000000
-0.000000
-0.000000
-0.000000
-0.000000
-0.000000
0.000000
-0.000000
0.000000
-0.000000
0.000000
0.000000
-0.000000
-0.000000
0.966915
-0.090318
-0.236509
-0.015601
0.017763
-0.016492
0.002956
0.010619
-0.002377
-0.004768
-0.000879
-0.000167
-0.000256
-0.000077
-0.000002
-0.000000
0.000000
0.000000
-0.000000
-0.000000
0.000000
-0.000000
0.000000
-0.000000
-0.000000
-0.000000
-0.000000
0.000000
-0.000000
-0.000000
0.000000
-0.000000
-0.000000
0.000000
-0.000000
-0.000000
0.000000
-0.000000
-0.000000
-0.000000
0.000000
0.000000
-0.000000
-0.000000
0.547476
0.794136
0.064722
0.032153
-0.223474
0.104893
-0.038222
0.034498
-0.023622
-0.014402
-0.004769
-0.003465
0.000863
0.000116
0.000004
0.000001
-0.000000
0.000000
-0.000000
0.000000
-0.000000
-0.000000
0.000000
-0.000000
-0.000000
0.000000
0.000000
0.000000
-0.000000
-0.000000
-0.000000
-0.000000
0.000000
0.000000
-0.000000
-0.000000
0.000000
-0.000000
-0.000000
-0.000000
0.000000
0.000000
0.000000
0.000000
0.305980
0.807797
-0.089405
0.091980
-0.406747
-0.060361
-0.260798
0.016195
-0.003084
0.001497
0.000778
0.003088
-0.000048
-0.000112
-0.000002
-0.000000
0.000000
-0.000000
0.000000
-0.000000
0.000000
0.000000
-0.000000
0.000000
0.000000
0.000000
-0.000000
-0.000000
0.000000
0.000000
0.000000
0.000000
-0.000000
-0.000000
0.000000
0.000000
-0.000000
0.000000
0.000000
0.000000
-0.000000
-0.000000
-0.000000
-0.000000
0.865933
0.122850
0.434925
0.021999
0.000543
0.190176
0.064623
0.027235
-0.062004
-0.017339
0.012176
0.006735
0.000475
0.000052
0.000004
-0.000000
-0.000000
-0.000000
-0.000000
-0.000000
0.000000
0.000000
0.000000
-0.000000
0.000000
0.000000
-0.000000
-0.000000
0.000000
0.000000
0.000000
-0.000000
-0.000000
0.000000
0.000000
-0.000000
-0.000000
-0.000000
0.000000
-0.000000
0.000000
0.000000
0.000000
-0.000000
0.930822
0.034869
0.344567
-0.019234
-0.003064
0.107148
0.018165
0.002242
0.031958
0.016059
-0.012284
-0.001150
0.000897
-0.000114
-0.000002
0.000001
0.000000
-0.000000
0.000000
-0.000000
0.000000
0.000000
0.000000
0.000000
0.000000
0.000000
0.000000
-0.000000
0.000000
-0.000000
0.000000
-0.000000
0.000000
0.000000
0.000000
-0.000000
-0.000000
0.000000
-0.000000
0.000000
-0.000000
0.000000
-0.000000
0.000000
0.973257
-0.186829
-0.128834
-0.000636
-0.020582
0.006927
0.011257
-0.005873
0.023926
-0.002580
0.007327
0.000458
-0.000974
-0.000037
-0.000001
0.000000
-0.000000
-0.000000
-0.000000
-0.000000
-0.000000
-0.000000
0.000000
0.000000
0.000000
-0.000000
-0.000000
0.000000
0.000000
0.000000
0.000000
0.000000
0.000000
-0.000000
0.000000
-0.000000
0.000000
-0.000000
0.000000
0.000000
-0.000000
0.000000
-0.000000
0.000000
0.941431
-0.256503
-0.092542
-0.039649
-0.024788
0.032188
-0.028554
-0.176780
-0.056704
-0.016449
-0.023943
-0.000879
-0.000241
0.000114
0.000000
0.000001
-0.000000
-0.000000
0.000000
-0.000000
0.000000
-0.000000
0.000000
0.000000
0.000000
0.000000
0.000000
0.000000
0.000000
-0.000000
0.000000
0.000000
0.000000
0.000000
-0.000000
-0.000000
0.000000
0.000000
0.000000
-0.000000
-0.000000
0.000000
-0.000000
-0.000000
0.993584
0.037360
-0.019220
0.035126
-0.006098
0.040189
-0.053770
-0.062189
0.008538
0.025465
0.024426
-0.007867
-0.000147
0.000442
0.000006
-0.000001
0.000000
-0.000000
-0.000000
0.000000
0.000000
-0.000000
0.000000
-0.000000
-0.000000
0.000000
-0.000000
-0.000000
0.000000
0.000000
-0.000000
0.000000
0.000000
-0.000000
0.000000
0.000000
0.000000
-0.000000
0.000000
0.000000
-0.000000
0.000000
-0.000000
-0.000000
0.962997
-0.107053
0.025265
-0.240867
-0.035450
0.003945
0.020881
0.027069
-0.006310
-0.006122
-0.000408
-0.000245
0.001694
0.000232
0.000005
-0.000000
-0.000000
0.000000
0.000000
-0.000000
0.000000
0.000000
0.000000
0.000000
-0.000000
-0.000000
-0.000000
-0.000000
0.000000
0.000000
-0.000000
0.000000
0.000000
-0.000000
-0.000000
0.000000
-0.000000
0.000000
-0.000000
0.000000
-0.000000
-0.000000
0.000000
0.000000
0.991719
-0.107933
-0.038395
-0.007082
-0.027142
0.031722
-0.006781
-0.038035
0.008804
0.001262
0.001994
-0.001158
-0.000420
0.000050
0.000000
0.000000
-0.000000
0.000000
-0.000000
-0.000000
0.000000
0.000000
-0.000000
-0.000000
-0.000000
-0.000000
-0.000000
-0.000000
-0.000000
0.000000
-0.000000
-0.000000
-0.000000
-0.000000
0.000000
0.000000
-0.000000
0.000000
-0.000000
-0.000000
-0.000000
-0.000000
-0.000000
0.000000
0.972626
-0.156583
-0.127269
-0.082591
0.032733
-0.065600
-0.012969
0.027865
-0.011154
-0.004336
-0.000276
0.000314
0.000159
0.000039
0.000001
-0.000002
-0.000000
-0.000000
-0.000000
-0.000000
-0.000000
-0.000000
-0.000000
-0.000000
-0.000000
-0.000000
0.000000
-0.000000
-0.000000
0.000000
0.000000
-0.000000
0.000000
0.000000
-0.000000
0.000000
0.000000
0.000000
-0.000000
0.000000
0.000000
0.000000
-0.000000
-0.000000
0.975426
-0.094648
-0.198164
-0.013080
0.009070
-0.006951
0.000975
0.001087
-0.000196
-0.003594
-0.000323
-0.000359
-0.000289
-0.000051
-0.000001
-0.000000
-0.000000
-0.000000
0.000000
-0.000000
0.000000
-0.000000
-0.000000
0.000000
-0.000000
0.000000
-0.000000
0.000000
-0.000000
-0.000000
-0.000000
0.000000
0.000000
-0.000000
0.000000
-0.000000
0.000000
0.000000
-0.000000
0.000000
0.000000
-0.000000
0.000000
0.000000
0.970648
-0.131596
-0.200247
-0.019255
-0.000770
-0.005868
0.001693
-0.000926
-0.000299
-0.003890
-0.000205
-0.000859
-0.000271
-0.000045
-0.000002
-0.000000
0.000000
0.000000
0.000000
0.000000
-0.000000
-0.000000
-0.000000
-0.000000
0.000000
0.000000
-0.000000
-0.000000
0.000000
0.000000
0.000000
0.000000
-0.000000
0.000000
-0.000000
0.000000
0.000000
-0.000000
-0.000000
0.000000
0.000000
0.000000
0.000000
0.000000
0.902555
-0.283041
-0.267380
0.181228
-0.007733
0.009295
0.019315
0.014938
0.013697
-0.003579
0.000420
-0.000102
0.001846
-0.000204
-0.000006
0.000001
0.000000
-0.000000
0.000000
-0.000000
-0.000000
0.000000
-0.000000
0.000000
-0.000000
0.000000
-0.000000
0.000000
0.000000
-0.000000
0.000000
-0.000000
0.000000
-0.000000
0.000000
0.000000
0.000000
0.000000
0.000000
-0.000000
-0.000000
-0.000000
0.000000
0.000000
0.944939
-0.250911
-0.202453
0.036754
0.017664
-0.030056
0.000427
0.011865
-0.017628
-0.009088
-0.006479
0.000524
0.002093
-0.000056
-0.000002
-0.000001
0.000000
-0.000000
-0.000000
-0.000000
-0.000000
-0.000000
0.000000
-0.000000
-0.000000
0.000000
0.000000
0.000000
0.000000
0.000000
-0.000000
-0.000000
-0.000000
-0.000000
0.000000
0.000000
-0.000000
-0.000000
-0.000000
0.000000
-0.000000
0.000000
0.000000
-0.000000
0.375153
0.767820
-0.347545
0.225687
-0.213934
-0.138945
0.180772
-0.005980
-0.014036
0.001949
0.000724
-0.000188
-0.001139
-0.000290
0.000001
0.000000
0.000000
-0.000000
-0.000000
-0.000000
0.000000
-0.000000
-0.000000
-0.000000
0.000000
-0.000000
0.000000
-0.000000
-0.000000
0.000000
-0.000000
0.000000
0.000000
0.000000
-0.000000
0.000000
0.000000
-0.000000
0.000000
-0.000000
-0.000000
0.000000
0.000000
-0.000000
0.972546
-0.045644
-0.157919
-0.162778
-0.011171
-0.021346
0.000338
-0.005500
-0.000430
0.003438
-0.001189
0.002464
0.002429
-0.000001
0.000003
-0.000002
0.000000
-0.000000
-0.000000
0.000000
-0.000000
-0.000000
-0.000000
-0.000000
0.000000
-0.000000
0.000000
-0.000000
0.000000
-0.000000
0.000000
0.000000
0.000000
-0.000000
-0.000000
-0.000000
-0.000000
0.000000
0.000000
-0.000000
0.000000
-0.000000
0.000000
-0.000000
0.895186
-0.148512
-0.239579
-0.338462
0.042633
0.017118
-0.027563
0.035570
0.016748
-0.006719
-0.009753
0.007193
-0.004733
0.000064
0.000003
-0.000001
0.000000
-0.000000
-0.000000
0.000000
0.000000
0.000000
-0.000000
0.000000
-0.000000
0.000000
0.000000
0.000000
0.000000
0.000000
0.000000
-0.000000
-0.000000
0.000000
-0.000000
0.000000
-0.000000
0.000000
0.000000
-0.000000
-0.000000
-0.000000
0.000000
0.000000
0.982188
-0.110765
-0.053148
-0.138903
-0.016013
0.016426
0.015036
0.002715
-0.003506
0.008593
0.000104
0.008506
-0.000626
-0.000122
0.000002
-0.000000
-0.000000
0.000000
0.000000
-0.000000
-0.000000
-0.000000
0.000000
-0.000000
-0.000000
0.000000
0.000000
-0.000000
-0.000000
-0.000000
0.000000
-0.000000
0.000000
-0.000000
-0.000000
-0.000000
0.000000
-0.000000
-0.000000
0.000000
-0.000000
-0.000000
0.000000
-0.000000
0.025028
0.912158
-0.194357
-0.081198
0.288674
0.169533
-0.103711
0.007840
0.007222
-0.004790
-0.002511
-0.000325
0.000540
-0.000084
-0.000001
0.000000
0.000000
-0.000000
-0.000000
-0.000000
0.000000
-0.000000
0.000000
-0.000000
-0.000000
-0.000000
0.000000
-0.000000
-0.000000
0.000000
0.000000
0.000000
-0.000000
0.000000
0.000000
-0.000000
0.000000
0.000000
0.000000
0.000000
-0.000000
-0.000000
-0.000000
-0.000000
0.843513
0.420891
0.221924
0.143169
0.099804
-0.177062
-0.000800
-0.006367
-0.012435
0.000528
0.006604
-0.006144
0.000285
-0.000179
-0.000000
-0.000000
-0.000000
-0.000000
-0.000000
0.000000
-0.000000
-0.000000
0.000000
0.000000
-0.000000
-0.000000
0.000000
0.000000
0.000000
0.000000
0.000000
-0.000000
-0.000000
0.000000
-0.000000
0.000000
0.000000
0.000000
-0.000000
0.000000
0.000000
-0.000000
0.000000
-0.000000
0.955513
-0.186007
-0.226382
0.028635
0.011404
-0.002629
0.004628
0.011867
0.001477
-0.003814
-0.002689
0.001472
0.001461
-0.000111
-0.000003
-0.000000
0.000000
0.000000
-0.000000
0.000000
-0.000000
0.000000
0.000000
0.000000
-0.000000
0.000000
-0.000000
-0.000000
-0.000000
0.000000
-0.000000
-0.000000
0.000000
0.000000
0.000000
-0.000000
-0.000000
0.000000
0.000000
0.000000
0.000000
0.000000
0.000000
0.000000
0.958486
-0.227337
0.030497
0.087367
0.100859
-0.087893
-0.044678
0.030622
-0.014894
-0.001987
0.000981
-0.000945
0.000081
-0.000088
-0.000002
0.000000
-0.000000
0.000000
0.000000
0.000000
0.000000
0.000000
0.000000
-0.000000
0.000000
0.000000
0.000000
0.000000
-0.000000
0.000000
0.000000
0.000000
0.000000
-0.000000
0.000000
0.000000
0.000000
0.000000
-0.000000
-0.000000
-0.000000
-0.000000
-0.000000
-0.000000
0.980942
-0.119729
-0.099038
-0.110245
0.018088
-0.014841
-0.016273
0.024414
0.006180
-0.000372
0.002356
0.001322
0.001269
0.000137
0.000003
-0.000003
-0.000000
-0.000000
0.000000
-0.000000
0.000000
-0.000000
-0.000000
-0.000000
0.000000
0.000000
0.000000
0.000000
0.000000
0.000000
-0.000000
-0.000000
-0.000000
0.000000
-0.000000
-0.000000
0.000000
-0.000000
0.000000
-0.000000
-0.000000
-0.000000
-0.000000
0.000000
0.961478
0.080105
-0.256930
0.033681
0.040473
-0.009374
-0.002546
-0.002183
0.010604
0.002187
0.010384
-0.005777
-0.000488
-0.000176
-0.000005
0.000001
-0.000000
0.000000
-0.000000
-0.000000
0.000000
-0.000000
0.000000
-0.000000
-0.000000
0.000000
-0.000000
-0.000000
-0.000000
0.000000
-0.000000
0.000000
-0.000000
-0.000000
-0.000000
-0.000000
-0.000000
0.000000
0.000000
-0.000000
-0.000000
0.000000
0.000000
0.000000
0.863777
0.136001
0.425370
0.046317
-0.049408
0.216547
0.016018
0.010748
-0.049536
-0.004062
0.011259
-0.000838
-0.002275
-0.000194
-0.000010
-0.000001
0.000000
0.000000
0.000000
0.000000
-0.000000
-0.000000
0.000000
-0.000000
0.000000
0.000000
-0.000000
-0.000000
0.000000
-0.000000
-0.000000
0.000000
0.000000
-0.000000
-0.000000
-0.000000
-0.000000
0.000000
-0.000000
0.000000
-0.000000
0.000000
-0.000000
-0.000000
0.937120
0.059747
0.323355
0.042911
-0.005959
0.095347
0.004990
-0.042277
0.014450
0.019707
0.009170
0.014654
0.001481
-0.000326
0.000000
0.000002
-0.000000
0.000000
-0.000000
0.000000
0.000000
0.000000
-0.000000
0.000000
-0.000000
-0.000000
0.000000
0.000000
-0.000000
0.000000
-0.000000
0.000000
-0.000000
0.000000
-0.000000
0.000000
0.000000
0.000000
0.000000
-0.000000
0.000000
0.000000
0.000000
-0.000000
0.993336
-0.107023
0.012400
-0.013396
-0.013359
0.028515
-0.014409
-0.008254
-0.000073
0.009247
0.011254
-0.003917
-0.001409
0.000323
0.000005
-0.000001
0.000000
0.000000
0.000000
0.000000
-0.000000
0.000000
-0.000000
-0.000000
0.000000
-0.000000
0.000000
0.000000
-0.000000
-0.000000
-0.000000
0.000000
-0.000000
0.000000
0.000000
-0.000000
-0.000000
0.000000
-0.000000
0.000000
-0.000000
0.000000
0.000000
0.000000
0.939093
0.195631
0.222881
-0.093234
-0.053337
0.103509
0.046369
0.054517
-0.019680
0.030186
-0.037411
-0.009201
-0.000158
0.000066
-0.000001
-0.000000
-0.000000
0.000000
-0.000000
0.000000
-0.000000
0.000000
-0.000000
0.000000
0.000000
-0.000000
-0.000000
0.000000
0.000000
0.000000
0.000000
-0.000000
-0.000000
-0.000000
0.000000
0.000000
0.000000
0.000000
0.000000
-0.000000
0.000000
-0.000000
0.000000
-0.000000
0.984616
0.041144
-0.165615
0.022185
0.025224
0.006417
-0.004027
-0.004258
0.007741
0.004957
0.009949
-0.004643
-0.000626
-0.000070
-0.000003
0.000001
-0.000000
0.000000
-0.000000
-0.000000
-0.000000
0.000000
0.000000
0.000000
0.000000
-0.000000
0.000000
0.000000
0.000000
-0.000000
0.000000
0.000000
0.000000
0.000000
-0.000000
0.000000
-0.000000
-0.000000
0.000000
0.000000
0.000000
-0.000000
0.000000
0.000000
0.954869
-0.199840
-0.071787
-0.176660
-0.006016
-0.100218
0.010308
0.040742
-0.007562
-0.004796
0.000835
0.000548
-0.000179
0.000135
0.000007
0.000007
0.000000
-0.000000
0.000000
-0.000000
-0.000000
-0.000000
0.000000
-0.000000
0.000000
0.000000
-0.000000
-0.000000
0.000000
-0.000000
-0.000000
-0.000000
0.000000
0.000000
-0.000000
-0.000000
-0.000000
0.000000
0.000000
0.000000
-0.000000
-0.000000
-0.000000
-0.000000
0.975820
-0.088866
-0.197336
0.023445
0.018174
0.000115
0.000213
0.005467
0.004120
0.000003
0.002855
-0.001171
0.000556
-0.000089
-0.000003
0.000000
-0.000000
-0.000000
0.000000
0.000000
0.000000
-0.000000
-0.000000
0.000000
0.000000
0.000000
-0.000000
0.000000
-0.000000
0.000000
0.000000
-0.000000
0.000000
-0.000000
-0.000000
0.000000
-0.000000
-0.000000
-0.000000
0.000000
-0.000000
-0.000000
-0.000000
0.000000
