0.000023
0.360468
0.107436
0.500069
0.001748
0.009251
0.000791
0.019479
0.000138
0.000499
0.000052
0.000047
0.000000
0.000000
0.000000
0.000000
0.000000
0.000000
0.000000
0.000000
0.000000
0.000000
0.000000
0.000000
0.000000
0.000000
0.000000
0.000000
0.000000
0.000000
0.000000
0.000000
0.000000
0.000000
0.000000
0.000000
0.000000
0.000000
0.000000
0.000000
0.000000
0.000000
0.000000
0.000000
0.199168
0.299567
0.100556
0.376345
0.003811
0.000107
0.000122
0.019646
0.000145
0.000436
0.000056
0.000041
0.000000
0.000000
0.000000
0.000000
0.000000
0.000000
0.000000
0.000000
0.000000
0.000000
0.000000
0.000000
0.000000
0.000000
0.000000
0.000000
0.000000
0.000000
0.000000
0.000000
0.000000
0.000000
0.000000
0.000000
0.000000
0.000000
0.000000
0.000000
0.000000
0.000000
0.000000
0.000000
0.199168
0.299567
0.100556
0.376345
0.003811
0.000107
0.000122
0.019646
0.000145
0.000436
0.000056
0.000041
0.000000
0.000000
0.000000
0.000000
0.000000
0.000000
0.000000
0.000000
0.000000
0.000000
0.000000
0.000000
0.000000
0.000000
0.000000
0.000000
0.000000
0.000000
0.000000
0.000000
0.000000
0.000000
0.000000
0.000000
0.000000
0.000000
0.000000
0.000000
0.000000
0.000000
0.000000
0.000000
0.000023
0.360468
0.107436
0.500069
0.001748
0.009251
0.000791
0.019479
0.000138
0.000499
0.000052
0.000047
0.000000
0.000000
0.000000
0.000000
0.000000
0.000000
0.000000
0.000000
0.000000
0.000000
0.000000
0.000000
0.000000
0.000000
0.000000
0.000000
0.000000
0.000000
0.000000
0.000000
0.000000
0.000000
0.000000
0.000000
0.000000
0.000000
0.000000
0.000000
0.000000
0.000000
0.000000
0.000000
0.863373
0.066796
0.046895
0.015832
0.000111
0.000305
0.001009
0.003821
0.001566
0.000142
0.000015
0.000104
0.000032
0.000000
0.000000
0.000000
0.000000
0.000000
0.000000
0.000000
0.000000
0.000000
0.000000
0.000000
0.000000
0.000000
0.000000
0.000000
0.000000
0.000000
0.000000
0.000000
0.000000
0.000000
0.000000
0.000000
0.000000
0.000000
0.000000
0.000000
0.000000
0.000000
0.000000
0.000000
0.869912
0.062949
0.046286
0.015672
0.000085
0.000396
0.000893
0.002112
0.001356
0.000204
0.000013
0.000105
0.000016
0.000000
0.000000
0.000000
0.000000
0.000000
0.000000
0.000000
0.000000
0.000000
0.000000
0.000000
0.000000
0.000000
0.000000
0.000000
0.000000
0.000000
0.000000
0.000000
0.000000
0.000000
0.000000
0.000000
0.000000
0.000000
0.000000
0.000000
0.000000
0.000000
0.000000
0.000000
0.880622
0.058798
0.039967
0.016726
0.000164
0.000303
0.000535
0.000452
0.001107
0.000622
0.000597
0.000104
0.000002
0.000000
0.000000
0.000000
0.000000
0.000000
0.000000
0.000000
0.000000
0.000000
0.000000
0.000000
0.000000
0.000000
0.000000
0.000000
0.000000
0.000000
0.000000
0.000000
0.000000
0.000000
0.000000
0.000000
0.000000
0.000000
0.000000
0.000000
0.000000
0.000000
0.000000
0.000000
0.881958
0.054106
0.046032
0.015097
0.000104
0.000157
0.000404
0.000506
0.000111
0.000137
0.001323
0.000064
0.000002
0.000000
0.000000
0.000000
0.000000
0.000000
0.000000
0.000000
0.000000
0.000000
0.000000
0.000000
0.000000
0.000000
0.000000
0.000000
0.000000
0.000000
0.000000
0.000000
0.000000
0.000000
0.000000
0.000000
0.000000
0.000000
0.000000
0.000000
0.000000
0.000000
0.000000
0.000000
0.890509
0.050736
0.040169
0.015934
0.000181
0.000105
0.000197
0.001741
0.000063
0.000001
0.000221
0.000141
0.000001
0.000001
0.000000
0.000000
0.000000
0.000000
0.000000
0.000000
0.000000
0.000000
0.000000
0.000000
0.000000
0.000000
0.000000
0.000000
0.000000
0.000000
0.000000
0.000000
0.000000
0.000000
0.000000
0.000000
0.000000
0.000000
0.000000
0.000000
0.000000
0.000000
0.000000
0.000000
0.011040
0.934128
0.010661
0.002387
0.028391
0.000000
0.013342
0.000049
0.000003
0.000000
0.000000
0.000000
0.000000
0.000000
0.000000
0.000000
0.000000
0.000000
0.000000
0.000000
0.000000
0.000000
0.000000
0.000000
0.000000
0.000000
0.000000
0.000000
0.000000
0.000000
0.000000
0.000000
0.000000
0.000000
0.000000
0.000000
0.000000
0.000000
0.000000
0.000000
0.000000
0.000000
0.000000
0.000000
0.002130
0.939620
0.023654
0.000180
0.016945
0.000356
0.016708
0.000375
0.000013
0.000000
0.000011
0.000008
0.000000
0.000000
0.000000
0.000000
0.000000
0.000000
0.000000
0.000000
0.000000
0.000000
0.000000
0.000000
0.000000
0.000000
0.000000
0.000000
0.000000
0.000000
0.000000
0.000000
0.000000
0.000000
0.000000
0.000000
0.000000
0.000000
0.000000
0.000000
0.000000
0.000000
0.000000
0.000000
0.273335
0.489317
0.010424
0.039651
0.160698
0.024444
0.001862
0.000229
0.000003
0.000000
0.000022
0.000015
0.000000
0.000000
0.000000
0.000000
0.000000
0.000000
0.000000
0.000000
0.000000
0.000000
0.000000
0.000000
0.000000
0.000000
0.000000
0.000000
0.000000
0.000000
0.000000
0.000000
0.000000
0.000000
0.000000
0.000000
0.000000
0.000000
0.000000
0.000000
0.000000
0.000000
0.000000
0.000000
0.460782
0.272489
0.017134
0.004723
0.102047
0.067123
0.075558
0.000009
0.000051
0.000001
0.000055
0.000029
0.000000
0.000000
0.000000
0.000000
0.000000
0.000000
0.000000
0.000000
0.000000
0.000000
0.000000
0.000000
0.000000
0.000000
0.000000
0.000000
0.000000
0.000000
0.000000
0.000000
0.000000
0.000000
0.000000
0.000000
0.000000
0.000000
0.000000
0.000000
0.000000
0.000000
0.000000
0.000000
0.931470
0.001333
0.060770
0.001964
0.001819
0.002528
0.000112
0.000004
0.000000
0.000000
0.000000
0.000000
0.000000
0.000000
0.000000
0.000000
0.000000
0.000000
0.000000
0.000000
0.000000
0.000000
0.000000
0.000000
0.000000
0.000000
0.000000
0.000000
0.000000
0.000000
0.000000
0.000000
0.000000
0.000000
0.000000
0.000000
0.000000
0.000000
0.000000
0.000000
0.000000
0.000000
0.000000
0.000000
0.934769
0.010317
0.000007
0.007733
0.007880
0.037404
0.001760
0.000037
0.000087
0.000004
0.000000
0.000000
0.000000
0.000000
0.000000
0.000000
0.000000
0.000000
0.000000
0.000000
0.000000
0.000000
0.000000
0.000000
0.000000
0.000000
0.000000
0.000000
0.000000
0.000000
0.000000
0.000000
0.000000
0.000000
0.000000
0.000000
0.000000
0.000000
0.000000
0.000000
0.000000
0.000000
0.000000
0.000000
0.861075
0.052431
0.060859
0.018764
0.000873
0.000827
0.000009
0.001977
0.000071
0.002214
0.000891
0.000008
0.000000
0.000000
0.000000
0.000000
0.000000
0.000000
0.000000
0.000000
0.000000
0.000000
0.000000
0.000000
0.000000
0.000000
0.000000
0.000000
0.000000
0.000000
0.000000
0.000000
0.000000
0.000000
0.000000
0.000000
0.000000
0.000000
0.000000
0.000000
0.000000
0.000000
0.000000
0.000000
0.717135
0.101438
0.134672
0.036622
0.000121
0.007056
0.000258
0.000480
0.002192
0.000004
0.000013
0.000008
0.000000
0.000000
0.000000
0.000000
0.000000
0.000000
0.000000
0.000000
0.000000
0.000000
0.000000
0.000000
0.000000
0.000000
0.000000
0.000000
0.000000
0.000000
0.000000
0.000000
0.000000
0.000000
0.000000
0.000000
0.000000
0.000000
0.000000
0.000000
0.000000
0.000000
0.000000
0.000000
0.605370
0.130726
0.194359
0.049960
0.000300
0.017027
0.000353
0.000415
0.001449
0.000020
0.000011
0.000010
0.000000
0.000000
0.000000
0.000000
0.000000
0.000000
0.000000
0.000000
0.000000
0.000000
0.000000
0.000000
0.000000
0.000000
0.000000
0.000000
0.000000
0.000000
0.000000
0.000000
0.000000
0.000000
0.000000
0.000000
0.000000
0.000000
0.000000
0.000000
0.000000
0.000000
0.000000
0.000000
0.804785
0.059260
0.094584
0.015859
0.004058
0.002624
0.000215
0.000430
0.018030
0.000112
0.000029
0.000014
0.000000
0.000000
0.000000
0.000000
0.000000
0.000000
0.000000
0.000000
0.000000
0.000000
0.000000
0.000000
0.000000
0.000000
0.000000
0.000000
0.000000
0.000000
0.000000
0.000000
0.000000
0.000000
0.000000
0.000000
0.000000
0.000000
0.000000
0.000000
0.000000
0.000000
0.000000
0.000000
0.000333
0.000282
0.000701
0.000087
0.000184
0.000278
0.000006
0.001201
0.000092
0.000042
0.000230
0.000031
0.000068
0.000015
0.000182
0.000368
0.008233
0.000270
0.008056
0.010858
0.004418
0.000036
0.002106
0.006125
0.015573
0.076945
0.015263
0.059985
0.138597
0.010487
0.017598
0.003458
0.000070
0.048342
0.001052
0.000000
0.000000
0.000000
0.000000
0.000000
0.000000
0.000000
0.000000
0.000028
0.000333
0.000282
0.000701
0.000087
0.000184
0.000278
0.000006
0.001201
0.000092
0.000042
0.000230
0.000031
0.000068
0.000015
0.000182
0.000368
0.008233
0.000270
0.008056
0.011374
0.003405
0.000071
0.000734
0.000560
0.000012
0.008083
0.002725
0.000014
0.000149
0.000497
0.000001
0.002177
0.000267
0.000366
0.000005
0.003820
0.001823
0.005695
0.026020
0.080376
0.111783
0.127259
0.023699
0.000028
0.000333
0.000282
0.000701
0.000087
0.000184
0.000278
0.000006
0.001201
0.000092
0.000042
0.000230
0.000031
0.000068
0.000015
0.000182
0.000368
0.008233
0.000270
0.008056
0.011374
0.003405
0.000071
0.000734
0.000560
0.000012
0.008083
0.002725
0.000014
0.000149
0.000497
0.000001
0.002177
0.000267
0.000366
0.000005
0.348564
0.004595
0.000961
0.000112
0.004446
0.008374
0.000310
0.013113
0.000028
0.000333
0.000282
0.000701
0.000087
0.000184
0.000278
0.000006
0.001201
0.000092
0.000042
0.000230
0.000031
0.000068
0.000015
0.000182
0.000368
0.008233
0.000270
0.008056
0.011374
0.003405
0.000071
0.000734
0.000560
0.000012
0.008083
0.002725
0.000014
0.000149
0.000497
0.000001
0.002177
0.000267
0.000366
0.000005
0.002151
0.010890
0.225359
0.009207
0.055908
0.021055
0.055516
0.000390
0.000028
0.000333
0.000282
0.000701
0.000087
0.000184
0.000278
0.000006
0.001201
0.000092
0.000042
0.000230
0.000031
0.000068
0.000015
0.000182
0.000368
0.008233
0.000270
0.008056
0.011374
0.003405
0.000071
0.000734
0.000560
0.000012
0.008083
0.002725
0.000014
0.000149
0.000497
0.000001
0.002177
0.000267
0.000366
0.000005
0.008933
0.083482
0.007088
0.000314
0.079869
0.000584
0.059432
0.140773
0.000028
0.000333
0.000282
0.000701
0.000087
0.000184
0.000278
0.000006
0.001201
0.000092
0.000042
0.000230
0.000031
0.000068
0.000015
0.000182
0.000368
0.008233
0.000270
0.008056
0.011374
0.003405
0.000071
0.000734
0.000560
0.000012
0.008083
0.002725
0.000014
0.000149
0.000497
0.000001
0.002177
0.000267
0.000366
0.000005
0.023377
0.034983
0.000726
0.258809
0.017787
0.029236
0.005700
0.009857
0.000028
0.000333
0.000282
0.000701
0.000087
0.000184
0.000278
0.000006
0.001201
0.000092
0.000042
0.000230
0.000031
0.000068
0.000015
0.000182
0.000368
0.008233
0.000270
0.008056
0.011374
0.003405
0.000071
0.000734
0.000560
0.000012
0.008083
0.002725
0.000014
0.000149
0.000497
0.000001
0.002177
0.000267
0.000366
0.000005
0.018778
0.231232
0.002752
0.064629
0.006159
0.031739
0.003255
0.021932
0.000028
0.000333
0.000282
0.000701
0.000087
0.000184
0.000278
0.000006
0.001201
0.000092
0.000042
0.000230
0.000031
0.000068
0.000015
0.000182
0.000368
0.008233
0.000270
0.008056
0.011374
0.003405
0.000071
0.000734
0.000560
0.000012
0.008083
0.002725
0.000014
0.000149
0.000497
0.000001
0.002177
0.000267
0.000366
0.000005
0.009325
0.058303
0.178714
0.011926
0.091538
0.021103
0.006709
0.002858
0.000028
0.000333
0.000282
0.000701
0.000087
0.000184
0.000278
0.000006
0.001201
0.000092
0.000042
0.000230
0.000031
0.000068
0.000015
0.000182
0.000368
0.008233
0.000270
0.008056
0.011374
0.003405
0.000071
0.000734
0.000560
0.000012
0.008083
0.002725
0.000014
0.000149
0.000497
0.000001
0.002177
0.000267
0.000366
0.000005
0.006640
0.000041
0.005978
0.011684
0.026221
0.054773
0.169467
0.105670
0.000028
0.000333
0.000282
0.000701
0.000087
0.000184
0.000278
0.000006
0.001201
0.000092
0.000042
0.000230
0.000031
0.000068
0.000015
0.000182
0.000368
0.008233
0.000270
0.008056
0.011374
0.003405
0.000071
0.000734
0.000560
0.000012
0.008083
0.002725
0.000014
0.000149
0.000497
0.000001
0.002177
0.000267
0.000366
0.000005
0.006447
0.002685
0.000762
0.045333
0.065730
0.149390
0.000386
0.109743
0.000028
0.000333
0.000282
0.000701
0.000087
0.000184
0.000278
0.000006
0.001201
0.000092
0.000042
0.000230
0.000031
0.000068
0.000015
0.000182
0.000368
0.008233
0.000270
0.008056
0.003914
0.000613
0.003264
0.032703
0.043879
0.034721
0.000030
0.047602
0.089878
0.037366
0.008916
0.080062
0.017621
0.009205
0.000094
0.001047
0.000000
0.000000
0.000000
0.000000
0.000000
0.000000
0.000000
0.000000
0.000028
0.000333
0.000282
0.000701
0.000087
0.000184
0.000278
0.000006
0.001201
0.000092
0.000042
0.000230
0.000031
0.000068
0.000015
0.000182
0.000368
0.008233
0.000270
0.008056
0.005581
0.000201
0.007327
0.022771
0.006104
0.013307
0.015978
0.023955
0.001082
0.017370
0.119068
0.015247
0.050856
0.023247
0.085870
0.002951
0.000000
0.000000
0.000000
0.000000
0.000000
0.000000
0.000000
0.000000
0.000028
0.000333
0.000282
0.000701
0.000087
0.000184
0.000278
0.000006
0.001201
0.000092
0.000042
0.000230
0.000031
0.000068
0.000015
0.000182
0.000368
0.008233
0.000270
0.008056
0.001237
0.001168
0.000494
0.004950
0.000003
0.111324
0.006102
0.023190
0.003004
0.044559
0.001835
0.022665
0.002882
0.018174
0.168387
0.000941
0.000000
0.000000
0.000000
0.000000
0.000000
0.000000
0.000000
0.000000
0.000028
0.000333
0.000282
0.000701
0.000087
0.000184
0.000278
0.000006
0.001201
0.000092
0.000042
0.000230
0.000031
0.000068
0.000015
0.000182
0.000368
0.008233
0.000270
0.008056
0.004164
0.108336
0.056879
0.006267
0.185759
0.000357
0.006005
0.003028
0.002703
0.013030
0.001486
0.016639
0.001653
0.000021
0.004302
0.000283
0.000000
0.000000
0.000000
0.000000
0.000000
0.000000
0.000000
0.000000
0.000028
0.000333
0.000282
0.000701
0.000087
0.000184
0.000278
0.000006
0.001201
0.000092
0.000042
0.000230
0.000031
0.000068
0.000015
0.000182
0.000368
0.008233
0.000270
0.008056
0.006140
0.010910
0.027022
0.003560
0.001292
0.009247
0.025873
0.135905
0.003191
0.011820
0.082211
0.069982
0.017441
0.006059
0.000020
0.000240
0.000000
0.000000
0.000000
0.000000
0.000000
0.000000
0.000000
0.000000
0.000028
0.000333
0.000282
0.000701
0.000087
0.000184
0.000278
0.000006
0.001201
0.000092
0.000042
0.000230
0.000031
0.000068
0.000015
0.000182
0.000368
0.008233
0.000270
0.008056
0.000073
0.045726
0.004193
0.051853
0.040560
0.008183
0.009749
0.005552
0.011301
0.002107
0.004061
0.027497
0.000434
0.008674
0.006775
0.184176
0.000000
0.000000
0.000000
0.000000
0.000000
0.000000
0.000000
0.000000
0.000028
0.000333
0.000282
0.000701
0.000087
0.000184
0.000278
0.000006
0.001201
0.000092
0.000042
0.000230
0.000031
0.000068
0.000015
0.000182
0.000368
0.008233
0.000270
0.008056
0.000072
0.050854
0.007399
0.038473
0.061612
0.002095
0.003986
0.022030
0.000153
0.003796
0.006426
0.001582
0.037477
0.000875
0.000262
0.173823
0.000000
0.000000
0.000000
0.000000
0.000000
0.000000
0.000000
0.000000
0.000028
0.000333
0.000282
0.000701
0.000087
0.000184
0.000278
0.000006
0.001201
0.000092
0.000042
0.000230
0.000031
0.000068
0.000015
0.000182
0.000368
0.008233
0.000270
0.008056
0.001463
0.004498
0.158308
0.053910
0.003489
0.023857
0.026735
0.004057
0.004158
0.012402
0.060656
0.046974
0.000859
0.007589
0.001622
0.000338
0.000000
0.000000
0.000000
0.000000
0.000000
0.000000
0.000000
0.000000
0.000028
0.000333
0.000282
0.000701
0.000087
0.000184
0.000278
0.000006
0.001201
0.000092
0.000042
0.000230
0.000031
0.000068
0.000015
0.000182
0.000368
0.008233
0.000270
0.008056
0.045211
0.006304
0.054097
0.001756
0.025587
0.000998
0.018500
0.000002
0.006862
0.004572
0.022228
0.014518
0.161622
0.041196
0.003197
0.004263
0.000000
0.000000
0.000000
0.000000
0.000000
0.000000
0.000000
0.000000
0.000028
0.000333
0.000282
0.000701
0.000087
0.000184
0.000278
0.000006
0.001201
0.000092
0.000042
0.000230
0.000031
0.000068
0.000015
0.000182
0.000368
0.008233
0.000270
0.008056
0.042874
0.022236
0.007877
0.060012
0.007150
0.014644
0.000001
0.001711
0.034126
0.011604
0.005320
0.000618
0.058475
0.128551
0.012810
0.002904
0.000000
0.000000
0.000000
0.000000
0.000000
0.000000
0.000000
0.000000
0.000028
0.000333
0.000282
0.000701
0.000087
0.000184
0.000278
0.000006
0.001201
0.000092
0.000042
0.000230
0.000031
0.000068
0.000015
0.000182
0.000368
0.008233
0.000270
0.008056
0.063999
0.006087
0.020549
0.008464
0.007174
0.028861
0.013772
0.009191
0.050683
0.061223
0.033640
0.014962
0.036386
0.022941
0.005191
0.027789
0.000000
0.000000
0.000000
0.000000
0.000000
0.000000
0.000000
0.000000
0.000028
0.000333
0.000282
0.000701
0.000087
0.000184
0.000278
0.000006
0.001201
0.000092
0.000042
0.000230
0.000031
0.000068
0.000015
0.000182
0.000368
0.008233
0.000270
0.008056
0.056539
0.014734
0.005677
0.027649
0.006391
0.001007
0.003803
0.028224
0.017096
0.010825
0.022163
0.040749
0.000338
0.145618
0.002210
0.027891
0.000000
0.000000
0.000000
0.000000
0.000000
0.000000
0.000000
0.000000
0.000028
0.000333
0.000282
0.000701
0.000087
0.000184
0.000278
0.000006
0.001201
0.000092
0.000042
0.000230
0.000031
0.000068
0.000015
0.000182
0.000368
0.008233
0.000270
0.008056
0.014037
0.028442
0.018951
0.000140
0.011295
0.000048
0.115383
0.048304
0.119932
0.015961
0.014575
0.020437
0.000137
0.003039
0.000220
0.000013
0.000000
0.000000
0.000000
0.000000
0.000000
0.000000
0.000000
0.000000
0.000028
0.000333
0.000282
0.000701
0.000087
0.000184
0.000278
0.000006
0.001201
0.000092
0.000042
0.000230
0.000031
0.000068
0.000015
0.000182
0.000368
0.008233
0.000270
0.008056
0.040249
0.031576
0.048582
0.033621
0.004754
0.117893
0.024448
0.023327
0.000955
0.016189
0.022713
0.000863
0.002407
0.009781
0.033352
0.000203
0.000000
0.000000
0.000000
0.000000
0.000000
0.000000
0.000000
0.000000
0.000028
0.000333
0.000282
0.000701
0.000087
0.000184
0.000278
0.000006
0.001201
0.000092
0.000042
0.000230
0.000031
0.000068
0.000015
0.000182
0.000368
0.008233
0.000270
0.008056
0.029263
0.061287
0.006746
0.073194
0.011822
0.045813
0.007983
0.012173
0.022806
0.025275
0.007776
0.037633
0.016397
0.000589
0.052087
0.000071
0.000000
0.000000
0.000000
0.000000
0.000000
0.000000
0.000000
0.000000
0.000028
