0.775939
-0.528237
0.220081
0.125899
-0.155014
-0.019365
0.164756
-0.010414
0.034841
-0.022920
-0.001072
-0.026615
0.002851
-0.013493
0.002774
0.009739
-0.013393
0.004393
0.000694
0.000000
-0.000000
0.000000
-0.000000
0.000000
0.000000
0.000000
-0.000000
0.000000
-0.000000
0.000000
0.000000
0.000000
0.000000
0.000000
0.000000
0.000000
-0.000000
0.000000
-0.000000
0.000000
0.000000
0.000000
-0.000000
-0.000000
-0.030442
-0.240939
0.822840
-0.502205
0.023512
0.020106
-0.099270
0.025851
-0.008942
-0.010053
0.004274
0.005681
-0.000283
-0.005327
0.001256
-0.001881
-0.000828
-0.000274
-0.000169
0.000000
-0.000000
0.000000
0.000000
0.000000
-0.000000
0.000000
0.000000
0.000000
-0.000000
0.000000
-0.000000
-0.000000
-0.000000
0.000000
0.000000
0.000000
-0.000000
0.000000
0.000000
0.000000
-0.000000
0.000000
-0.000000
0.000000
0.978652
0.068101
-0.018035
-0.104134
-0.105637
-0.011663
0.066305
-0.080861
0.056748
-0.002155
0.019110
-0.011129
-0.017511
-0.003205
-0.010987
0.002897
-0.004786
-0.004374
0.001439
0.000000
0.000000
0.000000
-0.000000
0.000000
-0.000000
-0.000000
-0.000000
0.000000
-0.000000
-0.000000
-0.000000
-0.000000
0.000000
-0.000000
0.000000
0.000000
0.000000
0.000000
-0.000000
0.000000
0.000000
-0.000000
-0.000000
0.000000
0.892582
0.446878
0.021830
-0.008202
0.035433
-0.004732
-0.031543
0.015235
0.014751
0.011635
0.004420
-0.008649
0.000987
-0.005264
-0.008317
0.000708
0.001489
-0.000593
0.000405
-0.000000
0.000000
-0.000000
-0.000000
-0.000000
0.000000
-0.000000
0.000000
-0.000000
-0.000000
0.000000
-0.000000
0.000000
0.000000
0.000000
-0.000000
-0.000000
0.000000
0.000000
0.000000
0.000000
0.000000
-0.000000
0.000000
-0.000000
0.986393
0.071129
0.054489
0.082750
0.066299
0.015345
-0.070866
0.029537
0.006423
-0.000085
0.017035
0.025928
-0.009441
0.002968
-0.002826
0.016057
0.015142
0.005526
0.000164
-0.000000
-0.000000
-0.000000
-0.000000
-0.000000
0.000000
0.000000
-0.000000
0.000000
-0.000000
0.000000
-0.000000
-0.000000
0.000000
-0.000000
0.000000
0.000000
-0.000000
0.000000
-0.000000
0.000000
-0.000000
0.000000
-0.000000
-0.000000
0.974409
0.198364
0.023437
0.046972
0.052359
0.017045
-0.039893
0.049199
0.028108
0.017654
0.001696
-0.007406
-0.003762
-0.004667
-0.003520
0.003855
0.004336
-0.011725
-0.000936
-0.000000
0.000000
-0.000000
-0.000000
0.000000
-0.000000
0.000000
-0.000000
0.000000
0.000000
0.000000
-0.000000
0.000000
0.000000
-0.000000
0.000000
0.000000
-0.000000
-0.000000
0.000000
-0.000000
0.000000
-0.000000
-0.000000
-0.000000
0.837470
0.542895
0.010627
-0.032563
0.031010
-0.003748
-0.034802
0.008626
0.008573
0.011390
0.004818
-0.010661
0.000760
-0.006042
-0.009598
-0.000244
-0.000544
0.002241
0.000907
0.000000
-0.000000
-0.000000
0.000000
0.000000
0.000000
0.000000
0.000000
0.000000
-0.000000
-0.000000
0.000000
-0.000000
0.000000
-0.000000
-0.000000
0.000000
0.000000
-0.000000
-0.000000
-0.000000
0.000000
-0.000000
0.000000
-0.000000
0.978928
0.009168
0.139511
0.088047
0.047022
-0.081595
0.053983
0.018303
0.036308
0.014585
0.012266
-0.005118
0.014844
-0.000785
-0.004146
-0.000340
0.017631
-0.005032
0.000037
-0.000000
-0.000000
0.000000
0.000000
0.000000
0.000000
-0.000000
-0.000000
-0.000000
0.000000
-0.000000
0.000000
-0.000000
-0.000000
-0.000000
0.000000
-0.000000
0.000000
0.000000
0.000000
0.000000
-0.000000
-0.000000
0.000000
-0.000000
0.664769
-0.303067
0.434114
0.508803
-0.068029
-0.109085
-0.026519
-0.004733
-0.020206
0.008147
0.021796
0.015843
0.007796
0.015027
-0.002904
-0.007119
-0.009018
-0.003917
0.000698
0.000000
0.000000
-0.000000
0.000000
-0.000000
0.000000
0.000000
0.000000
-0.000000
-0.000000
0.000000
0.000000
-0.000000
0.000000
-0.000000
-0.000000
0.000000
0.000000
0.000000
0.000000
-0.000000
-0.000000
0.000000
0.000000
0.000000
0.832247
0.547254
-0.019567
-0.027419
-0.017050
0.009026
-0.052686
-0.047141
0.018236
-0.020153
-0.014293
0.005823
0.003051
-0.002111
-0.014900
-0.002194
-0.011434
0.004402
-0.002219
0.000000
0.000000
0.000000
-0.000000
0.000000
0.000000
-0.000000
-0.000000
0.000000
0.000000
0.000000
0.000000
0.000000
-0.000000
0.000000
-0.000000
0.000000
0.000000
0.000000
-0.000000
0.000000
-0.000000
0.000000
0.000000
0.000000
0.875735
0.441035
-0.079417
0.016059
-0.043054
0.062486
-0.093243
0.016231
0.113666
-0.021822
-0.002149
0.020286
0.054927
-0.007228
0.019422
0.003847
-0.004494
-0.001163
-0.000428
0.000000
0.000000
0.000000
-0.000000
-0.000000
-0.000000
0.000000
0.000000
0.000000
-0.000000
-0.000000
0.000000
-0.000000
0.000000
-0.000000
-0.000000
0.000000
0.000000
0.000000
0.000000
0.000000
0.000000
0.000000
-0.000000
0.000000
0.964369
0.189539
-0.081988
-0.092295
-0.021865
-0.065918
-0.041286
-0.079826
-0.068257
0.030294
-0.007236
0.003713
-0.000382
-0.008670
0.012502
-0.005117
0.004071
-0.003013
0.000392
0.000000
0.000000
0.000000
0.000000
0.000000
0.000000
0.000000
0.000000
-0.000000
-0.000000
0.000000
-0.000000
0.000000
-0.000000
-0.000000
-0.000000
0.000000
-0.000000
0.000000
-0.000000
0.000000
0.000000
-0.000000
0.000000
-0.000000
0.927509
0.370401
-0.000401
-0.032828
0.011884
-0.016478
-0.024210
-0.011011
0.004155
0.013819
0.003825
-0.006800
-0.001055
-0.005763
-0.004966
-0.000110
0.001367
-0.001406
0.000511
0.000000
0.000000
-0.000000
0.000000
-0.000000
0.000000
-0.000000
0.000000
-0.000000
-0.000000
-0.000000
0.000000
0.000000
-0.000000
0.000000
0.000000
-0.000000
-0.000000
0.000000
0.000000
-0.000000
-0.000000
0.000000
-0.000000
-0.000000
0.950706
-0.252444
0.024679
0.056218
0.137187
0.018342
0.027383
0.050166
0.069526
-0.011186
0.016734
-0.018848
-0.013036
0.015812
0.011355
-0.007117
-0.005995
-0.001733
-0.002266
0.000000
-0.000000
-0.000000
0.000000
0.000000
0.000000
0.000000
-0.000000
-0.000000
-0.000000
-0.000000
-0.000000
-0.000000
-0.000000
0.000000
-0.000000
0.000000
-0.000000
0.000000
0.000000
0.000000
0.000000
0.000000
-0.000000
0.000000
0.781307
-0.522088
-0.017063
0.079227
0.132554
-0.290841
0.018547
-0.032851
0.028727
-0.043123
-0.049034
0.035176
-0.007034
-0.016728
-0.009581
0.007971
0.004575
0.000585
-0.000659
0.000000
0.000000
0.000000
0.000000
-0.000000
-0.000000
0.000000
0.000000
0.000000
0.000000
-0.000000
-0.000000
0.000000
-0.000000
0.000000
0.000000
0.000000
-0.000000
-0.000000
0.000000
0.000000
0.000000
0.000000
-0.000000
0.000000
0.919071
-0.235446
-0.156458
-0.123021
-0.049976
-0.007363
0.155616
0.164678
-0.001964
0.056350
0.035307
0.030222
-0.002032
-0.027083
-0.008385
-0.014349
-0.004360
0.000416
0.000605
0.000000
0.000000
0.000000
0.000000
-0.000000
-0.000000
0.000000
-0.000000
0.000000
0.000000
0.000000
0.000000
-0.000000
-0.000000
-0.000000
-0.000000
0.000000
-0.000000
0.000000
0.000000
0.000000
-0.000000
0.000000
0.000000
0.000000
0.991785
-0.110388
0.003694
-0.040739
0.013104
0.001836
0.014398
0.040187
0.007206
-0.000435
-0.001096
0.006612
0.000490
0.017501
-0.001228
-0.007184
0.005750
0.003642
0.002068
-0.000000
0.000000
0.000000
-0.000000
-0.000000
-0.000000
0.000000
-0.000000
0.000000
0.000000
-0.000000
0.000000
0.000000
-0.000000
0.000000
-0.000000
0.000000
0.000000
-0.000000
-0.000000
0.000000
0.000000
-0.000000
0.000000
-0.000000
0.956673
0.266807
-0.023474
-0.066116
-0.072733
-0.006811
-0.040755
-0.036240
-0.011176
0.002807
-0.000563
0.002303
-0.004208
0.004701
0.002114
0.011177
-0.007050
0.000346
0.000651
-0.000000
-0.000000
0.000000
0.000000
-0.000000
-0.000000
-0.000000
-0.000000
-0.000000
0.000000
0.000000
-0.000000
-0.000000
0.000000
0.000000
0.000000
0.000000
-0.000000
0.000000
0.000000
0.000000
0.000000
-0.000000
-0.000000
0.000000
0.737326
-0.586967
0.019479
0.184263
-0.001531
0.267705
-0.048338
-0.010970
-0.052514
-0.012462
0.009831
0.002705
0.005255
-0.016736
-0.000982
-0.002308
0.004591
0.000270
-0.003306
-0.000000
0.000000
0.000000
0.000000
-0.000000
0.000000
0.000000
0.000000
0.000000
-0.000000
-0.000000
-0.000000
0.000000
0.000000
0.000000
0.000000
-0.000000
0.000000
-0.000000
0.000000
0.000000
0.000000
-0.000000
-0.000000
0.000000
0.949045
-0.298599
0.019490
0.022436
-0.066827
0.042324
0.028069
-0.032006
0.008063
0.014717
0.017909
-0.013823
0.009699
-0.001290
0.002364
-0.008645
0.013268
0.007273
0.000586
0.000000
-0.000000
-0.000000
0.000000
0.000000
-0.000000
-0.000000
-0.000000
0.000000
-0.000000
0.000000
-0.000000
0.000000
-0.000000
0.000000
0.000000
0.000000
0.000000
-0.000000
0.000000
-0.000000
0.000000
0.000000
-0.000000
0.000000
0.984792
-0.003089
-0.008552
-0.048188
-0.103685
-0.018363
0.003183
-0.117296
-0.048429
0.010859
0.009351
-0.003315
0.014574
0.000585
-0.006108
-0.003387
0.009521
0.002643
-0.001773
0.000000
-0.000000
0.000000
-0.000000
-0.000000
-0.000000
0.000000
-0.000000
-0.000000
0.000000
-0.000000
0.000000
-0.000000
0.000000
0.000000
-0.000000
0.000000
-0.000000
0.000000
0.000000
-0.000000
-0.000000
0.000000
0.000000
-0.000000
0.993901
-0.105485
0.001557
-0.007995
0.017080
0.007276
0.004803
0.014418
0.015732
-0.002141
0.004196
-0.001054
-0.003067
0.009852
0.002477
-0.002376
0.000500
0.001732
0.000291
0.000000
0.000000
0.000000
-0.000000
-0.000000
-0.000000
-0.000000
0.000000
0.000000
0.000000
0.000000
-0.000000
-0.000000
0.000000
-0.000000
-0.000000
-0.000000
-0.000000
-0.000000
-0.000000
0.000000
-0.000000
-0.000000
0.000000
0.000000
0.769323
-0.520505
-0.142381
-0.023872
0.283289
0.041647
-0.081935
0.083906
-0.132116
-0.052296
-0.001617
0.008829
0.014489
0.006533
-0.009187
0.000618
-0.004757
-0.001247
0.001118
0.000000
-0.000000
0.000000
0.000000
0.000000
-0.000000
-0.000000
-0.000000
-0.000000
-0.000000
0.000000
0.000000
-0.000000
0.000000
-0.000000
-0.000000
0.000000
-0.000000
0.000000
-0.000000
-0.000000
0.000000
-0.000000
0.000000
-0.000000
0.986612
0.159766
0.000430
-0.022318
0.014895
-0.005892
-0.011520
0.000552
0.009544
0.006764
0.004112
-0.004330
-0.002007
0.001329
-0.001664
-0.001169
0.001000
0.000006
0.000424
0.000000
0.000000
-0.000000
-0.000000
-0.000000
0.000000
-0.000000
0.000000
-0.000000
0.000000
-0.000000
-0.000000
-0.000000
0.000000
-0.000000
0.000000
0.000000
0.000000
-0.000000
-0.000000
0.000000
-0.000000
0.000000
0.000000
-0.000000
0.999573
0.011381
-0.006865
-0.015602
0.014079
-0.005311
-0.009021
-0.000325
0.008610
-0.000812
-0.004481
-0.001800
-0.002046
0.003827
0.000474
-0.002934
-0.000755
0.000654
0.000192
0.000000
0.000000
-0.000000
-0.000000
-0.000000
-0.000000
-0.000000
0.000000
0.000000
0.000000
-0.000000
-0.000000
0.000000
-0.000000
0.000000
0.000000
-0.000000
-0.000000
0.000000
-0.000000
-0.000000
0.000000
-0.000000
0.000000
0.000000
0.944059
0.310672
0.006441
-0.043324
0.074013
-0.041565
-0.002780
0.026638
0.033155
-0.022221
-0.020887
-0.011055
-0.004294
-0.006311
-0.009431
-0.007907
-0.003159
0.001328
-0.004553
-0.000000
0.000000
-0.000000
-0.000000
-0.000000
-0.000000
0.000000
-0.000000
-0.000000
-0.000000
0.000000
0.000000
0.000000
0.000000
-0.000000
0.000000
-0.000000
0.000000
-0.000000
-0.000000
-0.000000
0.000000
-0.000000
0.000000
-0.000000
0.953429
0.245680
-0.085138
-0.014623
-0.113073
0.064008
-0.015034
-0.018263
-0.050112
0.001596
-0.018874
0.045600
-0.018497
0.008701
0.008090
-0.012551
-0.010634
-0.002643
0.000212
-0.000000
-0.000000
0.000000
0.000000
-0.000000
-0.000000
-0.000000
0.000000
0.000000
-0.000000
-0.000000
-0.000000
0.000000
-0.000000
0.000000
0.000000
-0.000000
0.000000
-0.000000
0.000000
0.000000
-0.000000
0.000000
0.000000
-0.000000
0.871216
0.072056
-0.111813
-0.050465
-0.412648
-0.109716
-0.065248
0.149882
-0.070176
-0.076517
0.002791
-0.028106
-0.003116
-0.000112
0.006791
0.006182
0.005392
-0.001735
-0.000371
-0.000000
-0.000000
0.000000
-0.000000
0.000000
0.000000
-0.000000
0.000000
-0.000000
-0.000000
-0.000000
-0.000000
0.000000
-0.000000
0.000000
-0.000000
0.000000
-0.000000
-0.000000
-0.000000
-0.000000
-0.000000
0.000000
0.000000
0.000000
0.910159
-0.375579
0.041987
0.121587
0.017891
0.068875
-0.064325
-0.058205
-0.002485
-0.004475
0.030614
0.004356
0.000499
-0.019359
0.003396
0.003712
-0.005356
-0.000349
0.002135
-0.000000
-0.000000
-0.000000
-0.000000
-0.000000
0.000000
-0.000000
0.000000
-0.000000
-0.000000
0.000000
0.000000
0.000000
-0.000000
-0.000000
0.000000
-0.000000
-0.000000
-0.000000
-0.000000
-0.000000
0.000000
-0.000000
-0.000000
0.000000
-0.192482
-0.939403
-0.185516
-0.153720
0.012714
-0.094815
-0.074111
0.020527
0.054533
0.038598
-0.025807
-0.037209
0.023183
0.012791
-0.006318
-0.008912
-0.005199
0.000206
-0.000178
-0.000000
-0.000000
0.000000
0.000000
-0.000000
0.000000
-0.000000
0.000000
0.000000
-0.000000
0.000000
-0.000000
0.000000
0.000000
-0.000000
0.000000
0.000000
-0.000000
0.000000
0.000000
-0.000000
-0.000000
-0.000000
0.000000
0.000000
0.614619
-0.734271
-0.146079
-0.020286
-0.076994
0.147773
-0.145987
-0.051462
0.085075
-0.029397
-0.021274
-0.014108
-0.027179
-0.003567
-0.006368
-0.004498
0.005721
-0.003179
0.002377
0.000000
-0.000000
-0.000000
-0.000000
-0.000000
-0.000000
0.000000
0.000000
-0.000000
0.000000
0.000000
0.000000
-0.000000
-0.000000
-0.000000
-0.000000
-0.000000
0.000000
0.000000
0.000000
0.000000
-0.000000
0.000000
0.000000
-0.000000
0.968273
-0.053560
0.115419
0.120789
-0.046722
0.077155
-0.024896
0.056259
-0.062494
0.099726
-0.069748
-0.026177
-0.003237
0.000982
-0.002244
0.017891
-0.002803
0.000250
-0.001156
0.000000
-0.000000
0.000000
-0.000000
0.000000
-0.000000
-0.000000
0.000000
0.000000
-0.000000
-0.000000
0.000000
-0.000000
-0.000000
0.000000
-0.000000
-0.000000
-0.000000
-0.000000
-0.000000
0.000000
0.000000
0.000000
-0.000000
0.000000
0.907718
0.395562
-0.033693
-0.012123
0.113643
-0.006010
-0.065150
0.014914
-0.019139
0.001484
-0.009440
-0.012255
0.009944
-0.003960
-0.005537
0.004990
-0.008533
0.002698
0.004614
0.000000
0.000000
0.000000
-0.000000
0.000000
0.000000
0.000000
-0.000000
-0.000000
-0.000000
-0.000000
-0.000000
-0.000000
-0.000000
0.000000
0.000000
-0.000000
0.000000
-0.000000
0.000000
-0.000000
-0.000000
-0.000000
0.000000
0.000000
0.989602
-0.119755
-0.039796
-0.009690
0.026475
0.010546
-0.054040
-0.008691
0.022791
-0.008817
-0.009804
-0.005279
-0.003069
-0.006759
-0.004262
-0.005878
-0.005631
0.000082
-0.000971
-0.000000
-0.000000
-0.000000
-0.000000
-0.000000
-0.000000
-0.000000
0.000000
-0.000000
0.000000
-0.000000
-0.000000
-0.000000
0.000000
0.000000
-0.000000
0.000000
0.000000
0.000000
-0.000000
-0.000000
-0.000000
-0.000000
-0.000000
0.000000
0.855815
0.363795
0.092735
-0.033392
0.116241
0.160042
0.283007
-0.020301
-0.030405
-0.059968
-0.027065
-0.021464
0.008077
0.007829
-0.005692
0.000873
0.002769
-0.002592
0.000681
-0.000000
-0.000000
-0.000000
0.000000
-0.000000
-0.000000
0.000000
0.000000
0.000000
-0.000000
0.000000
-0.000000
-0.000000
-0.000000
-0.000000
-0.000000
0.000000
-0.000000
0.000000
0.000000
0.000000
-0.000000
0.000000
0.000000
0.000000
0.973727
0.214236
-0.013878
-0.054344
0.026542
-0.002393
-0.010411
-0.005150
0.026138
0.009340
0.025926
0.010517
-0.011961
0.015078
0.001356
0.005429
0.000347
-0.003338
-0.001249
0.000000
0.000000
0.000000
0.000000
-0.000000
0.000000
0.000000
0.000000
0.000000
-0.000000
0.000000
-0.000000
-0.000000
-0.000000
0.000000
0.000000
-0.000000
-0.000000
-0.000000
-0.000000
-0.000000
0.000000
-0.000000
-0.000000
-0.000000
0.980778
0.095685
0.066835
0.026207
0.111743
-0.066919
0.033022
-0.022175
-0.030815
-0.000491
-0.050656
-0.013541
-0.008482
-0.011917
0.032688
-0.014754
0.004277
0.000205
0.001085
-0.000000
0.000000
-0.000000
-0.000000
0.000000
0.000000
-0.000000
-0.000000
0.000000
-0.000000
0.000000
0.000000
-0.000000
0.000000
0.000000
0.000000
-0.000000
-0.000000
-0.000000
-0.000000
-0.000000
0.000000
0.000000
0.000000
0.000000
0.798764
-0.547697
-0.081644
-0.178186
0.001556
0.072066
0.100029
0.034652
0.066630
0.012009
-0.018486
0.040385
-0.001638
0.010066
0.012057
0.019464
-0.000117
0.000239
-0.000038
0.000000
-0.000000
0.000000
-0.000000
0.000000
0.000000
-0.000000
0.000000
-0.000000
0.000000
0.000000
0.000000
0.000000
0.000000
0.000000
-0.000000
-0.000000
0.000000
-0.000000
-0.000000
-0.000000
-0.000000
-0.000000
0.000000
0.000000
0.995523
0.043832
0.018812
0.031004
-0.066626
-0.009725
-0.022541
0.006527
-0.002136
0.002937
0.007901
0.012311
-0.011034
0.013943
-0.001230
-0.003045
-0.001456
0.007451
-0.001097
-0.000000
0.000000
0.000000
0.000000
0.000000
-0.000000
-0.000000
0.000000
-0.000000
0.000000
-0.000000
0.000000
-0.000000
0.000000
-0.000000
0.000000
-0.000000
0.000000
0.000000
0.000000
0.000000
0.000000
-0.000000
-0.000000
0.000000
0.990251
0.127337
0.016595
0.007070
0.031805
-0.013138
0.004185
0.022693
0.021069
0.005227
0.015424
-0.014135
0.006728
0.011903
-0.004748
-0.004048
0.003166
0.000336
0.001374
-0.000000
-0.000000
0.000000
-0.000000
0.000000
0.000000
0.000000
0.000000
0.000000
0.000000
0.000000
0.000000
0.000000
0.000000
0.000000
0.000000
-0.000000
-0.000000
0.000000
-0.000000
0.000000
-0.000000
0.000000
-0.000000
-0.000000
0.835286
-0.457620
-0.070980
-0.198906
-0.165860
-0.023681
0.069181
-0.098363
-0.064532
0.009208
-0.010705
0.022163
0.025431
0.010664
-0.010388
-0.000980
-0.000634
-0.004836
-0.000272
0.000000
0.000000
-0.000000
-0.000000
0.000000
0.000000
0.000000
-0.000000
-0.000000
-0.000000
-0.000000
0.000000
-0.000000
-0.000000
0.000000
0.000000
-0.000000
0.000000
-0.000000
-0.000000
0.000000
0.000000
0.000000
-0.000000
-0.000000
0.999513
-0.005267
0.014648
-0.008983
-0.000941
-0.016525
0.013513
0.001804
0.001142
0.004166
-0.006218
0.002867
-0.002887
0.007614
0.005978
-0.003721
0.001233
0.002725
0.000180
0.000000
-0.000000
-0.000000
-0.000000
-0.000000
0.000000
-0.000000
0.000000
0.000000
0.000000
-0.000000
0.000000
0.000000
0.000000
-0.000000
0.000000
0.000000
0.000000
0.000000
0.000000
-0.000000
0.000000
-0.000000
-0.000000
0.000000
0.896054
-0.306202
-0.170885
-0.136271
0.174438
-0.105975
0.009160
-0.061103
-0.060214
0.009236
0.070808
-0.029874
-0.005290
-0.001950
0.014598
0.012886
-0.006930
-0.000060
-0.001735
-0.000000
-0.000000
-0.000000
-0.000000
0.000000
-0.000000
0.000000
0.000000
0.000000
-0.000000
0.000000
0.000000
-0.000000
0.000000
0.000000
-0.000000
-0.000000
0.000000
0.000000
0.000000
0.000000
-0.000000
0.000000
0.000000
0.000000
0.999079
-0.033456
-0.007488
-0.012356
0.011681
-0.004950
-0.012483
-0.002715
0.010752
-0.000600
-0.005582
0.000182
-0.003513
0.002700
0.001818
-0.003942
-0.001415
0.001335
-0.000343
-0.000000
0.000000
0.000000
0.000000
0.000000
-0.000000
0.000000
0.000000
0.000000
0.000000
-0.000000
-0.000000
0.000000
0.000000
-0.000000
-0.000000
-0.000000
-0.000000
0.000000
0.000000
-0.000000
0.000000
0.000000
-0.000000
0.000000
