0.602081
0.279035
0.048436
0.015851
0.024029
0.000375
0.027145
0.000108
0.001214
0.000525
0.000001
0.000708
0.000008
0.000182
0.000008
0.000095
0.000179
0.000019
0.000000
0.000000
0.000000
0.000000
0.000000
0.000000
0.000000
0.000000
0.000000
0.000000
0.000000
0.000000
0.000000
0.000000
0.000000
0.000000
0.000000
0.000000
0.000000
0.000000
0.000000
0.000000
0.000000
0.000000
0.000000
0.000000
0.000927
0.058052
0.677066
0.252210
0.000553
0.000404
0.009854
0.000668
0.000080
0.000101
0.000018
0.000032
0.000000
0.000028
0.000002
0.000004
0.000001
0.000000
0.000000
0.000000
0.000000
0.000000
0.000000
0.000000
0.000000
0.000000
0.000000
0.000000
0.000000
0.000000
0.000000
0.000000
0.000000
0.000000
0.000000
0.000000
0.000000
0.000000
0.000000
0.000000
0.000000
0.000000
0.000000
0.000000
0.957759
0.004638
0.000325
0.010844
0.011159
0.000136
0.004396
0.006538
0.003220
0.000005
0.000365
0.000124
0.000307
0.000010
0.000121
0.000008
0.000023
0.000019
0.000002
0.000000
0.000000
0.000000
0.000000
0.000000
0.000000
0.000000
0.000000
0.000000
0.000000
0.000000
0.000000
0.000000
0.000000
0.000000
0.000000
0.000000
0.000000
0.000000
0.000000
0.000000
0.000000
0.000000
0.000000
0.000000
0.796703
0.199700
0.000477
0.000067
0.001256
0.000022
0.000995
0.000232
0.000218
0.000135
0.000020
0.000075
0.000001
0.000028
0.000069
0.000001
0.000002
0.000000
0.000000
0.000000
0.000000
0.000000
0.000000
0.000000
0.000000
0.000000
0.000000
0.000000
0.000000
0.000000
0.000000
0.000000
0.000000
0.000000
0.000000
0.000000
0.000000
0.000000
0.000000
0.000000
0.000000
0.000000
0.000000
0.000000
0.972971
0.005059
0.002969
0.006848
0.004395
0.000235
0.005022
0.000872
0.000041
0.000000
0.000290
0.000672
0.000089
0.000009
0.000008
0.000258
0.000229
0.000031
0.000000
0.000000
0.000000
0.000000
0.000000
0.000000
0.000000
0.000000
0.000000
0.000000
0.000000
0.000000
0.000000
0.000000
0.000000
0.000000
0.000000
0.000000
0.000000
0.000000
0.000000
0.000000
0.000000
0.000000
0.000000
0.000000
0.949472
0.039348
0.000549
0.002206
0.002741
0.000291
0.001591
0.002421
0.000790
0.000312
0.000003
0.000055
0.000014
0.000022
0.000012
0.000015
0.000019
0.000137
0.000001
0.000000
0.000000
0.000000
0.000000
0.000000
0.000000
0.000000
0.000000
0.000000
0.000000
0.000000
0.000000
0.000000
0.000000
0.000000
0.000000
0.000000
0.000000
0.000000
0.000000
0.000000
0.000000
0.000000
0.000000
0.000000
0.701355
0.294735
0.000113
0.001060
0.000962
0.000014
0.001211
0.000074
0.000074
0.000130
0.000023
0.000114
0.000001
0.000037
0.000092
0.000000
0.000000
0.000005
0.000001
0.000000
0.000000
0.000000
0.000000
0.000000
0.000000
0.000000
0.000000
0.000000
0.000000
0.000000
0.000000
0.000000
0.000000
0.000000
0.000000
0.000000
0.000000
0.000000
0.000000
0.000000
0.000000
0.000000
0.000000
0.000000
0.958300
0.000084
0.019463
0.007752
0.002211
0.006658
0.002914
0.000335
0.001318
0.000213
0.000150
0.000026
0.000220
0.000001
0.000017
0.000000
0.000311
0.000025
0.000000
0.000000
0.000000
0.000000
0.000000
0.000000
0.000000
0.000000
0.000000
0.000000
0.000000
0.000000
0.000000
0.000000
0.000000
0.000000
0.000000
0.000000
0.000000
0.000000
0.000000
0.000000
0.000000
0.000000
0.000000
0.000000
0.441918
0.091850
0.188455
0.258881
0.004628
0.011900
0.000703
0.000022
0.000408
0.000066
0.000475
0.000251
0.000061
0.000226
0.000008
0.000051
0.000081
0.000015
0.000000
0.000000
0.000000
0.000000
0.000000
0.000000
0.000000
0.000000
0.000000
0.000000
0.000000
0.000000
0.000000
0.000000
0.000000
0.000000
0.000000
0.000000
0.000000
0.000000
0.000000
0.000000
0.000000
0.000000
0.000000
0.000000
0.692635
0.299487
0.000383
0.000752
0.000291
0.000081
0.002776
0.002222
0.000333
0.000406
0.000204
0.000034
0.000009
0.000004
0.000222
0.000005
0.000131
0.000019
0.000005
0.000000
0.000000
0.000000
0.000000
0.000000
0.000000
0.000000
0.000000
0.000000
0.000000
0.000000
0.000000
0.000000
0.000000
0.000000
0.000000
0.000000
0.000000
0.000000
0.000000
0.000000
0.000000
0.000000
0.000000
0.000000
0.766912
0.194512
0.006307
0.000258
0.001854
0.003904
0.008694
0.000263
0.012920
0.000476
0.000005
0.000412
0.003017
0.000052
0.000377
0.000015
0.000020
0.000001
0.000000
0.000000
0.000000
0.000000
0.000000
0.000000
0.000000
0.000000
0.000000
0.000000
0.000000
0.000000
0.000000
0.000000
0.000000
0.000000
0.000000
0.000000
0.000000
0.000000
0.000000
0.000000
0.000000
0.000000
0.000000
0.000000
0.930008
0.035925
0.006722
0.008518
0.000478
0.004345
0.001705
0.006372
0.004659
0.000918
0.000052
0.000014
0.000000
0.000075
0.000156
0.000026
0.000017
0.000009
0.000000
0.000000
0.000000
0.000000
0.000000
0.000000
0.000000
0.000000
0.000000
0.000000
0.000000
0.000000
0.000000
0.000000
0.000000
0.000000
0.000000
0.000000
0.000000
0.000000
0.000000
0.000000
0.000000
0.000000
0.000000
0.000000
0.860273
0.137197
0.000000
0.001078
0.000141
0.000272
0.000586
0.000121
0.000017
0.000191
0.000015
0.000046
0.000001
0.000033
0.000025
0.000000
0.000002
0.000002
0.000000
0.000000
0.000000
0.000000
0.000000
0.000000
0.000000
0.000000
0.000000
0.000000
0.000000
0.000000
0.000000
0.000000
0.000000
0.000000
0.000000
0.000000
0.000000
0.000000
0.000000
0.000000
0.000000
0.000000
0.000000
0.000000
0.903842
0.063728
0.000609
0.003161
0.018820
0.000336
0.000750
0.002517
0.004834
0.000125
0.000280
0.000355
0.000170
0.000250
0.000129
0.000051
0.000036
0.000003
0.000005
0.000000
0.000000
0.000000
0.000000
0.000000
0.000000
0.000000
0.000000
0.000000
0.000000
0.000000
0.000000
0.000000
0.000000
0.000000
0.000000
0.000000
0.000000
0.000000
0.000000
0.000000
0.000000
0.000000
0.000000
0.000000
0.610441
0.272576
0.000291
0.006277
0.017571
0.084588
0.000344
0.001079
0.000825
0.001860
0.002404
0.001237
0.000049
0.000280
0.000092
0.000064
0.000021
0.000000
0.000000
0.000000
0.000000
0.000000
0.000000
0.000000
0.000000
0.000000
0.000000
0.000000
0.000000
0.000000
0.000000
0.000000
0.000000
0.000000
0.000000
0.000000
0.000000
0.000000
0.000000
0.000000
0.000000
0.000000
0.000000
0.000000
0.844692
0.055435
0.024479
0.015134
0.002498
0.000054
0.024216
0.027119
0.000004
0.003175
0.001247
0.000913
0.000004
0.000733
0.000070
0.000206
0.000019
0.000000
0.000000
0.000000
0.000000
0.000000
0.000000
0.000000
0.000000
0.000000
0.000000
0.000000
0.000000
0.000000
0.000000
0.000000
0.000000
0.000000
0.000000
0.000000
0.000000
0.000000
0.000000
0.000000
0.000000
0.000000
0.000000
0.000000
0.983637
0.012186
0.000014
0.001660
0.000172
0.000003
0.000207
0.001615
0.000052
0.000000
0.000001
0.000044
0.000000
0.000306
0.000002
0.000052
0.000033
0.000013
0.000004
0.000000
0.000000
0.000000
0.000000
0.000000
0.000000
0.000000
0.000000
0.000000
0.000000
0.000000
0.000000
0.000000
0.000000
0.000000
0.000000
0.000000
0.000000
0.000000
0.000000
0.000000
0.000000
0.000000
0.000000
0.000000
0.915223
0.071186
0.000551
0.004371
0.005290
0.000046
0.001661
0.001313
0.000125
0.000008
0.000000
0.000005
0.000018
0.000022
0.000004
0.000125
0.000050
0.000000
0.000000
0.000000
0.000000
0.000000
0.000000
0.000000
0.000000
0.000000
0.000000
0.000000
0.000000
0.000000
0.000000
0.000000
0.000000
0.000000
0.000000
0.000000
0.000000
0.000000
0.000000
0.000000
0.000000
0.000000
0.000000
0.000000
0.543650
0.344530
0.000379
0.033953
0.000002
0.071666
0.002337
0.000120
0.002758
0.000155
0.000097
0.000007
0.000028
0.000280
0.000001
0.000005
0.000021
0.000000
0.000011
0.000000
0.000000
0.000000
0.000000
0.000000
0.000000
0.000000
0.000000
0.000000
0.000000
0.000000
0.000000
0.000000
0.000000
0.000000
0.000000
0.000000
0.000000
0.000000
0.000000
0.000000
0.000000
0.000000
0.000000
0.000000
0.900687
0.089162
0.000380
0.000503
0.004466
0.001791
0.000788
0.001024
0.000065
0.000217
0.000321
0.000191
0.000094
0.000002
0.000006
0.000075
0.000176
0.000053
0.000000
0.000000
0.000000
0.000000
0.000000
0.000000
0.000000
0.000000
0.000000
0.000000
0.000000
0.000000
0.000000
0.000000
0.000000
0.000000
0.000000
0.000000
0.000000
0.000000
0.000000
0.000000
0.000000
0.000000
0.000000
0.000000
0.969815
0.000010
0.000073
0.002322
0.010751
0.000337
0.000010
0.013758
0.002345
0.000118
0.000087
0.000011
0.000212
0.000000
0.000037
0.000011
0.000091
0.000007
0.000003
0.000000
0.000000
0.000000
0.000000
0.000000
0.000000
0.000000
0.000000
0.000000
0.000000
0.000000
0.000000
0.000000
0.000000
0.000000
0.000000
0.000000
0.000000
0.000000
0.000000
0.000000
0.000000
0.000000
0.000000
0.000000
0.987839
0.011127
0.000002
0.000064
0.000292
0.000053
0.000023
0.000208
0.000248
0.000005
0.000018
0.000001
0.000009
0.000097
0.000006
0.000006
0.000000
0.000003
0.000000
0.000000
0.000000
0.000000
0.000000
0.000000
0.000000
0.000000
0.000000
0.000000
0.000000
0.000000
0.000000
0.000000
0.000000
0.000000
0.000000
0.000000
0.000000
0.000000
0.000000
0.000000
0.000000
0.000000
0.000000
0.000000
0.591859
0.270926
0.020272
0.000570
0.080253
0.001734
0.006713
0.007040
0.017455
0.002735
0.000003
0.000078
0.000210
0.000043
0.000084
0.000000
0.000023
0.000002
0.000001
0.000000
0.000000
0.000000
0.000000
0.000000
0.000000
0.000000
0.000000
0.000000
0.000000
0.000000
0.000000
0.000000
0.000000
0.000000
0.000000
0.000000
0.000000
0.000000
0.000000
0.000000
0.000000
0.000000
0.000000
0.000000
0.973403
0.025525
0.000000
0.000498
0.000222
0.000035
0.000133
0.000000
0.000091
0.000046
0.000017
0.000019
0.000004
0.000002
0.000003
0.000001
0.000001
0.000000
0.000000
0.000000
0.000000
0.000000
0.000000
0.000000
0.000000
0.000000
0.000000
0.000000
0.000000
0.000000
0.000000
0.000000
0.000000
0.000000
0.000000
0.000000
0.000000
0.000000
0.000000
0.000000
0.000000
0.000000
0.000000
0.000000
0.999145
0.000130
0.000047
0.000243
0.000198
0.000028
0.000081
0.000000
0.000074
0.000001
0.000020
0.000003
0.000004
0.000015
0.000000
0.000009
0.000001
0.000000
0.000000
0.000000
0.000000
0.000000
0.000000
0.000000
0.000000
0.000000
0.000000
0.000000
0.000000
0.000000
0.000000
0.000000
0.000000
0.000000
0.000000
0.000000
0.000000
0.000000
0.000000
0.000000
0.000000
0.000000
0.000000
0.000000
0.891248
0.096517
0.000041
0.001877
0.005478
0.001728
0.000008
0.000710
0.001099
0.000494
0.000436
0.000122
0.000018
0.000040
0.000089
0.000063
0.000010
0.000002
0.000021
0.000000
0.000000
0.000000
0.000000
0.000000
0.000000
0.000000
0.000000
0.000000
0.000000
0.000000
0.000000
0.000000
0.000000
0.000000
0.000000
0.000000
0.000000
0.000000
0.000000
0.000000
0.000000
0.000000
0.000000
0.000000
0.909026
0.060359
0.007249
0.000214
0.012786
0.004097
0.000226
0.000334
0.002511
0.000003
0.000356
0.002079
0.000342
0.000076
0.000065
0.000158
0.000113
0.000007
0.000000
0.000000
0.000000
0.000000
0.000000
0.000000
0.000000
0.000000
0.000000
0.000000
0.000000
0.000000
0.000000
0.000000
0.000000
0.000000
0.000000
0.000000
0.000000
0.000000
0.000000
0.000000
0.000000
0.000000
0.000000
0.000000
0.759017
0.005192
0.012502
0.002547
0.170279
0.012038
0.004257
0.022464
0.004925
0.005855
0.000008
0.000790
0.000010
0.000000
0.000046
0.000038
0.000029
0.000003
0.000000
0.000000
0.000000
0.000000
0.000000
0.000000
0.000000
0.000000
0.000000
0.000000
0.000000
0.000000
0.000000
0.000000
0.000000
0.000000
0.000000
0.000000
0.000000
0.000000
0.000000
0.000000
0.000000
0.000000
0.000000
0.000000
0.828389
0.141059
0.001763
0.014783
0.000320
0.004744
0.004138
0.003388
0.000006
0.000020
0.000937
0.000019
0.000000
0.000375
0.000012
0.000014
0.000029
0.000000
0.000005
0.000000
0.000000
0.000000
0.000000
0.000000
0.000000
0.000000
0.000000
0.000000
0.000000
0.000000
0.000000
0.000000
0.000000
0.000000
0.000000
0.000000
0.000000
0.000000
0.000000
0.000000
0.000000
0.000000
0.000000
0.000000
0.037049
0.882478
0.034416
0.023630
0.000162
0.008990
0.005492
0.000421
0.002974
0.001490
0.000666
0.001384
0.000537
0.000164
0.000040
0.000079
0.000027
0.000000
0.000000
0.000000
0.000000
0.000000
0.000000
0.000000
0.000000
0.000000
0.000000
0.000000
0.000000
0.000000
0.000000
0.000000
0.000000
0.000000
0.000000
0.000000
0.000000
0.000000
0.000000
0.000000
0.000000
0.000000
0.000000
0.000000
0.377756
0.539154
0.021339
0.000412
0.005928
0.021837
0.021312
0.002648
0.007238
0.000864
0.000453
0.000199
0.000739
0.000013
0.000041
0.000020
0.000033
0.000010
0.000006
0.000000
0.000000
0.000000
0.000000
0.000000
0.000000
0.000000
0.000000
0.000000
0.000000
0.000000
0.000000
0.000000
0.000000
0.000000
0.000000
0.000000
0.000000
0.000000
0.000000
0.000000
0.000000
0.000000
0.000000
0.000000
0.937553
0.002869
0.013321
0.014590
0.002183
0.005953
0.000620
0.003165
0.003906
0.009945
0.004865
0.000685
0.000010
0.000001
0.000005
0.000320
0.000008
0.000000
0.000001
0.000000
0.000000
0.000000
0.000000
0.000000
0.000000
0.000000
0.000000
0.000000
0.000000
0.000000
0.000000
0.000000
0.000000
0.000000
0.000000
0.000000
0.000000
0.000000
0.000000
0.000000
0.000000
0.000000
0.000000
0.000000
0.823951
0.156469
0.001135
0.000147
0.012915
0.000036
0.004245
0.000222
0.000366
0.000002
0.000089
0.000150
0.000099
0.000016
0.000031
0.000025
0.000073
0.000007
0.000021
0.000000
0.000000
0.000000
0.000000
0.000000
0.000000
0.000000
0.000000
0.000000
0.000000
0.000000
0.000000
0.000000
0.000000
0.000000
0.000000
0.000000
0.000000
0.000000
0.000000
0.000000
0.000000
0.000000
0.000000
0.000000
0.979312
0.014341
0.001584
0.000094
0.000701
0.000111
0.002920
0.000076
0.000519
0.000078
0.000096
0.000028
0.000009
0.000046
0.000018
0.000035
0.000032
0.000000
0.000001
0.000000
0.000000
0.000000
0.000000
0.000000
0.000000
0.000000
0.000000
0.000000
0.000000
0.000000
0.000000
0.000000
0.000000
0.000000
0.000000
0.000000
0.000000
0.000000
0.000000
0.000000
0.000000
0.000000
0.000000
0.000000
0.732420
0.132347
0.008600
0.001115
0.013512
0.025613
0.080093
0.000412
0.000924
0.003596
0.000733
0.000461
0.000065
0.000061
0.000032
0.000001
0.000008
0.000007
0.000000
0.000000
0.000000
0.000000
0.000000
0.000000
0.000000
0.000000
0.000000
0.000000
0.000000
0.000000
0.000000
0.000000
0.000000
0.000000
0.000000
0.000000
0.000000
0.000000
0.000000
0.000000
0.000000
0.000000
0.000000
0.000000
0.948144
0.045897
0.000193
0.002953
0.000705
0.000006
0.000108
0.000027
0.000683
0.000087
0.000672
0.000111
0.000143
0.000227
0.000002
0.000029
0.000000
0.000011
0.000002
0.000000
0.000000
0.000000
0.000000
0.000000
0.000000
0.000000
0.000000
0.000000
0.000000
0.000000
0.000000
0.000000
0.000000
0.000000
0.000000
0.000000
0.000000
0.000000
0.000000
0.000000
0.000000
0.000000
0.000000
0.000000
0.961925
0.009156
0.004467
0.000687
0.012486
0.004478
0.001090
0.000492
0.000950
0.000000
0.002566
0.000183
0.000072
0.000142
0.001068
0.000218
0.000018
0.000000
0.000001
0.000000
0.000000
0.000000
0.000000
0.000000
0.000000
0.000000
0.000000
0.000000
0.000000
0.000000
0.000000
0.000000
0.000000
0.000000
0.000000
0.000000
0.000000
0.000000
0.000000
0.000000
0.000000
0.000000
0.000000
0.000000
0.638024
0.299972
0.006666
0.031750
0.000002
0.005193
0.010006
0.001201
0.004440
0.000144
0.000342
0.001631
0.000003
0.000101
0.000145
0.000379
0.000000
0.000000
0.000000
0.000000
0.000000
0.000000
0.000000
0.000000
0.000000
0.000000
0.000000
0.000000
0.000000
0.000000
0.000000
0.000000
0.000000
0.000000
0.000000
0.000000
0.000000
0.000000
0.000000
0.000000
0.000000
0.000000
0.000000
0.000000
0.991066
0.001921
0.000354
0.000961
0.004439
0.000095
0.000508
0.000043
0.000005
0.000009
0.000062
0.000152
0.000122
0.000194
0.000002
0.000009
0.000002
0.000056
0.000001
0.000000
0.000000
0.000000
0.000000
0.000000
0.000000
0.000000
0.000000
0.000000
0.000000
0.000000
0.000000
0.000000
0.000000
0.000000
0.000000
0.000000
0.000000
0.000000
0.000000
0.000000
0.000000
0.000000
0.000000
0.000000
0.980597
0.016215
0.000275
0.000050
0.001012
0.000173
0.000018
0.000515
0.000444
0.000027
0.000238
0.000200
0.000045
0.000142
0.000023
0.000016
0.000010
0.000000
0.000002
0.000000
0.000000
0.000000
0.000000
0.000000
0.000000
0.000000
0.000000
0.000000
0.000000
0.000000
0.000000
0.000000
0.000000
0.000000
0.000000
0.000000
0.000000
0.000000
0.000000
0.000000
0.000000
0.000000
0.000000
0.000000
0.697703
0.209416
0.005038
0.039564
0.027509
0.000561
0.004786
0.009675
0.004164
0.000085
0.000115
0.000491
0.000647
0.000114
0.000108
0.000001
0.000000
0.000023
0.000000
0.000000
0.000000
0.000000
0.000000
0.000000
0.000000
0.000000
0.000000
0.000000
0.000000
0.000000
0.000000
0.000000
0.000000
0.000000
0.000000
0.000000
0.000000
0.000000
0.000000
0.000000
0.000000
0.000000
0.000000
0.000000
0.999027
0.000028
0.000215
0.000081
0.000001
0.000273
0.000183
0.000003
0.000001
0.000017
0.000039
0.000008
0.000008
0.000058
0.000036
0.000014
0.000002
0.000007
0.000000
0.000000
0.000000
0.000000
0.000000
0.000000
0.000000
0.000000
0.000000
0.000000
0.000000
0.000000
0.000000
0.000000
0.000000
0.000000
0.000000
0.000000
0.000000
0.000000
0.000000
0.000000
0.000000
0.000000
0.000000
0.000000
0.802913
0.093759
0.029202
0.018570
0.030429
0.011231
0.000084
0.003734
0.003626
0.000085
0.005014
0.000892
0.000028
0.000004
0.000213
0.000166
0.000048
0.000000
0.000003
0.000000
0.000000
0.000000
0.000000
0.000000
0.000000
0.000000
0.000000
0.000000
0.000000
0.000000
0.000000
0.000000
0.000000
0.000000
0.000000
0.000000
0.000000
0.000000
0.000000
0.000000
0.000000
0.000000
0.000000
0.000000
0.998158
0.001119
0.000056
0.000153
0.000136
0.000025
0.000156
0.000007
0.000116
0.000000
0.000031
0.000000
0.000012
0.000007
0.000003
0.000016
0.000002
0.000002
0.000000
0.000000
0.000000
0.000000
0.000000
0.000000
0.000000
0.000000
0.000000
0.000000
0.000000
0.000000
0.000000
0.000000
0.000000
0.000000
0.000000
0.000000
0.000000
0.000000
0.000000
0.000000
0.000000
0.000000
0.000000
0.000000
