0.026231
0.003712
0.023144
0.000481
0.000659
0.002568
0.004225
0.005764
0.007925
0.007710
0.004636
0.003485
0.016301
0.000114
0.012329
0.025302
0.004024
0.012086
0.791685
0.001342
0.014013
0.000000
0.000000
0.000000
0.000000
0.000000
0.000000
0.000000
0.000000
0.000000
0.000000
0.000000
0.000000
0.000000
0.000000
0.000000
0.000000
0.000000
0.000000
0.000000
0.000000
0.000000
0.000000
0.032264
0.002150
0.000034
0.025431
0.000891
0.292629
0.007123
0.000072
0.489310
0.072806
0.038043
0.000074
0.000138
0.001372
0.000390
0.011593
0.000391
0.007260
0.002471
0.000200
0.001342
0.014013
0.000000
0.000000
0.000000
0.000000
0.000000
0.000000
0.000000
0.000000
0.000000
0.000000
0.000000
0.000000
0.000000
0.000000
0.000000
0.000000
0.000000
0.000000
0.000000
0.000000
0.000000
0.000000
0.032264
0.000003
0.002828
0.011927
0.004607
0.000011
0.025344
0.019260
0.207258
0.556690
0.020576
0.000863
0.004376
0.033072
0.024058
0.000936
0.000007
0.031363
0.007342
0.001860
0.001342
0.014013
0.000000
0.000000
0.000000
0.000000
0.000000
0.000000
0.000000
0.000000
0.000000
0.000000
0.000000
0.000000
0.000000
0.000000
0.000000
0.000000
0.000000
0.000000
0.000000
0.000000
0.000000
0.000000
0.032264
0.015868
0.001514
0.016441
0.002820
0.002494
0.001060
0.000618
0.009318
0.017422
0.001224
0.005629
0.057943
0.455661
0.064198
0.180367
0.048421
0.064196
0.007184
0.000004
0.001342
0.014013
0.000000
0.000000
0.000000
0.000000
0.000000
0.000000
0.000000
0.000000
0.000000
0.000000
0.000000
0.000000
0.000000
0.000000
0.000000
0.000000
0.000000
0.000000
0.000000
0.000000
0.000000
0.000000
0.032264
0.384583
0.293950
0.026525
0.011897
0.079364
0.003664
0.021025
0.065428
0.055975
0.002184
0.002146
0.001678
0.000021
0.002366
0.000194
0.000279
0.001032
0.000069
0.000000
0.001342
0.014013
0.000000
0.000000
0.000000
0.000000
0.000000
0.000000
0.000000
0.000000
0.000000
0.000000
0.000000
0.000000
0.000000
0.000000
0.000000
0.000000
0.000000
0.000000
0.000000
0.000000
0.000000
0.000000
0.032264
0.001714
0.004489
0.000484
0.232252
0.034897
0.359094
0.210422
0.006988
0.003646
0.024167
0.028444
0.014953
0.018287
0.000508
0.005258
0.000018
0.005941
0.000097
0.000722
0.001342
0.014013
0.000000
0.000000
0.000000
0.000000
0.000000
0.000000
0.000000
0.000000
0.000000
0.000000
0.000000
0.000000
0.000000
0.000000
0.000000
0.000000
0.000000
0.000000
0.000000
0.000000
0.000000
0.000000
0.032264
0.008121
0.000847
0.128914
0.140964
0.000001
0.001293
0.016148
0.000356
0.001340
0.004879
0.000053
0.010246
0.013617
0.003555
0.073297
0.400672
0.103509
0.001983
0.042586
0.001342
0.014013
0.000000
0.000000
0.000000
0.000000
0.000000
0.000000
0.000000
0.000000
0.000000
0.000000
0.000000
0.000000
0.000000
0.000000
0.000000
0.000000
0.000000
0.000000
0.000000
0.000000
0.000000
0.000000
0.032264
0.012772
0.000226
0.090283
0.124289
0.000534
0.002948
0.022643
0.000774
0.000056
0.018884
0.000014
0.002271
0.008261
0.000492
0.016730
0.122085
0.016642
0.000227
0.012251
0.321239
0.221398
0.000000
0.000000
0.000000
0.000000
0.000000
0.000000
0.000000
0.000000
0.000000
0.000000
0.000000
0.000000
0.000000
0.000000
0.000000
0.000000
0.000000
0.000000
0.000000
0.000000
0.000000
0.000000
0.004982
0.012772
0.000226
0.090283
0.124289
0.000534
0.002948
0.022643
0.000774
0.000056
0.018884
0.000014
0.002271
0.008261
0.000492
0.016730
0.122085
0.016642
0.000227
0.012251
0.409645
0.054650
0.000000
0.000000
0.000000
0.000000
0.000000
0.000000
0.000000
0.000000
0.000000
0.000000
0.000000
0.000000
0.000000
0.000000
0.000000
0.000000
0.000000
0.000000
0.000000
0.000000
0.000000
0.000000
0.083325
0.070953
0.077922
0.006486
0.006896
0.309311
0.011223
0.143910
0.132702
0.030782
0.021017
0.073571
0.003644
0.005124
0.002333
0.010781
0.006278
0.017534
0.007278
0.014636
0.001342
0.014013
0.000000
0.000000
0.000000
0.000000
0.000000
0.000000
0.000000
0.000000
0.000000
0.000000
0.000000
0.000000
0.000000
0.000000
0.000000
0.000000
0.000000
0.000000
0.000000
0.000000
0.000000
0.000000
0.032264
0.021180
0.005056
0.025001
0.000075
0.001822
0.001697
0.007289
0.005540
0.048292
0.200832
0.014800
0.351341
0.058881
0.030693
0.007191
0.012960
0.117317
0.018366
0.024050
0.001342
0.014013
0.000000
0.000000
0.000000
0.000000
0.000000
0.000000
0.000000
0.000000
0.000000
0.000000
0.000000
0.000000
0.000000
0.000000
0.000000
0.000000
0.000000
0.000000
0.000000
0.000000
0.000000
0.000000
0.032264
0.001419
0.001788
0.047152
0.000003
0.241679
0.265261
0.029873
0.025221
0.023369
0.055096
0.154415
0.000654
0.033151
0.002016
0.022389
0.000006
0.029119
0.005413
0.014355
0.001342
0.014013
0.000000
0.000000
0.000000
0.000000
0.000000
0.000000
0.000000
0.000000
0.000000
0.000000
0.000000
0.000000
0.000000
0.000000
0.000000
0.000000
0.000000
0.000000
0.000000
0.000000
0.000000
0.000000
0.032264
0.007735
0.000650
0.008019
0.001172
0.004320
0.009902
0.001480
0.001969
0.022809
0.437907
0.178842
0.178685
0.019860
0.006040
0.009330
0.005371
0.002232
0.030395
0.025661
0.001342
0.014013
0.000000
0.000000
0.000000
0.000000
0.000000
0.000000
0.000000
0.000000
0.000000
0.000000
0.000000
0.000000
0.000000
0.000000
0.000000
0.000000
0.000000
0.000000
0.000000
0.000000
0.000000
0.000000
0.032264
0.013089
0.000079
0.038007
0.000368
0.003416
0.008041
0.045275
0.012269
0.012422
0.000535
0.381245
0.093453
0.101900
0.106619
0.088692
0.004370
0.034115
0.002481
0.006003
0.001342
0.014013
0.000000
0.000000
0.000000
0.000000
0.000000
0.000000
0.000000
0.000000
0.000000
0.000000
0.000000
0.000000
0.000000
0.000000
0.000000
0.000000
0.000000
0.000000
0.000000
0.000000
0.000000
0.000000
0.032264
0.021427
0.002156
0.025361
0.000388
0.000170
0.003551
0.002898
0.000589
0.000007
0.001563
0.000654
0.072375
0.016730
0.010274
0.054796
0.214670
0.477480
0.038721
0.008572
0.001342
0.014013
0.000000
0.000000
0.000000
0.000000
0.000000
0.000000
0.000000
0.000000
0.000000
0.000000
0.000000
0.000000
0.000000
0.000000
0.000000
0.000000
0.000000
0.000000
0.000000
0.000000
0.000000
0.000000
0.032264
0.020620
0.001909
0.026536
0.000003
0.000062
0.002143
0.001297
0.004183
0.000020
0.013677
0.051355
0.048946
0.080691
0.620865
0.001822
0.000140
0.013566
0.042304
0.022242
0.001342
0.014013
0.000000
0.000000
0.000000
0.000000
0.000000
0.000000
0.000000
0.000000
0.000000
0.000000
0.000000
0.000000
0.000000
0.000000
0.000000
0.000000
0.000000
0.000000
0.000000
0.000000
0.000000
0.000000
0.032264
0.003993
0.000336
0.000922
0.000679
0.004234
0.059146
0.254888
0.001718
0.063114
0.102491
0.005040
0.006716
0.003828
0.014782
0.007274
0.028634
0.002387
0.381845
0.010355
0.001342
0.014013
0.000000
0.000000
0.000000
0.000000
0.000000
0.000000
0.000000
0.000000
0.000000
0.000000
0.000000
0.000000
0.000000
0.000000
0.000000
0.000000
0.000000
0.000000
0.000000
0.000000
0.000000
0.000000
0.032264
0.007529
0.000207
0.000718
0.001524
0.004089
0.057564
0.188463
0.025911
0.032544
0.008200
0.075887
0.000165
0.037761
0.009927
0.029575
0.005704
0.041631
0.424790
0.000191
0.001342
0.014013
0.000000
0.000000
0.000000
0.000000
0.000000
0.000000
0.000000
0.000000
0.000000
0.000000
0.000000
0.000000
0.000000
0.000000
0.000000
0.000000
0.000000
0.000000
0.000000
0.000000
0.000000
0.000000
0.032264
0.000061
0.003517
0.384519
0.343176
0.013505
0.156193
0.006512
0.001650
0.015377
0.001675
0.021854
0.000028
0.000874
0.000188
0.002293
0.000062
0.000648
0.000130
0.000119
0.001342
0.014013
0.000000
0.000000
0.000000
0.000000
0.000000
0.000000
0.000000
0.000000
0.000000
0.000000
0.000000
0.000000
0.000000
0.000000
0.000000
0.000000
0.000000
0.000000
0.000000
0.000000
0.000000
0.000000
0.032264
0.347172
0.594999
0.001501
0.002696
0.002020
0.000015
0.000613
0.001966
0.000112
0.000677
0.000005
0.000264
0.000105
0.000002
0.000038
0.000000
0.000161
0.000035
0.000000
0.001342
0.014013
0.000000
0.000000
0.000000
0.000000
0.000000
0.000000
0.000000
0.000000
0.000000
0.000000
0.000000
0.000000
0.000000
0.000000
0.000000
0.000000
0.000000
0.000000
0.000000
0.000000
0.000000
0.000000
0.032264
0.020609
0.003553
0.022348
0.000530
0.004250
0.019222
0.000445
0.000311
0.035234
0.019778
0.000460
0.146368
0.086242
0.100089
0.448383
0.002545
0.013202
0.016556
0.012256
0.001342
0.014013
0.000000
0.000000
0.000000
0.000000
0.000000
0.000000
0.000000
0.000000
0.000000
0.000000
0.000000
0.000000
0.000000
0.000000
0.000000
0.000000
0.000000
0.000000
0.000000
0.000000
0.000000
0.000000
0.032264
0.000000
0.000000
0.000000
0.000000
0.000000
0.000000
0.000000
0.000000
0.000000
0.000000
0.000000
0.000000
0.000000
0.000000
0.000000
0.000000
0.000000
0.000000
0.000000
0.010592
0.019900
0.001369
0.005010
0.033551
0.029237
0.003374
0.000018
0.005524
0.003504
0.024720
0.002737
0.011104
0.039714
0.431894
0.131838
0.102866
0.130061
0.000000
0.000000
0.000000
0.000000
0.000000
0.000000
0.012986
0.000000
0.000000
0.000000
0.000000
0.000000
0.000000
0.000000
0.000000
0.000000
0.000000
0.000000
0.000000
0.000000
0.000000
0.000000
0.000000
0.000000
0.000000
0.000000
0.010592
0.019900
0.002698
0.003151
0.039083
0.022386
0.000550
0.002759
0.000518
0.000059
0.000870
0.000293
0.001136
0.000803
0.008576
0.009942
0.000950
0.005606
0.303170
0.040718
0.214403
0.136951
0.086571
0.075329
0.012986
0.000000
0.000000
0.000000
0.000000
0.000000
0.000000
0.000000
0.000000
0.000000
0.000000
0.000000
0.000000
0.000000
0.000000
0.000000
0.000000
0.000000
0.000000
0.000000
0.010592
0.019900
0.002698
0.003151
0.039083
0.022386
0.000550
0.002759
0.000518
0.000059
0.000870
0.000293
0.001136
0.000803
0.008576
0.009942
0.000950
0.005606
0.251314
0.138213
0.408843
0.002716
0.055972
0.000085
0.012986
0.000000
0.000000
0.000000
0.000000
0.000000
0.000000
0.000000
0.000000
0.000000
0.000000
0.000000
0.000000
0.000000
0.000000
0.000000
0.000000
0.000000
0.000000
0.000000
0.010592
0.019900
0.002698
0.003151
0.039083
0.022386
0.000550
0.002759
0.000518
0.000059
0.000870
0.000293
0.001136
0.000803
0.008576
0.009942
0.000950
0.005606
0.000560
0.675331
0.043858
0.037293
0.049718
0.050383
0.012986
0.000000
0.000000
0.000000
0.000000
0.000000
0.000000
0.000000
0.000000
0.000000
0.000000
0.000000
0.000000
0.000000
0.000000
0.000000
0.000000
0.000000
0.000000
0.000000
0.010592
0.019900
0.002698
0.003151
0.039083
0.022386
0.000550
0.002759
0.000518
0.000059
0.000870
0.000293
0.001136
0.000803
0.008576
0.009942
0.000950
0.005606
0.004026
0.028364
0.005944
0.614813
0.132060
0.071936
0.012986
0.000000
0.000000
0.000000
0.000000
0.000000
0.000000
0.000000
0.000000
0.000000
0.000000
0.000000
0.000000
0.000000
0.000000
0.000000
0.000000
0.000000
0.000000
0.000000
0.010592
0.019900
0.002698
0.003151
0.039083
0.022386
0.000550
0.002759
0.000518
0.000059
0.000870
0.000293
0.001136
0.000803
0.008576
0.009942
0.000950
0.005606
0.180964
0.007789
0.064455
0.142207
0.357299
0.104429
0.012986
0.000000
0.000000
0.000000
0.000000
0.000000
0.000000
0.000000
0.000000
0.000000
0.000000
0.000000
0.000000
0.000000
0.000000
0.000000
0.000000
0.000000
0.000000
0.000000
0.010592
0.019900
0.002698
0.003151
0.039083
0.022386
0.000550
0.002759
0.000518
0.000059
0.000870
0.000293
0.001136
0.000803
0.008576
0.009942
0.000950
0.005606
0.259040
0.005188
0.002807
0.061197
0.182516
0.346395
0.012986
0.000000
0.000000
0.000000
0.000000
0.000000
0.000000
0.000000
0.000000
0.000000
0.000000
0.000000
0.000000
0.000000
0.000000
0.000000
0.000000
0.000000
0.000000
0.000000
0.010592
0.019900
0.002698
0.003151
0.039083
0.022386
0.000550
0.002759
0.000518
0.000059
0.000870
0.000293
0.001136
0.000803
0.008576
0.009942
0.000950
0.005606
0.000926
0.104397
0.259689
0.004824
0.135864
0.351443
0.012986
0.000000
0.000000
0.000000
0.000000
0.000000
0.000000
0.000000
0.000000
0.000000
0.000000
0.000000
0.000000
0.000000
0.000000
0.000000
0.000000
0.000000
0.000000
0.000000
0.010592
0.019900
0.003292
0.023311
0.002813
0.009958
0.001345
0.170676
0.072669
0.005331
0.059709
0.012627
0.021869
0.036628
0.102873
0.412015
0.017030
0.004376
0.000000
0.000000
0.000000
0.000000
0.000000
0.000000
0.012986
0.000000
0.000000
0.000000
0.000000
0.000000
0.000000
0.000000
0.000000
0.000000
0.000000
0.000000
0.000000
0.000000
0.000000
0.000000
0.000000
0.000000
0.000000
0.000000
0.010592
0.019900
0.022018
0.001136
0.000555
0.004074
0.004912
0.006509
0.030669
0.011791
0.055425
0.033198
0.010048
0.227944
0.060539
0.059520
0.219342
0.208843
0.000000
0.000000
0.000000
0.000000
0.000000
0.000000
0.012986
0.000000
0.000000
0.000000
0.000000
0.000000
0.000000
0.000000
0.000000
0.000000
0.000000
0.000000
0.000000
0.000000
0.000000
0.000000
0.000000
0.000000
0.000000
0.000000
0.010592
0.019900
0.032969
0.066210
0.143286
0.042945
0.050745
0.162385
0.062259
0.207626
0.019513
0.002813
0.015124
0.025829
0.035918
0.085158
0.002014
0.001728
0.000000
0.000000
0.000000
0.000000
0.000000
0.000000
0.012986
0.000000
0.000000
0.000000
0.000000
0.000000
0.000000
0.000000
0.000000
0.000000
0.000000
0.000000
0.000000
0.000000
0.000000
0.000000
0.000000
0.000000
0.000000
0.000000
0.010592
0.019900
0.003539
0.155090
0.000463
0.002477
0.028212
0.007185
0.276768
0.068999
0.054737
0.038649
0.000525
0.143669
0.025933
0.023391
0.112036
0.014849
0.000000
0.000000
0.000000
0.000000
0.000000
0.000000
0.012986
0.000000
0.000000
0.000000
0.000000
0.000000
0.000000
0.000000
0.000000
0.000000
0.000000
0.000000
0.000000
0.000000
0.000000
0.000000
0.000000
0.000000
0.000000
0.000000
0.010592
0.019900
0.050065
0.074617
0.000132
0.006551
0.112347
0.038646
0.171310
0.022372
0.202386
0.014716
0.017337
0.012028
0.063923
0.058161
0.005553
0.106377
0.000000
0.000000
0.000000
0.000000
0.000000
0.000000
0.012986
0.000000
0.000000
0.000000
0.000000
0.000000
0.000000
0.000000
0.000000
0.000000
0.000000
0.000000
0.000000
0.000000
0.000000
0.000000
0.000000
0.000000
0.000000
0.000000
0.010592
0.019900
0.053446
0.060737
0.001122
0.005974
0.099747
0.014706
0.015686
0.065694
0.031640
0.436377
0.021985
0.003962
0.016254
0.026726
0.001132
0.101334
0.000000
0.000000
0.000000
0.000000
0.000000
0.000000
0.012986
0.000000
0.000000
0.000000
0.000000
0.000000
0.000000
0.000000
0.000000
0.000000
0.000000
0.000000
0.000000
0.000000
0.000000
0.000000
0.000000
0.000000
0.000000
0.000000
0.010592
0.019900
0.007054
0.043912
0.082145
0.000193
0.077993
0.005284
0.148101
0.029739
0.003446
0.048429
0.001298
0.183914
0.005003
0.014655
0.290404
0.014954
0.000000
0.000000
0.000000
0.000000
0.000000
0.000000
0.012986
0.000000
0.000000
0.000000
0.000000
0.000000
0.000000
0.000000
0.000000
0.000000
0.000000
0.000000
0.000000
0.000000
0.000000
0.000000
0.000000
0.000000
0.000000
0.000000
0.010592
0.019900
0.000251
0.001644
0.149080
0.023420
0.024094
0.000031
0.000031
0.205193
0.119804
0.015802
0.272199
0.068268
0.001013
0.010354
0.047976
0.017363
0.000000
0.000000
0.000000
0.000000
0.000000
0.000000
0.012986
0.000000
0.000000
0.000000
0.000000
0.000000
0.000000
0.000000
0.000000
0.000000
0.000000
0.000000
0.000000
0.000000
0.000000
0.000000
0.000000
0.000000
0.000000
0.000000
0.010592
0.019900
0.000290
0.096709
0.022883
0.002029
0.226645
0.045680
0.032188
0.221139
0.006899
0.000288
0.108118
0.033529
0.042363
0.000350
0.032469
0.084944
0.000000
0.000000
0.000000
0.000000
0.000000
0.000000
0.012986
0.000000
0.000000
0.000000
0.000000
0.000000
0.000000
0.000000
0.000000
0.000000
0.000000
0.000000
0.000000
0.000000
0.000000
0.000000
0.000000
0.000000
0.000000
0.000000
0.010592
0.019900
0.214328
0.063437
0.005195
0.001034
0.322370
0.005754
0.009673
0.000296
0.003798
0.069970
0.001958
0.106612
0.049584
0.017356
0.000122
0.085034
0.000000
0.000000
0.000000
0.000000
0.000000
0.000000
0.012986
0.000000
0.000000
0.000000
0.000000
0.000000
0.000000
0.000000
0.000000
0.000000
0.000000
0.000000
0.000000
0.000000
0.000000
0.000000
0.000000
0.000000
0.000000
0.000000
0.010592
0.019900
0.109417
0.000506
0.008930
0.099457
0.005772
0.049787
0.022071
0.026230
0.216010
0.135564
0.109675
0.003659
0.003287
0.076914
0.082381
0.006861
0.000000
0.000000
0.000000
0.000000
0.000000
0.000000
0.012986
0.000000
0.000000
0.000000
0.000000
0.000000
0.000000
0.000000
0.000000
0.000000
0.000000
0.000000
0.000000
0.000000
0.000000
0.000000
0.000000
0.000000
0.000000
0.000000
0.010592
0.019900
0.003884
0.059189
0.058290
0.256587
0.005643
0.128952
0.095636
0.024273
0.025242
0.031906
0.207235
0.004876
0.003402
0.003039
0.041336
0.007033
0.000000
0.000000
0.000000
0.000000
0.000000
0.000000
0.012986
0.000000
0.000000
0.000000
0.000000
0.000000
0.000000
0.000000
0.000000
0.000000
0.000000
0.000000
0.000000
0.000000
0.000000
0.000000
0.000000
0.000000
0.000000
0.000000
0.010592
0.019900
0.167485
0.172264
0.123305
0.001012
0.027199
0.014779
0.009482
0.071173
0.066893
0.100359
0.000156
0.082262
0.024400
0.010379
0.028167
0.057206
0.000000
0.000000
0.000000
0.000000
0.000000
0.000000
0.012986
0.000000
0.000000
0.000000
0.000000
0.000000
0.000000
0.000000
0.000000
0.000000
0.000000
0.000000
0.000000
0.000000
0.000000
0.000000
0.000000
0.000000
0.000000
0.000000
0.010592
0.019900
0.134191
0.085361
0.000007
0.329869
0.004279
0.187059
0.015011
0.010084
0.057613
0.051546
0.011180
0.021266
0.014708
0.000013
0.003618
0.030718
0.000000
0.000000
0.000000
0.000000
0.000000
0.000000
0.012986
0.000000
0.000000
0.000000
0.000000
0.000000
0.000000
0.000000
0.000000
0.000000
0.000000
0.000000
0.000000
0.000000
0.000000
0.000000
0.000000
0.000000
0.000000
0.000000
0.010592
0.019900
0.177519
0.068809
0.094667
0.028480
0.001477
0.143235
0.029297
0.026141
0.046077
0.002971
0.182236
0.000219
0.058875
0.000534
0.006906
0.089079
0.000000
0.000000
0.000000
0.000000
0.000000
0.000000
0.012986
