32.640202
-3.682718
-1.854310
0.763768
-1.312751
-0.421755
0.113266
0.016363
-0.043920
0.013880
-0.005860
-0.022053
-0.007784
-0.008441
0.000917
-0.000884
0.000232
-0.000612
0.000326
-0.000186
-0.000017
0.000059
0.000082
-0.000045
-0.000004
-0.000000
-0.000000
0.000000
0.000000
-0.000000
0.000000
0.000000
0.000000
0.000000
0.000000
-0.000000
-0.000000
-0.000000
-0.000000
0.000000
-0.000000
0.000000
0.000000
-0.000000
8.883972
-5.545522
3.225202
-0.811532
1.131629
0.909434
-0.212277
0.330488
-0.128810
-0.069100
0.000086
0.055716
0.033218
0.026614
0.001426
0.016082
0.001910
-0.001740
0.014760
0.010499
-0.001399
0.000719
0.003597
-0.000368
-0.000764
0.000076
-0.000073
0.000025
-0.000017
0.000008
-0.000011
0.000004
-0.000000
0.000000
0.000000
-0.000000
-0.000000
-0.000000
-0.000000
0.000000
-0.000000
0.000000
0.000000
-0.000000
1.050712
-2.009331
2.336537
3.361644
1.077847
-0.684448
0.121601
0.007723
0.385932
0.140299
0.031264
-0.050098
-0.025402
-0.008557
-0.004086
-0.010614
-0.005429
-0.000653
-0.015452
-0.010268
0.001469
-0.001012
-0.003616
0.000400
0.000715
-0.000076
0.000073
-0.000025
0.000017
-0.000008
0.000011
-0.000004
0.000000
0.000000
0.000000
-0.000000
-0.000000
-0.000000
-0.000000
0.000000
-0.000000
0.000000
0.000000
-0.000000
-3.533294
0.188843
-0.114403
0.336637
-0.236216
-0.122884
0.052310
-0.001451
-0.004987
-0.006494
0.018344
-0.040678
0.000715
-0.000990
-0.000712
-0.007071
0.020929
-0.002491
0.027675
0.024591
-0.023597
-0.001748
0.019397
-0.001677
-0.005884
-0.000093
0.000074
-0.000023
0.000016
-0.000008
0.000011
-0.000004
0.000000
0.000000
0.000000
-0.000000
-0.000000
-0.000000
-0.000000
0.000000
-0.000000
0.000000
0.000000
-0.000000
0.263869
-1.063145
1.086247
-1.171397
-1.124050
1.421499
0.240088
-0.583713
0.132288
-0.069105
0.101012
-0.077104
0.060208
0.034154
0.016756
-0.019694
-0.006243
0.003695
-0.011043
-0.002008
0.001390
-0.001320
-0.004468
0.001379
0.001264
-0.000140
-0.000033
-0.000038
0.000034
-0.000042
0.000004
-0.000008
-0.000001
0.000000
0.000000
-0.000000
-0.000000
-0.000000
-0.000000
0.000000
-0.000000
0.000000
0.000000
-0.000000
-1.448068
-0.207894
0.470835
0.660035
-0.289518
0.662590
-0.498085
-0.908164
-0.566883
-0.087557
0.251489
-0.106302
-0.112153
-0.067539
-0.020665
0.004553
0.004641
-0.001743
-0.005311
-0.009209
0.000339
0.000345
0.000789
-0.000979
-0.000479
0.000065
0.000106
0.000013
-0.000017
0.000034
0.000008
0.000004
0.000001
0.000000
0.000000
-0.000000
-0.000000
-0.000000
-0.000000
0.000000
-0.000000
0.000000
0.000000
-0.000000
-2.869853
-0.273105
0.630596
-1.105533
-1.109334
0.592493
0.853600
0.365970
0.740658
-0.080639
-0.141178
-0.061180
-0.097380
-0.062542
0.001064
-0.010199
-0.009356
0.011981
-0.003499
-0.009140
-0.001772
0.000859
0.001081
-0.001004
-0.000092
0.000065
0.000106
0.000013
-0.000017
0.000034
0.000008
0.000004
0.000001
0.000000
0.000000
-0.000000
-0.000000
-0.000000
-0.000000
0.000000
-0.000000
0.000000
0.000000
-0.000000
-2.615711
-0.151232
-0.232693
-0.060794
-0.239757
-0.054085
0.033452
0.024502
-0.082891
0.149569
0.012597
0.021482
0.250576
0.117621
0.019888
-0.016714
0.002998
-0.016533
-0.009282
0.006670
-0.002427
-0.003974
-0.005533
0.002184
0.000193
-0.000075
0.000058
0.000045
-0.000006
0.000017
0.000021
0.000011
0.000003
0.000000
0.000000
-0.000000
-0.000000
-0.000000
-0.000000
0.000000
-0.000000
0.000000
0.000000
-0.000000
-3.048221
-0.052581
-0.247334
0.184238
-0.208238
-0.123187
0.051759
0.000934
0.004751
0.082256
0.084819
0.008222
0.209347
0.009976
-0.121910
0.001364
0.012867
0.046123
-0.002178
-0.018516
0.003063
0.002093
0.005545
-0.001675
-0.000541
0.000140
0.000048
-0.000032
-0.000011
0.000017
-0.000013
-0.000007
-0.000002
0.000000
0.000000
-0.000000
-0.000000
-0.000000
-0.000000
0.000000
-0.000000
0.000000
0.000000
-0.000000
-3.447351
0.105371
-0.085486
0.174886
-0.283242
-0.107011
0.133459
0.029171
0.005344
0.030827
0.004111
-0.020505
-0.014046
-0.023013
-0.018852
0.012395
0.031105
-0.024433
-0.006474
0.032087
-0.012264
-0.013380
-0.016379
0.006666
-0.000913
0.000154
0.000050
-0.000031
-0.000011
0.000017
-0.000013
-0.000007
-0.000002
0.000000
0.000000
-0.000000
-0.000000
-0.000000
-0.000000
0.000000
-0.000000
0.000000
0.000000
-0.000000
-3.317557
0.226220
-0.116199
0.245963
-0.262852
-0.044981
-0.003489
0.061692
-0.134115
0.087366
-0.053496
-0.035082
0.035560
0.083080
0.146235
-0.034109
-0.036807
-0.047050
-0.006869
-0.016382
0.002211
0.005266
0.006348
-0.003575
-0.000601
0.000141
0.000047
-0.000032
-0.000011
0.000017
-0.000013
-0.000007
-0.000002
0.000000
0.000000
-0.000000
-0.000000
-0.000000
-0.000000
0.000000
-0.000000
0.000000
0.000000
-0.000000
-0.620676
-2.001447
0.036149
-2.248663
0.591591
-0.927140
0.267151
-0.088971
-0.150759
0.189420
0.028751
0.137285
-0.020380
-0.040803
-0.031659
0.044194
-0.011722
-0.024669
0.009913
-0.007012
0.009146
0.002305
-0.002658
-0.002029
-0.000646
0.000209
0.000023
-0.000081
-0.000006
-0.000018
0.000023
-0.000000
-0.000002
0.000000
0.000000
-0.000000
-0.000000
-0.000000
-0.000000
0.000000
-0.000000
0.000000
0.000000
-0.000000
-0.799737
-1.984715
0.051784
-2.067855
0.653527
-0.973335
0.266569
-0.079509
-0.219538
0.073671
-0.072127
-0.004438
-0.073515
0.023707
-0.033317
-0.033534
0.032084
-0.008356
-0.037938
-0.007098
-0.000217
-0.003410
0.004272
0.000937
-0.000323
-0.000289
0.000048
0.000055
0.000023
0.000010
-0.000011
-0.000004
0.000002
0.000000
0.000000
-0.000000
-0.000000
-0.000000
-0.000000
0.000000
-0.000000
0.000000
0.000000
-0.000000
-2.082104
-1.032210
-0.042403
-0.769982
0.426663
-0.761861
-0.008132
-0.095205
-0.218642
0.067344
-0.011471
-0.112801
0.006217
-0.057021
0.107179
-0.043148
-0.020690
0.067386
0.021587
-0.000317
-0.020328
0.002667
-0.008631
-0.000355
0.002955
0.000006
0.000001
0.000000
-0.000000
0.000000
0.000000
-0.000000
-0.000000
0.000000
0.000000
-0.000000
-0.000000
-0.000000
-0.000000
0.000000
-0.000000
0.000000
0.000000
-0.000000
-3.386697
0.046381
-0.048237
0.182583
-0.198730
-0.199690
0.036310
0.055810
-0.057423
0.060498
0.040135
-0.018695
-0.009659
-0.040577
0.054787
-0.031160
0.013556
0.023698
0.014210
0.014096
0.042106
-0.003057
0.005312
0.013854
-0.002236
-0.000005
0.000003
0.000004
-0.000000
-0.000000
0.000000
0.000000
0.000000
0.000000
0.000000
-0.000000
-0.000000
-0.000000
-0.000000
0.000000
-0.000000
0.000000
0.000000
-0.000000
-3.420428
0.199678
-0.124642
0.152315
-0.320291
-0.062708
0.074531
0.022742
0.048806
0.140167
0.111905
0.107576
0.043773
-0.087762
-0.007567
0.076340
-0.040364
-0.022418
0.044746
-0.004301
0.006424
0.005376
-0.007066
-0.003412
-0.000353
-0.000285
0.000053
0.000056
0.000023
0.000010
-0.000011
-0.000004
0.000002
0.000000
0.000000
-0.000000
-0.000000
-0.000000
-0.000000
0.000000
-0.000000
0.000000
0.000000
-0.000000
-2.672733
0.202407
-0.552757
0.243084
-0.209089
0.782534
-0.597728
1.129542
-0.571985
-0.222825
-0.133432
-0.051210
-0.021218
-0.051022
-0.008769
0.002982
0.014974
0.003377
-0.008993
-0.012693
0.000650
-0.000686
-0.004217
0.000060
0.000384
-0.000076
0.000073
-0.000025
0.000017
-0.000008
0.000011
-0.000004
0.000000
0.000000
0.000000
-0.000000
-0.000000
-0.000000
-0.000000
0.000000
-0.000000
0.000000
0.000000
-0.000000
-3.255072
0.147488
-0.261016
0.258540
-0.246306
-0.069111
0.021026
0.129371
-0.139892
-0.048866
0.030917
0.074915
-0.140652
0.220264
-0.093205
-0.052903
-0.084360
0.010804
0.016554
0.010005
0.003488
0.000062
-0.003417
-0.000871
0.000386
0.000001
-0.000001
0.000000
0.000000
-0.000000
0.000000
0.000000
0.000000
0.000000
0.000000
-0.000000
-0.000000
-0.000000
-0.000000
0.000000
-0.000000
0.000000
0.000000
-0.000000
-2.419094
-0.178899
0.114972
0.520844
-0.385789
-0.058072
-0.407852
-0.402064
0.065032
-0.291996
-0.443772
0.692215
0.002857
-0.024071
0.013821
-0.010763
0.012427
0.008302
-0.002880
-0.000439
-0.001554
0.001121
-0.000261
-0.000090
0.000207
0.000001
-0.000000
-0.000000
-0.000000
0.000000
0.000000
-0.000000
-0.000000
0.000000
0.000000
-0.000000
-0.000000
-0.000000
-0.000000
0.000000
-0.000000
0.000000
0.000000
-0.000000
-3.540470
0.170317
-0.104249
0.329465
-0.242827
-0.093184
0.075926
0.055119
-0.020149
0.022936
0.016255
-0.067546
-0.001092
-0.019139
-0.012712
-0.009792
0.039781
-0.004097
-0.013745
0.035024
0.010322
0.023202
0.001058
-0.010123
0.006646
0.000020
-0.000005
-0.000001
0.000000
0.000000
-0.000000
-0.000000
-0.000000
0.000000
0.000000
-0.000000
-0.000000
-0.000000
-0.000000
0.000000
-0.000000
0.000000
0.000000
-0.000000
12.389757
5.080372
-0.856699
-0.612601
1.767246
0.676441
-0.139316
-0.118758
0.223342
0.024987
-0.040341
0.018052
-0.001746
0.032031
0.012450
0.013428
-0.001223
0.006009
0.004073
0.004513
0.003351
-0.003898
0.001565
-0.000129
0.002648
-0.000138
-0.000055
-0.000070
0.000025
0.000042
0.000006
-0.000003
-0.000001
0.000000
0.000000
-0.000000
-0.000000
-0.000000
-0.000000
0.000000
-0.000000
0.000000
0.000000
-0.000000
-1.882540
-0.868567
-1.917414
0.516528
1.322948
0.589532
0.548524
-0.147213
0.003435
-0.186377
-0.085158
-0.053753
0.013420
-0.022546
-0.000359
0.000972
-0.005926
-0.004352
0.005075
-0.000037
0.003363
-0.009192
0.002555
-0.003251
0.002384
0.000125
-0.000010
0.000040
-0.000049
-0.000027
0.000002
-0.000008
0.000006
0.000000
0.000000
-0.000000
-0.000000
-0.000000
-0.000000
0.000000
-0.000000
0.000000
0.000000
-0.000000
-3.521720
0.197119
-0.108433
0.291587
-0.250446
-0.127551
0.044901
0.027624
-0.020719
0.018110
0.005165
-0.022720
-0.006751
-0.022095
0.003174
0.008805
0.004009
-0.004777
0.008827
-0.001985
0.004365
-0.022789
0.007141
-0.007350
0.006782
0.000029
0.000061
0.000028
0.000025
-0.000016
-0.000008
0.000010
-0.000005
0.000000
0.000000
-0.000000
-0.000000
-0.000000
-0.000000
0.000000
-0.000000
0.000000
0.000000
-0.000000
-1.959724
-0.850049
-1.917411
0.557927
1.315667
0.607001
0.577707
-0.141648
0.003816
-0.179330
-0.079057
-0.065308
0.010430
-0.023894
-0.011292
-0.009274
-0.007462
-0.004392
-0.007043
-0.002643
-0.003513
0.012856
-0.004320
0.003630
-0.005212
0.000013
0.000066
0.000030
0.000024
-0.000016
-0.000008
0.000010
-0.000005
0.000000
0.000000
-0.000000
-0.000000
-0.000000
-0.000000
0.000000
-0.000000
0.000000
0.000000
-0.000000
10.673749
6.164056
0.951772
-0.796905
0.187412
-0.023472
-0.613068
0.061248
0.198868
0.236525
0.055506
0.037347
-0.024724
0.031257
0.003988
0.011324
0.006766
0.005246
-0.004854
-0.000579
-0.002778
0.004603
-0.000541
0.002309
-0.000615
0.000077
0.000214
0.000050
-0.000027
-0.000040
-0.000007
0.000001
0.000001
0.000000
0.000000
-0.000000
-0.000000
-0.000000
-0.000000
0.000000
-0.000000
0.000000
0.000000
-0.000000
6.336341
6.397170
2.037138
0.336853
-0.368876
-0.569390
0.912735
0.040081
-0.432655
-0.357300
-0.046425
-0.050430
0.039132
-0.060528
-0.019476
-0.023881
-0.006008
-0.010430
0.001285
-0.003648
-0.000216
-0.000677
-0.001238
-0.002155
-0.002070
0.000062
-0.000159
0.000021
0.000003
-0.000003
0.000000
0.000001
0.000000
0.000000
0.000000
-0.000000
-0.000000
-0.000000
-0.000000
0.000000
-0.000000
0.000000
0.000000
-0.000000
-2.379599
0.552669
-0.835386
0.320197
0.016798
0.490630
0.143761
0.344431
0.066595
0.468545
0.514586
0.389191
-0.050874
-0.053373
0.014552
-0.045205
0.016250
0.000785
-0.012801
-0.005333
-0.007337
-0.001250
0.000192
-0.001675
-0.001359
0.000062
-0.000159
0.000021
0.000003
-0.000003
0.000000
0.000001
0.000000
0.000000
0.000000
-0.000000
-0.000000
-0.000000
-0.000000
0.000000
-0.000000
0.000000
0.000000
-0.000000
-2.534172
0.360326
-0.072663
0.216695
-0.291370
0.325595
-0.504226
-0.180771
0.018798
0.719534
-0.506414
-0.256372
-0.021713
-0.045560
-0.042069
-0.018513
-0.002836
-0.006653
0.003950
-0.003451
0.000072
-0.000710
-0.000981
-0.001856
-0.002172
0.000061
-0.000159
0.000021
0.000003
-0.000003
0.000000
0.000001
0.000000
0.000000
0.000000
-0.000000
-0.000000
-0.000000
-0.000000
0.000000
-0.000000
0.000000
0.000000
-0.000000
-3.354311
0.159917
-0.172545
0.222237
-0.270591
-0.163571
0.029026
0.011752
-0.014256
-0.035402
0.003293
-0.029928
-0.033938
0.073673
0.024964
0.113167
-0.013324
0.015135
-0.018773
-0.000540
-0.007193
0.003251
0.005094
0.007814
0.002030
0.000067
-0.000126
0.000109
0.000000
0.000005
0.000011
-0.000006
-0.000003
0.000000
0.000000
-0.000000
-0.000000
-0.000000
-0.000000
0.000000
-0.000000
0.000000
0.000000
-0.000000
-3.448524
0.200988
-0.157850
0.284579
-0.286858
-0.152027
0.033027
0.018742
-0.020377
-0.006945
0.008441
-0.035351
-0.029814
0.055136
0.047772
0.094903
-0.011976
0.031730
-0.029511
0.006707
0.005336
-0.004487
-0.001171
-0.007896
-0.005034
-0.000014
-0.000033
-0.000088
0.000002
-0.000007
-0.000011
0.000008
0.000004
0.000000
0.000000
-0.000000
-0.000000
-0.000000
-0.000000
0.000000
-0.000000
0.000000
0.000000
-0.000000
-3.504879
0.175122
-0.122899
0.271477
-0.242497
-0.121413
0.069483
0.026425
-0.013591
-0.003340
0.006813
-0.029025
-0.014380
-0.004472
-0.029111
0.017070
0.001472
-0.020695
0.007725
-0.011241
-0.014739
0.007051
0.006308
0.015488
0.006023
0.000022
-0.000042
-0.000089
0.000003
-0.000008
-0.000011
0.000008
0.000004
0.000000
0.000000
-0.000000
-0.000000
-0.000000
-0.000000
0.000000
-0.000000
0.000000
0.000000
-0.000000
-1.788093
-0.444964
-0.443836
-0.560285
0.073783
-0.544181
-0.894623
-0.022330
0.481655
-0.452548
0.140723
-0.148603
0.005673
0.019893
-0.002513
-0.019226
0.021915
-0.011154
0.009194
-0.006614
0.002398
0.000125
-0.002764
-0.002102
-0.001648
0.000330
-0.000069
0.000037
0.000049
0.000003
-0.000000
-0.000000
0.000003
0.000000
0.000000
-0.000000
-0.000000
-0.000000
-0.000000
0.000000
-0.000000
0.000000
0.000000
-0.000000
-3.209445
0.043462
-0.212039
0.190436
-0.172740
-0.207050
-0.035922
-0.035663
0.148430
-0.138909
0.039188
-0.086346
-0.056807
0.118678
0.011445
0.002732
0.093426
-0.004403
0.028501
-0.018843
0.001526
0.001330
-0.005526
-0.002599
-0.001055
-0.000264
-0.000089
-0.000016
-0.000046
-0.000005
0.000000
0.000002
-0.000003
0.000000
0.000000
-0.000000
-0.000000
-0.000000
-0.000000
0.000000
-0.000000
0.000000
0.000000
-0.000000
-2.178530
-0.271525
-0.340328
-0.416971
-0.012747
-0.445640
-0.785495
0.045729
0.313840
-0.289201
0.113332
-0.096474
0.052905
-0.122138
-0.022149
-0.023628
-0.067616
-0.012621
-0.021755
0.008290
-0.001669
-0.001699
0.002449
0.000493
-0.000618
-0.000269
-0.000091
-0.000017
-0.000046
-0.000005
0.000000
0.000002
-0.000003
0.000000
0.000000
-0.000000
-0.000000
-0.000000
-0.000000
0.000000
-0.000000
0.000000
0.000000
-0.000000
-0.000000
-0.000000
-0.000000
0.000000
-0.000000
-0.000000
0.000000
-0.000000
-0.000000
-0.000000
-0.000000
0.000000
-0.000000
0.000000
-0.000000
0.000000
-0.000000
0.000000
-0.000000
-0.000000
0.000000
0.000000
0.000000
0.000000
0.000000
0.000000
0.000000
0.000000
-0.000000
0.000000
-0.000000
-0.000000
0.000000
-0.000000
0.000000
-0.000000
-0.000000
0.000000
-0.000000
0.000000
0.000000
-0.000000
0.000000
0.000000
-0.000000
-0.000000
-0.000000
0.000000
-0.000000
-0.000000
0.000000
-0.000000
-0.000000
-0.000000
-0.000000
0.000000
-0.000000
0.000000
-0.000000
0.000000
-0.000000
0.000000
-0.000000
-0.000000
0.000000
0.000000
0.000000
0.000000
0.000000
0.000000
0.000000
0.000000
-0.000000
0.000000
-0.000000
-0.000000
0.000000
-0.000000
0.000000
-0.000000
-0.000000
0.000000
-0.000000
-0.000000
0.000000
0.000000
0.000000
-0.000000
-0.000000
-0.000000
-0.000000
0.000000
-0.000000
-0.000000
0.000000
-0.000000
-0.000000
-0.000000
-0.000000
0.000000
-0.000000
0.000000
-0.000000
0.000000
-0.000000
0.000000
-0.000000
-0.000000
0.000000
0.000000
0.000000
0.000000
0.000000
0.000000
0.000000
0.000000
-0.000000
0.000000
-0.000000
-0.000000
0.000000
-0.000000
0.000000
0.000000
-0.000000
0.000000
0.000000
-0.000000
0.000000
-0.000000
-0.000000
-0.000000
-0.000000
-0.000000
-0.000000
0.000000
-0.000000
-0.000000
0.000000
-0.000000
-0.000000
-0.000000
-0.000000
0.000000
-0.000000
0.000000
-0.000000
0.000000
-0.000000
0.000000
-0.000000
-0.000000
0.000000
0.000000
0.000000
0.000000
0.000000
0.000000
0.000000
0.000000
-0.000000
0.000000
-0.000000
-0.000000
0.000000
-0.000000
0.000000
0.000000
0.000000
-0.000000
-0.000000
0.000000
-0.000000
0.000000
-0.000000
0.000000
-0.000000
-0.000000
-0.000000
0.000000
-0.000000
-0.000000
0.000000
-0.000000
-0.000000
-0.000000
-0.000000
0.000000
-0.000000
0.000000
-0.000000
0.000000
-0.000000
0.000000
-0.000000
-0.000000
0.000000
0.000000
0.000000
0.000000
0.000000
0.000000
0.000000
0.000000
-0.000000
0.000000
-0.000000
-0.000000
0.000000
-0.000000
0.000000
-0.000000
0.000000
-0.000000
0.000000
-0.000000
0.000000
-0.000000
-0.000000
-0.000000
-0.000000
-0.000000
-0.000000
0.000000
-0.000000
-0.000000
0.000000
-0.000000
-0.000000
-0.000000
-0.000000
0.000000
-0.000000
0.000000
-0.000000
0.000000
-0.000000
0.000000
-0.000000
-0.000000
0.000000
0.000000
0.000000
0.000000
0.000000
0.000000
0.000000
0.000000
-0.000000
0.000000
-0.000000
-0.000000
0.000000
-0.000000
0.000000
0.000000
-0.000000
-0.000000
0.000000
-0.000000
-0.000000
0.000000
0.000000
0.000000
-0.000000
-0.000000
-0.000000
0.000000
-0.000000
-0.000000
0.000000
-0.000000
-0.000000
-0.000000
-0.000000
0.000000
-0.000000
0.000000
-0.000000
0.000000
-0.000000
0.000000
-0.000000
-0.000000
0.000000
0.000000
0.000000
0.000000
0.000000
0.000000
0.000000
0.000000
-0.000000
0.000000
-0.000000
-0.000000
0.000000
-0.000000
0.000000
0.000000
0.000000
-0.000000
-0.000000
0.000000
0.000000
-0.000000
0.000000
-0.000000
-0.000000
-0.000000
-0.000000
0.000000
-0.000000
-0.000000
0.000000
-0.000000
-0.000000
-0.000000
-0.000000
0.000000
-0.000000
0.000000
-0.000000
0.000000
-0.000000
0.000000
-0.000000
-0.000000
0.000000
0.000000
0.000000
0.000000
0.000000
0.000000
0.000000
0.000000
-0.000000
0.000000
-0.000000
-0.000000
0.000000
-0.000000
0.000000
0.000000
0.000000
0.000000
0.000000
-0.000000
-0.000000
-0.000000
0.000000
0.000000
-0.000000
-0.000000
-0.000000
0.000000
-0.000000
-0.000000
0.000000
-0.000000
-0.000000
-0.000000
-0.000000
0.000000
-0.000000
0.000000
-0.000000
0.000000
-0.000000
0.000000
-0.000000
-0.000000
0.000000
0.000000
0.000000
0.000000
0.000000
0.000000
0.000000
0.000000
-0.000000
0.000000
-0.000000
-0.000000
0.000000
-0.000000
0.000000
0.000000
-0.000000
-0.000000
-0.000000
-0.000000
-0.000000
-0.000000
-0.000000
0.000000
-0.000000
-0.000000
-0.000000
0.000000
-0.000000
-0.000000
0.000000
-0.000000
-0.000000
-0.000000
-0.000000
0.000000
-0.000000
0.000000
-0.000000
0.000000
-0.000000
0.000000
-0.000000
-0.000000
0.000000
0.000000
0.000000
0.000000
0.000000
0.000000
0.000000
0.000000
-0.000000
0.000000
-0.000000
-0.000000
0.000000
-0.000000
0.000000
-0.000000
-0.000000
0.000000
-0.000000
0.000000
-0.000000
-0.000000
0.000000
-0.000000
