0.489882	0.283922	0.035707	0.128761	0.015360	0.015672	0.025557	0.001229	0.003356	0.000053	0.000205	0.000061	0.000202	0.000004	0.000000	0.000000	0.000014	0.000001	0.000001	0.000011	0.000000	0.000001	0.000000	0.000000	0.000000	0.000000	0.000000	0.000000	0.000000	0.000000	0.000000	0.000000	0.000000	0.000000	0.000000	0.000000	0.000000	0.000000	0.000000	0.000000	0.000000	0.000000	0.000000	0.000000
0.783430	0.005578	0.155532	0.002709	0.010021	0.020076	0.007530	0.001211	0.002950	0.005779	0.002829	0.002065	0.000098	0.000159	0.000017	0.000016	0.000000	0.000001	0.000000	0.000000	0.000000	0.000000	0.000000	0.000000	0.000000	0.000000	0.000000	0.000000	0.000000	0.000000	0.000000	0.000000	0.000000	0.000000	0.000000	0.000000	0.000000	0.000000	0.000000	0.000000	0.000000	0.000000	0.000000	0.000000
0.929815	0.022212	0.004081	0.012566	0.008123	0.013344	0.000359	0.000024	0.006188	0.002500	0.000004	0.000546	0.000097	0.000014	0.000020	0.000036	0.000019	0.000009	0.000002	0.000037	0.000000	0.000003	0.000000	0.000001	0.000000	0.000000	0.000000	0.000000	0.000000	0.000000	0.000000	0.000000	0.000000	0.000000	0.000000	0.000000	0.000000	0.000000	0.000000	0.000000	0.000000	0.000000	0.000000	0.000000
0.952589	0.041070	0.003058	0.000190	0.000964	0.001124	0.000097	0.000022	0.000581	0.000030	0.000000	0.000263	0.000001	0.000001	0.000000	0.000003	0.000005	0.000000	0.000001	0.000000	0.000000	0.000000	0.000000	0.000000	0.000000	0.000000	0.000000	0.000000	0.000000	0.000000	0.000000	0.000000	0.000000	0.000000	0.000000	0.000000	0.000000	0.000000	0.000000	0.000000	0.000000	0.000000	0.000000	0.000000
0.788299	0.205484	0.001242	0.000029	0.002593	0.000613	0.001609	0.000018	0.000012	0.000013	0.000044	0.000000	0.000000	0.000006	0.000012	0.000007	0.000011	0.000001	0.000001	0.000001	0.000001	0.000000	0.000000	0.000000	0.000001	0.000000	0.000000	0.000000	0.000000	0.000000	0.000000	0.000000	0.000000	0.000000	0.000000	0.000000	0.000000	0.000000	0.000000	0.000000	0.000000	0.000000	0.000000	0.000000
0.812027	0.182257	0.000632	0.000250	0.001131	0.000298	0.000034	0.001157	0.000055	0.000687	0.000498	0.000798	0.000088	0.000016	0.000036	0.000008	0.000004	0.000010	0.000008	0.000000	0.000003	0.000000	0.000000	0.000000	0.000000	0.000000	0.000000	0.000000	0.000000	0.000000	0.000000	0.000000	0.000000	0.000000	0.000000	0.000000	0.000000	0.000000	0.000000	0.000000	0.000000	0.000000	0.000000	0.000000
0.955441	0.000000	0.006275	0.000193	0.000672	0.023415	0.001042	0.003949	0.004729	0.003800	0.000005	0.000061	0.000180	0.000004	0.000166	0.000024	0.000004	0.000030	0.000004	0.000001	0.000000	0.000004	0.000000	0.000000	0.000000	0.000000	0.000000	0.000000	0.000000	0.000000	0.000000	0.000000	0.000000	0.000000	0.000000	0.000000	0.000000	0.000000	0.000000	0.000000	0.000000	0.000000	0.000000	0.000000
0.880111	0.074641	0.036434	0.004961	0.000241	0.000001	0.000595	0.000036	0.000625	0.000489	0.001251	0.000218	0.000190	0.000165	0.000004	0.000001	0.000016	0.000015	0.000000	0.000002	0.000001	0.000002	0.000002	0.000000	0.000000	0.000000	0.000000	0.000000	0.000000	0.000000	0.000000	0.000000	0.000000	0.000000	0.000000	0.000000	0.000000	0.000000	0.000000	0.000000	0.000000	0.000000	0.000000	0.000000
0.594455	0.316602	0.070783	0.013185	0.000104	0.000016	0.000298	0.000198	0.000987	0.000908	0.001904	0.000260	0.000109	0.000121	0.000038	0.000008	0.000018	0.000000	0.000000	0.000001	0.000001	0.000002	0.000001	0.000000	0.000000	0.000000	0.000000	0.000000	0.000000	0.000000	0.000000	0.000000	0.000000	0.000000	0.000000	0.000000	0.000000	0.000000	0.000000	0.000000	0.000000	0.000000	0.000000	0.000000
0.855160	0.136280	0.004009	0.000246	0.001240	0.000663	0.000985	0.000094	0.000777	0.000303	0.000117	0.000049	0.000010	0.000058	0.000000	0.000000	0.000008	0.000001	0.000000	0.000001	0.000000	0.000000	0.000000	0.000000	0.000000	0.000000	0.000000	0.000000	0.000000	0.000000	0.000000	0.000000	0.000000	0.000000	0.000000	0.000000	0.000000	0.000000	0.000000	0.000000	0.000000	0.000000	0.000000	0.000000
0.918284	0.036677	0.022656	0.001576	0.012622	0.005765	0.000905	0.000058	0.000000	0.000030	0.000000	0.000179	0.000172	0.000624	0.000148	0.000235	0.000010	0.000043	0.000015	0.000001	0.000000	0.000001	0.000000	0.000000	0.000000	0.000000	0.000000	0.000000	0.000000	0.000000	0.000000	0.000000	0.000000	0.000000	0.000000	0.000000	0.000000	0.000000	0.000000	0.000000	0.000000	0.000000	0.000000	0.000000
0.959311	0.015083	0.000180	0.017739	0.002859	0.000273	0.001106	0.000000	0.002153	0.000019	0.000017	0.000174	0.000672	0.000171	0.000157	0.000044	0.000012	0.000019	0.000009	0.000001	0.000000	0.000002	0.000000	0.000001	0.000000	0.000000	0.000000	0.000000	0.000000	0.000000	0.000000	0.000000	0.000000	0.000000	0.000000	0.000000	0.000000	0.000000	0.000000	0.000000	0.000000	0.000000	0.000000	0.000000
0.971294	0.023868	0.002612	0.000585	0.000302	0.000930	0.000026	0.000018	0.000160	0.000007	0.000001	0.000171	0.000018	0.000005	0.000002	0.000000	0.000002	0.000000	0.000000	0.000000	0.000000	0.000000	0.000000	0.000000	0.000000	0.000000	0.000000	0.000000	0.000000	0.000000	0.000000	0.000000	0.000000	0.000000	0.000000	0.000000	0.000000	0.000000	0.000000	0.000000	0.000000	0.000000	0.000000	0.000000
0.747673	0.218696	0.000131	0.027986	0.000038	0.001678	0.000599	0.000059	0.000701	0.000808	0.000899	0.000573	0.000002	0.000024	0.000005	0.000093	0.000011	0.000000	0.000013	0.000000	0.000000	0.000002	0.000000	0.000007	0.000000	0.000000	0.000000	0.000000	0.000000	0.000000	0.000000	0.000000	0.000000	0.000000	0.000000	0.000000	0.000000	0.000000	0.000000	0.000000	0.000000	0.000000	0.000000	0.000000
0.701450	0.128847	0.035893	0.069496	0.041635	0.005689	0.010789	0.000679	0.003678	0.000007	0.001398	0.000018	0.000045	0.000010	0.000302	0.000018	0.000024	0.000003	0.000011	0.000005	0.000001	0.000000	0.000000	0.000000	0.000000	0.000000	0.000000	0.000000	0.000000	0.000000	0.000000	0.000000	0.000000	0.000000	0.000000	0.000000	0.000000	0.000000	0.000000	0.000000	0.000000	0.000000	0.000000	0.000000
0.785680	0.085292	0.031050	0.025519	0.058906	0.011190	0.001158	0.000218	0.000184	0.000124	0.000005	0.000347	0.000138	0.000147	0.000000	0.000007	0.000003	0.000026	0.000001	0.000001	0.000000	0.000000	0.000001	0.000002	0.000000	0.000000	0.000000	0.000000	0.000000	0.000000	0.000000	0.000000	0.000000	0.000000	0.000000	0.000000	0.000000	0.000000	0.000000	0.000000	0.000000	0.000000	0.000000	0.000000
0.886000	0.027319	0.006494	0.039677	0.008658	0.016696	0.011480	0.000058	0.002810	0.000010	0.000460	0.000258	0.000008	0.000008	0.000006	0.000033	0.000015	0.000003	0.000002	0.000003	0.000000	0.000001	0.000001	0.000001	0.000000	0.000000	0.000000	0.000000	0.000000	0.000000	0.000000	0.000000	0.000000	0.000000	0.000000	0.000000	0.000000	0.000000	0.000000	0.000000	0.000000	0.000000	0.000000	0.000000
0.987824	0.001771	0.000919	0.000371	0.001493	0.000071	0.002162	0.001819	0.001419	0.001738	0.000016	0.000287	0.000027	0.000047	0.000001	0.000001	0.000000	0.000000	0.000014	0.000013	0.000000	0.000003	0.000003	0.000001	0.000000	0.000000	0.000000	0.000000	0.000000	0.000000	0.000000	0.000000	0.000000	0.000000	0.000000	0.000000	0.000000	0.000000	0.000000	0.000000	0.000000	0.000000	0.000000	0.000000
0.983099	0.000135	0.003382	0.010386	0.000328	0.000120	0.000012	0.000031	0.000351	0.001558	0.000438	0.000030	0.000114	0.000005	0.000001	0.000000	0.000001	0.000001	0.000000	0.000000	0.000001	0.000003	0.000000	0.000001	0.000002	0.000000	0.000000	0.000000	0.000000	0.000000	0.000000	0.000000	0.000000	0.000000	0.000000	0.000000	0.000000	0.000000	0.000000	0.000000	0.000000	0.000000	0.000000	0.000000
0.884623	0.057269	0.011785	0.029583	0.003760	0.009226	0.001432	0.000754	0.000013	0.000134	0.000079	0.001149	0.000002	0.000000	0.000049	0.000006	0.000082	0.000002	0.000020	0.000000	0.000028	0.000000	0.000000	0.000000	0.000000	0.000000	0.000000	0.000000	0.000000	0.000000	0.000000	0.000000	0.000000	0.000000	0.000000	0.000000	0.000000	0.000000	0.000000	0.000000	0.000000	0.000000	0.000000	0.000000
0.988116	0.000294	0.006871	0.001166	0.000674	0.002027	0.000262	0.000004	0.000002	0.000070	0.000077	0.000365	0.000008	0.000005	0.000009	0.000000	0.000011	0.000020	0.000013	0.000000	0.000001	0.000000	0.000005	0.000000	0.000000	0.000000	0.000000	0.000000	0.000000	0.000000	0.000000	0.000000	0.000000	0.000000	0.000000	0.000000	0.000000	0.000000	0.000000	0.000000	0.000000	0.000000	0.000000	0.000000
0.972768	0.014115	0.001294	0.003310	0.001229	0.003538	0.002570	0.000178	0.000916	0.000056	0.000001	0.000011	0.000003	0.000000	0.000000	0.000005	0.000004	0.000001	0.000001	0.000000	0.000000	0.000000	0.000000	0.000000	0.000000	0.000000	0.000000	0.000000	0.000000	0.000000	0.000000	0.000000	0.000000	0.000000	0.000000	0.000000	0.000000	0.000000	0.000000	0.000000	0.000000	0.000000	0.000000	0.000000
0.912969	0.000927	0.026691	0.046830	0.001423	0.002667	0.000076	0.001180	0.002074	0.000031	0.001460	0.003603	0.000026	0.000023	0.000001	0.000000	0.000000	0.000000	0.000013	0.000000	0.000003	0.000001	0.000000	0.000000	0.000000	0.000000	0.000000	0.000000	0.000000	0.000000	0.000000	0.000000	0.000000	0.000000	0.000000	0.000000	0.000000	0.000000	0.000000	0.000000	0.000000	0.000000	0.000000	0.000000
0.986726	0.011028	0.001311	0.000110	0.000434	0.000195	0.000025	0.000033	0.000021	0.000001	0.000001	0.000097	0.000010	0.000004	0.000001	0.000001	0.000002	0.000000	0.000000	0.000000	0.000000	0.000000	0.000000	0.000000	0.000000	0.000000	0.000000	0.000000	0.000000	0.000000	0.000000	0.000000	0.000000	0.000000	0.000000	0.000000	0.000000	0.000000	0.000000	0.000000	0.000000	0.000000	0.000000	0.000000
0.978014	0.020912	0.000638	0.000017	0.000335	0.000004	0.000028	0.000004	0.000000	0.000017	0.000007	0.000018	0.000001	0.000002	0.000001	0.000000	0.000003	0.000001	0.000000	0.000000	0.000000	0.000000	0.000000	0.000000	0.000000	0.000000	0.000000	0.000000	0.000000	0.000000	0.000000	0.000000	0.000000	0.000000	0.000000	0.000000	0.000000	0.000000	0.000000	0.000000	0.000000	0.000000	0.000000	0.000000
0.929846	0.066048	0.000002	0.000021	0.001138	0.000357	0.001446	0.000230	0.000500	0.000300	0.000003	0.000074	0.000024	0.000002	0.000007	0.000001	0.000000	0.000002	0.000000	0.000000	0.000000	0.000000	0.000001	0.000000	0.000000	0.000000	0.000000	0.000000	0.000000	0.000000	0.000000	0.000000	0.000000	0.000000	0.000000	0.000000	0.000000	0.000000	0.000000	0.000000	0.000000	0.000000	0.000000	0.000000
0.943668	0.003675	0.033875	0.000603	0.000182	0.002843	0.000734	0.009648	0.000576	0.000000	0.001141	0.001318	0.000909	0.000625	0.000099	0.000100	0.000000	0.000000	0.000002	0.000003	0.000000	0.000000	0.000000	0.000000	0.000000	0.000000	0.000000	0.000000	0.000000	0.000000	0.000000	0.000000	0.000000	0.000000	0.000000	0.000000	0.000000	0.000000	0.000000	0.000000	0.000000	0.000000	0.000000	0.000000
0.571822	0.321143	0.045353	0.001383	0.030675	0.020215	0.000014	0.006558	0.000628	0.001600	0.000100	0.000008	0.000008	0.000181	0.000194	0.000047	0.000044	0.000023	0.000001	0.000001	0.000001	0.000001	0.000001	0.000000	0.000000	0.000000	0.000000	0.000000	0.000000	0.000000	0.000000	0.000000	0.000000	0.000000	0.000000	0.000000	0.000000	0.000000	0.000000	0.000000	0.000000	0.000000	0.000000	0.000000
0.809498	0.129540	0.003568	0.028795	0.001869	0.001796	0.002061	0.015642	0.006634	0.000001	0.000045	0.000302	0.000006	0.000031	0.000073	0.000088	0.000022	0.000016	0.000007	0.000004	0.000001	0.000000	0.000001	0.000000	0.000000	0.000000	0.000000	0.000000	0.000000	0.000000	0.000000	0.000000	0.000000	0.000000	0.000000	0.000000	0.000000	0.000000	0.000000	0.000000	0.000000	0.000000	0.000000	0.000000
0.616160	0.364418	0.001370	0.004203	0.000000	0.003566	0.004907	0.000198	0.000511	0.002745	0.001606	0.000089	0.000001	0.000161	0.000001	0.000031	0.000017	0.000000	0.000005	0.000008	0.000000	0.000004	0.000001	0.000000	0.000000	0.000000	0.000000	0.000000	0.000000	0.000000	0.000000	0.000000	0.000000	0.000000	0.000000	0.000000	0.000000	0.000000	0.000000	0.000000	0.000000	0.000000	0.000000	0.000000
0.504366	0.253230	0.065485	0.104830	0.058606	0.000011	0.005666	0.001731	0.000534	0.003412	0.000088	0.001728	0.000114	0.000042	0.000033	0.000068	0.000054	0.000001	0.000002	0.000000	0.000000	0.000000	0.000000	0.000000	0.000000	0.000000	0.000000	0.000000	0.000000	0.000000	0.000000	0.000000	0.000000	0.000000	0.000000	0.000000	0.000000	0.000000	0.000000	0.000000	0.000000	0.000000	0.000000	0.000000
0.889595	0.082371	0.019910	0.002690	0.000899	0.000736	0.000975	0.000630	0.000581	0.000234	0.001144	0.000182	0.000016	0.000027	0.000004	0.000000	0.000000	0.000000	0.000004	0.000001	0.000000	0.000001	0.000000	0.000000	0.000000	0.000000	0.000000	0.000000	0.000000	0.000000	0.000000	0.000000	0.000000	0.000000	0.000000	0.000000	0.000000	0.000000	0.000000	0.000000	0.000000	0.000000	0.000000	0.000000
0.875303	0.016873	0.054682	0.000157	0.000931	0.023992	0.014539	0.011011	0.000297	0.000126	0.000898	0.000875	0.000015	0.000242	0.000022	0.000002	0.000008	0.000011	0.000003	0.000010	0.000000	0.000003	0.000000	0.000000	0.000000	0.000000	0.000000	0.000000	0.000000	0.000000	0.000000	0.000000	0.000000	0.000000	0.000000	0.000000	0.000000	0.000000	0.000000	0.000000	0.000000	0.000000	0.000000	0.000000
0.992704	0.001208	0.002989	0.000072	0.000312	0.002328	0.000156	0.000004	0.000063	0.000035	0.000001	0.000114	0.000000	0.000008	0.000000	0.000001	0.000001	0.000002	0.000000	0.000001	0.000000	0.000001	0.000000	0.000000	0.000000	0.000000	0.000000	0.000000	0.000000	0.000000	0.000000	0.000000	0.000000	0.000000	0.000000	0.000000	0.000000	0.000000	0.000000	0.000000	0.000000	0.000000	0.000000	0.000000
0.741082	0.243526	0.001230	0.001471	0.001522	0.000346	0.000083	0.000405	0.000397	0.006884	0.002187	0.000397	0.000038	0.000190	0.000121	0.000076	0.000000	0.000039	0.000002	0.000000	0.000001	0.000001	0.000000	0.000001	0.000000	0.000000	0.000000	0.000000	0.000000	0.000000	0.000000	0.000000	0.000000	0.000000	0.000000	0.000000	0.000000	0.000000	0.000000	0.000000	0.000000	0.000000	0.000000	0.000000
0.959969	0.011194	0.006024	0.019960	0.000005	0.000465	0.000823	0.000130	0.000641	0.000056	0.000016	0.000515	0.000044	0.000014	0.000009	0.000003	0.000084	0.000021	0.000009	0.000002	0.000019	0.000000	0.000000	0.000000	0.000000	0.000000	0.000000	0.000000	0.000000	0.000000	0.000000	0.000000	0.000000	0.000000	0.000000	0.000000	0.000000	0.000000	0.000000	0.000000	0.000000	0.000000	0.000000	0.000000
0.903612	0.095300	0.000207	0.000104	0.000088	0.000196	0.000252	0.000063	0.000038	0.000012	0.000062	0.000000	0.000011	0.000039	0.000001	0.000002	0.000007	0.000004	0.000000	0.000001	0.000001	0.000000	0.000000	0.000000	0.000000	0.000000	0.000000	0.000000	0.000000	0.000000	0.000000	0.000000	0.000000	0.000000	0.000000	0.000000	0.000000	0.000000	0.000000	0.000000	0.000000	0.000000	0.000000	0.000000
0.813043	0.026420	0.061250	0.010622	0.074565	0.010985	0.001519	0.000210	0.000634	0.000015	0.000001	0.000441	0.000207	0.000054	0.000006	0.000018	0.000003	0.000001	0.000000	0.000000	0.000003	0.000002	0.000002	0.000001	0.000000	0.000000	0.000000	0.000000	0.000000	0.000000	0.000000	0.000000	0.000000	0.000000	0.000000	0.000000	0.000000	0.000000	0.000000	0.000000	0.000000	0.000000	0.000000	0.000000
0.952931	0.018096	0.000870	0.006354	0.003596	0.001885	0.010205	0.000455	0.002718	0.000617	0.001332	0.000799	0.000032	0.000019	0.000004	0.000002	0.000057	0.000011	0.000007	0.000002	0.000008	0.000000	0.000000	0.000000	0.000000	0.000000	0.000000	0.000000	0.000000	0.000000	0.000000	0.000000	0.000000	0.000000	0.000000	0.000000	0.000000	0.000000	0.000000	0.000000	0.000000	0.000000	0.000000	0.000000
0.963113	0.031579	0.001292	0.000111	0.000908	0.001433	0.000417	0.000668	0.000014	0.000079	0.000051	0.000230	0.000002	0.000000	0.000000	0.000005	0.000081	0.000001	0.000010	0.000003	0.000001	0.000000	0.000002	0.000000	0.000000	0.000000	0.000000	0.000000	0.000000	0.000000	0.000000	0.000000	0.000000	0.000000	0.000000	0.000000	0.000000	0.000000	0.000000	0.000000	0.000000	0.000000	0.000000	0.000000
0.910482	0.062818	0.009139	0.010614	0.001063	0.002549	0.001469	0.000315	0.000191	0.000548	0.000434	0.000305	0.000022	0.000000	0.000019	0.000003	0.000018	0.000000	0.000002	0.000001	0.000003	0.000000	0.000004	0.000000	0.000000	0.000000	0.000000	0.000000	0.000000	0.000000	0.000000	0.000000	0.000000	0.000000	0.000000	0.000000	0.000000	0.000000	0.000000	0.000000	0.000000	0.000000	0.000000	0.000000
0.967355	0.031933	0.000001	0.000003	0.000030	0.000569	0.000001	0.000000	0.000000	0.000053	0.000013	0.000000	0.000005	0.000024	0.000000	0.000000	0.000006	0.000001	0.000000	0.000000	0.000001	0.000000	0.000000	0.000000	0.000000	0.000000	0.000000	0.000000	0.000000	0.000000	0.000000	0.000000	0.000000	0.000000	0.000000	0.000000	0.000000	0.000000	0.000000	0.000000	0.000000	0.000000	0.000000	0.000000
0.810620	0.085452	0.040086	0.028803	0.003763	0.014408	0.006165	0.009908	0.000092	0.000151	0.000000	0.000036	0.000358	0.000091	0.000035	0.000000	0.000001	0.000001	0.000027	0.000003	0.000000	0.000000	0.000000	0.000000	0.000000	0.000000	0.000000	0.000000	0.000000	0.000000	0.000000	0.000000	0.000000	0.000000	0.000000	0.000000	0.000000	0.000000	0.000000	0.000000	0.000000	0.000000	0.000000	0.000000
0.983083	0.016516	0.000166	0.000102	0.000070	0.000004	0.000012	0.000001	0.000000	0.000007	0.000007	0.000017	0.000004	0.000006	0.000000	0.000000	0.000002	0.000001	0.000000	0.000000	0.000000	0.000000	0.000000	0.000000	0.000000	0.000000	0.000000	0.000000	0.000000	0.000000	0.000000	0.000000	0.000000	0.000000	0.000000	0.000000	0.000000	0.000000	0.000000	0.000000	0.000000	0.000000	0.000000	0.000000
