48.749659
-7.432146
-0.734631
-0.005548
-0.030961
-0.131112
-0.016234
-0.021962
-0.017647
0.001806
-0.015146
0.000301
-0.004619
0.003828
0.001626
-0.000504
0.002522
-0.000831
0.001709
-0.000058
0.000203
-0.000266
-0.000425
-0.000209
-0.000007
-0.000263
-0.000028
0.000125
0.000125
0.000004
0.000038
0.000045
-0.000031
-0.000004
0.000012
-0.000010
0.000000
-0.000000
0.000000
-0.000000
0.000000
-0.000000
0.000000
-0.000000
23.610000
9.720434
1.645682
-0.118691
-0.187168
0.123308
0.359978
-0.027628
-0.061261
0.020617
0.018621
0.053234
0.009327
-0.020888
0.013562
-0.023330
-0.011758
-0.002193
-0.004463
0.015273
-0.000810
0.002260
0.001229
0.003514
-0.005158
0.002525
-0.000655
-0.001851
0.001554
0.002651
0.000808
-0.002709
-0.000925
0.001089
-0.000183
0.000127
-0.000043
-0.000001
0.000000
-0.000000
0.000000
-0.000000
0.000000
-0.000000
0.390419
0.482114
0.485375
-0.313373
-0.009717
-0.155203
0.763039
-0.092028
-0.281311
0.172992
-0.270144
0.085257
0.046323
-0.031255
0.041089
-0.080683
0.041371
-0.005198
-0.024994
0.062961
-0.003175
-0.017453
-0.007441
0.011776
-0.016151
0.000959
-0.006139
-0.004841
0.005959
0.003483
-0.003210
-0.000500
-0.003431
0.000359
-0.000218
-0.000622
-0.000332
0.000001
0.000001
-0.000000
0.000000
0.000000
0.000000
0.000000
-0.554239
0.185385
0.165171
-0.261541
0.069412
-0.027718
0.594335
-0.099068
-0.192442
0.321460
-0.293583
-0.087499
-0.065995
0.018616
-0.024524
0.051528
0.005684
-0.026932
0.014974
-0.017047
0.030720
0.007494
0.004769
-0.006823
0.007800
-0.006907
0.001014
0.005484
-0.012601
-0.001905
0.000479
-0.000210
0.006997
-0.001235
0.000729
0.000079
0.000255
-0.000002
-0.000000
0.000000
-0.000001
0.000001
-0.000000
-0.000000
-0.716953
0.085354
0.189687
-0.245856
0.050628
0.010729
0.527241
-0.056229
-0.194468
0.311648
-0.259280
-0.072582
-0.033883
0.052016
-0.034612
0.037499
0.002395
-0.018940
0.018435
-0.039789
0.015233
-0.025523
-0.013026
-0.007035
0.014736
0.001675
0.013017
0.005017
0.000066
-0.008250
-0.000889
0.005582
-0.001790
-0.000002
-0.000114
0.001422
0.000251
0.000002
-0.000001
0.000001
0.000000
-0.000000
0.000000
0.000000
-1.582290
-0.236578
-0.076650
-0.096926
0.028796
-0.098743
0.043821
-0.041090
0.008454
-0.005571
-0.037973
-0.006663
-0.035587
-0.029502
0.019151
0.018149
-0.005717
-0.012425
-0.005356
0.018676
0.019946
0.038119
0.014597
0.003177
-0.003759
-0.009489
-0.010339
0.000732
-0.014512
0.005983
0.001345
-0.004917
0.008811
-0.002435
0.000751
-0.001816
-0.000129
-0.000000
0.000002
-0.000001
0.000001
-0.000001
0.000000
0.000000
-1.253178
-0.250403
0.149022
-0.095657
-0.129521
-0.147481
0.049200
-0.016842
0.010036
-0.148654
0.036518
0.167516
0.090229
-0.057018
0.072563
-0.087801
-0.013335
-0.013206
-0.020646
0.078165
-0.003759
-0.021153
0.006774
0.013679
0.002940
0.001677
-0.019315
-0.011552
0.002284
-0.004762
-0.005598
-0.001046
0.003537
-0.000136
0.000999
0.001202
0.000478
0.000001
-0.000000
0.000001
-0.000000
0.000000
-0.000000
0.000000
-1.332116
-0.252718
0.141936
-0.099365
-0.138667
-0.135781
0.023589
-0.007165
0.019362
-0.143590
0.039074
0.164942
0.084060
-0.033058
0.052571
-0.060000
-0.018051
-0.022529
-0.007410
0.059891
-0.004481
-0.014510
0.001031
-0.001761
0.007958
0.001597
-0.009369
0.002411
-0.007370
-0.004380
-0.000744
0.010762
-0.004093
-0.003292
-0.001993
0.001091
0.000529
-0.000001
-0.000002
-0.000001
-0.000000
0.000000
0.000000
-0.000000
-1.667124
-0.334959
-0.045307
-0.078056
0.020784
-0.070991
0.002561
-0.005372
-0.008739
-0.022194
-0.006277
0.010891
0.002736
-0.020147
0.028744
-0.024251
-0.004045
0.005495
-0.015204
0.014004
0.005015
-0.001658
0.002506
0.018517
-0.001965
-0.000703
-0.008258
-0.013806
0.007762
-0.000485
-0.004886
-0.010773
0.007482
0.002050
0.002926
-0.000311
-0.000217
-0.000001
-0.000001
0.000001
-0.000000
-0.000000
0.000000
-0.000000
-1.680287
-0.298899
-0.025758
-0.083875
-0.000940
-0.068480
-0.001006
0.002606
-0.009732
-0.010928
-0.016084
0.026746
0.002884
-0.006668
0.008379
0.007482
-0.003157
-0.000060
0.000231
-0.003761
0.000901
-0.000339
-0.000260
-0.002080
-0.000386
-0.006729
-0.003526
0.003959
0.001918
0.000895
-0.000810
0.002429
-0.003686
-0.000323
-0.000273
0.000535
-0.000023
-0.000001
-0.000000
0.000001
-0.000001
-0.000000
-0.000000
0.000000
12.814499
7.505181
-3.175480
0.002129
0.399014
-0.062829
-0.231770
0.055139
0.219167
-0.074744
0.073639
-0.090453
-0.017468
0.028224
-0.006874
-0.002552
-0.064685
-0.002006
-0.016446
-0.016121
0.006959
0.031838
-0.009223
0.001823
0.000424
-0.003185
0.006024
0.003520
-0.006647
-0.003267
-0.001007
0.004349
0.000744
0.000377
0.000517
-0.000148
0.000052
0.000001
-0.000000
0.000000
-0.000000
0.000001
-0.000000
0.000000
0.292354
0.381740
-1.190768
-0.917368
-0.999557
1.178876
-0.112127
0.741505
-0.029896
0.119317
0.025139
-0.004408
0.110664
0.104294
-0.036005
-0.009168
0.051932
0.031036
0.004527
-0.001776
0.002140
-0.039778
0.033405
0.006550
-0.001762
-0.003503
0.001285
-0.000997
0.000816
-0.003533
-0.002014
-0.002327
-0.000190
-0.000058
-0.001257
0.000661
0.000197
0.000001
0.000001
0.000000
0.000000
0.000000
0.000000
0.000000
-1.649415
-0.389094
-0.109939
-0.102064
0.055394
-0.101610
-0.092718
0.007703
-0.005041
0.055850
0.001887
0.118612
-0.010784
0.042419
-0.128774
0.040999
-0.020436
-0.018644
-0.086953
-0.021777
-0.030659
-0.036454
0.074785
0.031006
-0.008063
0.002200
0.026907
-0.009857
-0.017521
0.008939
-0.005210
-0.001282
0.000139
-0.002404
0.000430
0.001851
0.000073
-0.000000
-0.000001
-0.000000
-0.000000
-0.000000
0.000000
0.000000
-1.390274
-0.355059
-0.471538
-0.246715
-0.240056
0.275339
0.198383
1.155393
0.384820
-0.074684
-0.144432
0.005979
-0.146553
-0.155944
0.026258
0.044388
0.031144
-0.063059
0.014485
0.021606
-0.020336
0.015674
-0.018148
-0.013544
0.008703
0.007792
-0.011153
-0.000709
0.004702
0.006709
0.001632
-0.000730
0.000333
-0.001737
0.001148
-0.000618
-0.000270
-0.000000
-0.000001
-0.000000
-0.000000
-0.000000
-0.000000
-0.000000
-1.666843
-0.296591
-0.052250
-0.078865
0.025132
-0.065175
0.010970
0.009435
-0.002524
-0.018919
0.003326
-0.010187
0.009414
0.037280
-0.011126
-0.025854
-0.001840
0.007622
0.026763
-0.017466
-0.023201
-0.005258
0.021540
-0.030876
-0.030739
0.008606
-0.027462
0.011734
-0.014432
-0.001151
0.010400
-0.005405
0.005654
0.004382
-0.003989
0.003349
-0.000419
-0.000002
0.000001
-0.000000
-0.000000
-0.000000
-0.000000
-0.000000
-1.736407
-0.334741
-0.049498
-0.082997
0.007813
-0.060964
-0.018944
0.001786
0.005287
-0.017585
-0.001094
0.011808
-0.003049
0.005139
0.008456
0.004174
-0.005297
-0.001594
-0.001615
-0.005473
0.006554
0.006783
-0.002404
0.005573
0.001796
-0.000326
0.001111
-0.000873
-0.000375
-0.001951
-0.000669
0.002399
-0.000080
-0.000159
-0.000625
-0.000823
-0.000214
0.000003
0.000001
0.000002
-0.000000
-0.000000
0.000000
-0.000000
-1.207361
0.021829
-0.755808
-0.615132
-0.698272
0.910839
-0.491091
-0.629009
-0.450662
0.198171
0.028780
-0.141359
0.155337
0.002678
0.180391
0.044054
0.020141
-0.020301
-0.009297
0.015559
-0.001654
0.012279
-0.021325
-0.004146
-0.001205
0.000871
0.001415
-0.000385
-0.000115
0.004675
0.001727
-0.000087
0.000660
-0.001675
0.001080
-0.000367
-0.000087
-0.000001
-0.000000
-0.000000
-0.000001
-0.000000
-0.000000
-0.000000
-1.442364
-0.215211
-0.047695
-0.127367
0.044446
-0.073091
0.079957
0.011935
-0.033063
-0.000121
0.004937
-0.061516
0.074190
0.098096
-0.037030
-0.113226
0.011598
0.061062
0.007654
-0.034733
0.013766
0.044727
0.021168
-0.001167
0.033790
0.004646
-0.017757
0.004579
0.001888
0.002866
0.001654
-0.000852
-0.002964
-0.002073
-0.000243
0.000513
-0.000294
-0.000001
0.000001
0.000000
-0.000000
0.000000
-0.000000
0.000000
-1.495224
-0.237598
-0.047504
-0.119462
0.048711
-0.066345
0.079638
0.009623
-0.022281
0.008905
-0.012180
-0.055282
0.055441
0.083189
-0.037036
-0.101574
0.028676
0.069743
0.007095
-0.037504
0.007826
0.058518
0.030630
-0.005085
0.030520
0.009226
-0.023694
0.001293
0.003299
0.005104
-0.000805
-0.000153
-0.003730
-0.002642
0.000317
-0.000050
0.000333
0.000001
-0.000002
-0.000000
0.000000
-0.000001
0.000000
-0.000000
-1.692656
-0.314697
-0.052193
-0.089979
0.006664
-0.066512
-0.022988
0.005557
-0.007124
-0.025435
0.013213
0.001665
0.015726
0.018539
0.008687
-0.007690
-0.025905
-0.013049
-0.001104
-0.001377
0.010576
-0.008385
-0.012908
0.006908
0.006415
-0.005697
0.007490
0.003298
-0.003318
-0.002513
0.002262
0.000185
0.000701
-0.000239
-0.000596
0.000068
-0.000794
0.000002
-0.000000
-0.000000
0.000000
0.000000
-0.000000
-0.000000
-1.596333
-0.331758
-0.058625
-0.110174
-0.033542
-0.027779
0.029448
0.118974
0.028354
-0.053446
0.018042
0.002047
0.005316
0.015312
0.005168
0.012717
-0.004260
-0.006697
-0.022183
0.002025
0.016375
0.005589
-0.012197
0.011499
-0.010487
0.006887
0.005823
0.007671
-0.002207
-0.013679
0.000476
0.007737
-0.001393
-0.002834
-0.004201
-0.000804
-0.000566
-0.000001
0.000000
-0.000000
-0.000000
-0.000001
0.000000
-0.000000
-1.203276
-0.062739
-0.027649
-0.123802
-0.036868
-0.082605
0.043661
0.119842
-0.011648
-0.100269
0.087221
0.096416
0.008736
0.121237
-0.042680
-0.026092
-0.036501
0.060510
0.084060
-0.009482
0.038353
-0.058206
-0.034711
-0.000413
-0.003882
-0.025914
0.005759
-0.004254
-0.002238
-0.005858
-0.002748
-0.002654
0.001007
0.002429
0.000897
-0.001296
0.000264
-0.000001
-0.000001
-0.000000
-0.000000
-0.000000
-0.000000
-0.000000
-1.340681
-0.112039
-0.103556
-0.109624
0.056873
-0.044669
0.016840
0.103809
0.025287
-0.032194
0.013245
-0.010846
-0.032960
0.097077
-0.043571
-0.018199
-0.010965
0.089783
0.066318
-0.008076
0.004822
-0.039028
-0.041720
0.017138
-0.008203
-0.000767
0.001432
-0.014508
0.001090
0.002012
0.002011
0.002130
0.000022
-0.000053
0.004636
0.000367
0.000219
-0.000001
0.000001
-0.000000
-0.000001
-0.000001
-0.000000
0.000000
-1.607590
-0.287307
0.023715
-0.095440
-0.083804
-0.098086
0.003642
0.018144
-0.030383
-0.083469
0.070295
0.115428
0.038202
0.027959
0.010045
-0.003834
-0.034509
-0.033774
0.015903
-0.005417
0.038090
-0.014090
0.003782
-0.014553
0.007510
-0.026077
0.005972
0.010554
-0.005207
-0.008230
-0.004797
-0.003846
0.000924
0.001416
-0.003815
-0.002177
-0.000100
0.000000
-0.000001
0.000000
0.000000
0.000000
0.000001
0.000001
-0.685812
-0.056226
-0.318622
1.117122
0.111730
0.168920
0.248203
0.021069
0.074103
-0.060419
0.004606
0.062146
0.090640
-0.125825
0.063431
0.018846
0.025798
0.090421
-0.055509
-0.046263
0.001045
-0.025621
-0.008208
0.008308
-0.004105
-0.000023
0.000086
0.005550
-0.001704
0.001525
0.004778
-0.004311
0.002075
0.000554
-0.001058
0.001002
0.000144
-0.000002
-0.000001
-0.000000
-0.000000
0.000000
0.000000
0.000000
-0.833688
-0.070326
-0.320790
1.118533
0.098284
0.172573
0.210997
0.026336
0.069625
-0.006275
0.005374
0.064748
0.080729
-0.121323
0.073230
0.036139
0.014607
0.071202
-0.016335
-0.042238
0.000917
-0.007837
0.005905
-0.018248
0.006499
-0.005474
0.010050
-0.003987
0.002049
-0.000917
-0.000968
0.002823
0.001161
-0.001360
0.000203
-0.000047
0.000106
0.000001
0.000001
0.000000
0.000000
-0.000000
0.000000
-0.000000
-0.833688
-0.070326
-0.320790
1.118533
0.098284
0.172573
0.210997
0.026336
0.069625
-0.006275
0.005374
0.064748
0.080729
-0.121323
0.073230
0.036139
0.014607
0.071202
-0.016335
-0.042238
0.000917
-0.007837
0.005905
-0.018248
0.006499
-0.005474
0.010050
-0.003987
0.002049
-0.000917
-0.000968
0.002823
0.001161
-0.001360
0.000203
-0.000047
0.000106
0.000001
0.000001
0.000000
0.000000
-0.000000
0.000000
-0.000000
-1.725230
-0.329811
-0.052333
-0.073040
0.009881
-0.060635
-0.020544
0.002028
-0.000328
-0.021430
-0.003486
0.011502
0.000282
0.001835
0.008702
-0.000169
-0.007189
-0.004375
-0.003703
-0.002952
0.002651
0.004957
-0.003703
0.001852
0.002356
-0.000927
0.001088
0.000680
-0.003250
0.000254
0.000724
-0.000991
0.000293
-0.001807
0.000555
-0.000421
-0.000021
0.000001
-0.000001
0.000000
-0.000000
-0.000000
0.000000
-0.000000
-1.725230
-0.329811
-0.052333
-0.073040
0.009881
-0.060635
-0.020544
0.002028
-0.000328
-0.021430
-0.003486
0.011502
0.000282
0.001835
0.008702
-0.000169
-0.007189
-0.004375
-0.003703
-0.002952
0.002651
0.004957
-0.003703
0.001852
0.002356
-0.000927
0.001088
0.000680
-0.003250
0.000254
0.000724
-0.000991
0.000293
-0.001807
0.000555
-0.000421
-0.000021
0.000001
-0.000001
0.000000
-0.000000
-0.000000
0.000000
-0.000000
-1.631374
-0.335531
-0.045845
-0.088856
0.022853
-0.060767
0.009939
0.003821
0.012439
-0.053922
-0.002554
0.002143
0.007158
0.005655
0.004406
-0.006623
0.000078
0.020415
-0.033313
-0.007591
0.009370
-0.010465
-0.018345
0.032843
-0.006975
0.004980
-0.005203
0.007086
-0.001794
0.001898
0.003411
-0.001971
0.000227
0.001888
-0.001659
0.000046
-0.000393
0.000002
-0.000000
-0.000000
0.000000
-0.000000
-0.000000
0.000000
-1.631374
-0.335531
-0.045845
-0.088856
0.022853
-0.060767
0.009939
0.003821
0.012439
-0.053922
-0.002554
0.002143
0.007158
0.005655
0.004406
-0.006623
0.000078
0.020415
-0.033313
-0.007591
0.009370
-0.010465
-0.018345
0.032843
-0.006975
0.004980
-0.005203
0.007086
-0.001794
0.001898
0.003411
-0.001971
0.000227
0.001888
-0.001659
0.000046
-0.000393
0.000002
-0.000000
-0.000000
0.000000
-0.000000
-0.000000
0.000000
0.485009
0.883512
-0.685083
0.868316
-0.312974
0.376554
0.141540
-0.675915
0.474924
-0.154224
-0.082774
-0.049269
-0.029041
0.028879
-0.110489
-0.069195
0.100915
-0.052364
0.062858
0.002780
-0.065644
-0.044969
0.013402
-0.009282
-0.000057
-0.001863
0.003608
-0.001662
0.009832
-0.002618
-0.004665
0.004806
0.005196
-0.005635
-0.002213
-0.000491
-0.000431
0.000001
0.000000
-0.000000
-0.000000
-0.000000
-0.000000
-0.000000
-1.520574
-0.279562
-0.057780
-0.069454
0.026449
-0.041504
0.003679
-0.022612
0.005392
-0.074893
-0.005171
-0.015171
0.062117
-0.001757
-0.029348
-0.043839
0.032457
0.001525
0.002590
0.011256
0.002768
0.005270
-0.016382
-0.027299
-0.012430
0.034671
0.019887
-0.008043
-0.015077
-0.000230
0.001736
-0.009282
-0.001690
0.000340
0.001035
-0.002996
0.000060
0.000000
-0.000001
0.000000
0.000000
0.000000
-0.000000
0.000000
-1.520574
-0.279562
-0.057780
-0.069454
0.026449
-0.041504
0.003679
-0.022612
0.005392
-0.074893
-0.005171
-0.015171
0.062117
-0.001757
-0.029348
-0.043839
0.032457
0.001525
0.002590
0.011256
0.002768
0.005270
-0.016382
-0.027299
-0.012430
0.034671
0.019887
-0.008043
-0.015077
-0.000230
0.001736
-0.009282
-0.001690
0.000340
0.001035
-0.002996
0.000060
0.000000
-0.000001
0.000000
0.000000
0.000000
-0.000000
0.000000
-1.417176
-0.193958
-0.030706
-0.002746
-0.178579
-0.171503
0.016897
-0.273004
0.823684
0.170962
0.016174
-0.039663
0.027045
0.046814
0.043496
0.064053
0.015120
-0.022339
0.005467
0.014819
0.049874
-0.007506
0.007281
0.006873
0.000607
0.005027
-0.010925
-0.003806
0.001091
0.002093
0.002942
-0.003911
-0.004005
0.001384
0.000250
0.000518
0.000164
-0.000000
-0.000000
-0.000000
0.000000
0.000000
0.000000
0.000000
-1.417176
-0.193958
-0.030706
-0.002746
-0.178579
-0.171503
0.016897
-0.273004
0.823684
0.170962
0.016174
-0.039663
0.027045
0.046814
0.043496
0.064053
0.015120
-0.022339
0.005467
0.014819
0.049874
-0.007506
0.007281
0.006873
0.000607
0.005027
-0.010925
-0.003806
0.001091
0.002093
0.002942
-0.003911
-0.004005
0.001384
0.000250
0.000518
0.000164
-0.000000
-0.000000
-0.000000
0.000000
0.000000
0.000000
0.000000
-0.888635
0.249818
-0.449313
-0.372900
-0.122530
0.314468
-0.172098
-0.346063
-0.197210
-0.332147
-0.195678
-0.015267
-0.197892
-0.138780
-0.040186
0.011627
0.025671
0.002502
0.003845
-0.015963
0.033055
-0.016279
0.005932
0.004158
0.007990
-0.001120
-0.009713
-0.000325
-0.001095
0.001511
0.001581
-0.001832
-0.003385
0.002567
0.000874
0.000532
0.000156
-0.000000
-0.000000
0.000000
0.000000
0.000000
0.000000
-0.000000
-0.888635
0.249818
-0.449313
-0.372900
-0.122530
0.314468
-0.172098
-0.346063
-0.197210
-0.332147
-0.195678
-0.015267
-0.197892
-0.138780
-0.040186
0.011627
0.025671
0.002502
0.003845
-0.015963
0.033055
-0.016279
0.005932
0.004158
0.007990
-0.001120
-0.009713
-0.000325
-0.001095
0.001511
0.001581
-0.001832
-0.003385
0.002567
0.000874
0.000532
0.000156
-0.000000
-0.000000
0.000000
0.000000
0.000000
0.000000
-0.000000
-1.453104
-0.172898
-0.340689
1.130567
-0.056915
0.171472
0.098472
-0.005458
-0.171098
0.064495
0.084490
0.106597
0.005709
0.047263
-0.016183
0.041702
0.028584
-0.046567
0.035765
0.003481
-0.061126
0.034267
-0.006325
0.016644
0.001345
-0.011702
-0.015530
0.000234
-0.009692
-0.003505
0.001933
-0.002957
-0.004379
0.004080
0.003018
-0.000584
0.000050
-0.000000
-0.000000
0.000000
0.000000
0.000000
0.000000
-0.000000
-1.453104
-0.172898
-0.340689
1.130567
-0.056915
0.171472
0.098472
-0.005458
-0.171098
0.064495
0.084490
0.106597
0.005709
0.047263
-0.016183
0.041702
0.028584
-0.046567
0.035765
0.003481
-0.061126
0.034267
-0.006325
0.016644
0.001345
-0.011702
-0.015530
0.000234
-0.009692
-0.003505
0.001933
-0.002957
-0.004379
0.004080
0.003018
-0.000584
0.000050
-0.000000
-0.000000
0.000000
0.000000
0.000000
0.000000
-0.000000
-1.564303
-0.262331
-0.029854
-0.094703
-0.007025
-0.091214
0.016864
-0.029260
0.068257
-0.024685
0.025757
-0.029101
0.010639
0.016993
-0.008120
-0.024153
-0.034896
-0.019179
-0.023891
0.002068
-0.030048
-0.014131
-0.021216
-0.011317
0.004096
-0.009360
0.013319
0.024003
0.007628
0.014438
-0.007890
-0.012553
-0.003992
-0.002759
0.002020
0.000387
-0.000068
-0.000001
-0.000000
-0.000001
-0.000000
0.000000
-0.000000
0.000000
-1.607664
-0.279412
-0.036124
-0.091049
-0.012479
-0.084861
0.013032
-0.031150
0.070836
-0.009826
0.023524
-0.026370
0.002298
0.010548
-0.004383
-0.009619
-0.023772
-0.018050
-0.021377
0.000796
-0.023543
-0.009009
-0.017258
-0.006997
0.006840
-0.010392
0.011984
0.016936
0.005591
0.011038
-0.010806
-0.010928
-0.002404
-0.003345
0.005649
0.001209
0.000146
0.000000
0.000001
0.000000
0.000001
-0.000000
0.000000
-0.000000
-1.562492
-0.212039
-0.052676
-0.111735
0.065415
-0.090756
-0.010502
0.016644
-0.015999
-0.028094
-0.016721
0.001672
0.013063
0.026366
0.014407
-0.039589
-0.020262
0.003201
0.020324
-0.016376
-0.010673
0.000027
-0.001351
0.003823
-0.013759
-0.005246
0.002858
0.014644
0.006942
0.020992
0.008355
0.000631
0.007355
0.000814
-0.001750
0.001574
-0.000051
0.000001
-0.000001
0.000001
-0.000000
0.000000
0.000000
-0.000000
-1.648921
-0.257915
-0.054514
-0.101958
0.055390
-0.072402
-0.013601
0.011725
-0.005437
-0.006340
-0.005939
0.013879
0.002739
0.020442
0.013796
-0.017670
0.010888
0.007182
0.021048
-0.016589
0.006155
0.011609
0.001465
0.011961
-0.009246
-0.001470
-0.001080
-0.000556
0.006016
0.010168
0.006489
0.001555
0.006301
0.000051
0.000838
-0.002110
-0.000514
0.000001
-0.000002
-0.000001
0.000001
0.000000
0.000000
-0.000000
1.285181
1.759499
-0.345562
-0.078333
0.627310
-0.920477
-0.113289
0.239622
-0.430563
-0.296075
-0.025313
-0.170945
0.100068
0.163263
0.085138
0.152699
0.144107
-0.012148
0.013939
0.025940
-0.009540
-0.047108
0.023537
-0.009351
0.009982
0.002634
-0.007765
-0.004675
0.007305
0.003747
-0.000541
-0.001884
-0.000286
-0.001790
-0.000715
0.000266
-0.000003
0.000000
0.000000
-0.000000
0.000000
-0.000000
0.000000
0.000000
-1.134893
-0.069935
-0.143141
-0.160027
0.043458
-0.242161
0.117913
0.022140
-0.159802
0.173520
0.399996
-0.202420
-0.062870
-0.139732
-0.054246
-0.046280
0.039583
-0.023510
-0.012307
0.007187
0.001357
-0.016081
0.012329
-0.002235
-0.002365
-0.007836
0.002135
-0.001221
0.006357
-0.007842
0.008613
-0.002867
-0.001714
-0.000181
0.000776
0.000123
0.000302
0.000001
-0.000000
0.000000
-0.000000
-0.000000
-0.000000
0.000000
-1.331631
-0.196446
-0.117630
-0.116600
0.011265
-0.189763
0.087188
0.013815
-0.123056
0.174860
0.369558
-0.177734
-0.052077
-0.125621
-0.023437
-0.013865
0.016299
-0.006533
0.016869
-0.006727
0.003840
-0.024592
-0.005659
0.002295
0.000896
0.006859
-0.008643
-0.000833
-0.003029
0.003848
-0.008320
0.004549
0.000540
0.000717
-0.000825
0.000175
-0.000166
-0.000000
-0.000000
-0.000000
0.000000
0.000000
0.000000
-0.000000
-1.331631
-0.196446
-0.117630
-0.116600
0.011265
-0.189763
0.087188
0.013815
-0.123056
0.174860
0.369558
-0.177734
-0.052077
-0.125621
-0.023437
-0.013865
0.016299
-0.006533
0.016869
-0.006727
0.003840
-0.024592
-0.005659
0.002295
0.000896
0.006859
-0.008643
-0.000833
-0.003029
0.003848
-0.008320
0.004549
0.000540
0.000717
-0.000825
0.000175
-0.000166
-0.000000
-0.000000
-0.000000
0.000000
0.000000
0.000000
-0.000000
-1.548827
-0.210364
-0.077783
-0.124946
0.042939
-0.112017
0.007619
0.011503
-0.033180
-0.017653
0.026699
-0.016516
-0.014241
-0.010300
-0.021790
-0.028658
0.014455
-0.021151
-0.031022
0.009847
0.002007
0.013575
0.014719
-0.001467
-0.000136
-0.015601
0.012456
-0.000087
0.007466
-0.011915
0.016862
-0.006364
-0.002440
-0.001850
0.001513
-0.000503
0.000304
0.000000
0.000001
-0.000000
-0.000000
-0.000000
-0.000000
-0.000000
-1.548827
-0.210364
-0.077783
-0.124946
0.042939
-0.112017
0.007619
0.011503
-0.033180
-0.017653
0.026699
-0.016516
-0.014241
-0.010300
-0.021790
-0.028658
0.014455
-0.021151
-0.031022
0.009847
0.002007
0.013575
0.014719
-0.001467
-0.000136
-0.015601
0.012456
-0.000087
0.007466
-0.011915
0.016862
-0.006364
-0.002440
-0.001850
0.001513
-0.000503
0.000304
0.000000
0.000001
-0.000000
-0.000000
-0.000000
-0.000000
-0.000000
0.659898
1.465520
-0.752025
-0.605356
0.275436
-0.466548
-0.732543
-0.099646
-0.107154
0.460372
-0.077803
0.481249
0.009588
-0.105036
-0.101695
0.038468
0.028221
0.020417
0.008011
-0.013720
-0.014212
-0.019711
-0.013884
-0.018129
0.010074
0.009301
-0.015971
-0.001854
0.011075
0.000132
0.002035
-0.002305
0.001362
-0.001782
-0.000534
-0.000635
-0.000145
-0.000000
0.000000
-0.000000
0.000000
-0.000000
-0.000000
-0.000000
-1.636741
-0.224913
-0.078776
-0.112789
0.028867
-0.099530
-0.023457
0.004757
-0.028431
-0.002958
-0.028299
0.026993
-0.002909
-0.033664
0.019642
-0.008749
-0.022740
0.002427
0.022257
0.015646
0.003795
0.007337
0.013675
-0.015180
-0.015324
-0.009815
0.001821
-0.001132
-0.003648
0.009318
-0.003039
0.006476
-0.007380
0.001018
-0.001643
0.000769
0.000398
0.000001
0.000001
-0.000000
0.000000
-0.000000
-0.000000
-0.000000
-1.636741
-0.224913
-0.078776
-0.112789
0.028867
-0.099530
-0.023457
0.004757
-0.028431
-0.002958
-0.028299
0.026993
-0.002909
-0.033664
0.019642
-0.008749
-0.022740
0.002427
0.022257
0.015646
0.003795
0.007337
0.013675
-0.015180
-0.015324
-0.009815
0.001821
-0.001132
-0.003648
0.009318
-0.003039
0.006476
-0.007380
0.001018
-0.001643
0.000769
0.000398
0.000001
0.000001
-0.000000
0.000000
-0.000000
-0.000000
-0.000000
-1.722317
-0.317575
-0.060590
-0.062876
0.008860
-0.066631
-0.022991
0.007404
-0.004576
-0.014021
0.002496
0.010625
0.001082
0.001614
0.010095
-0.000986
-0.009109
-0.003333
0.007227
-0.000446
0.002467
0.001666
-0.001023
-0.001202
-0.002037
-0.001473
0.000595
0.000564
-0.004485
-0.004333
-0.000826
-0.003265
-0.000622
0.000112
-0.001202
-0.000672
-0.000146
0.000000
0.000000
-0.000001
-0.000000
-0.000000
0.000000
-0.000000
-1.722317
-0.317575
-0.060590
-0.062876
0.008860
-0.066631
-0.022991
0.007404
-0.004576
-0.014021
0.002496
0.010625
0.001082
0.001614
0.010095
-0.000986
-0.009109
-0.003333
0.007227
-0.000446
0.002467
0.001666
-0.001023
-0.001202
-0.002037
-0.001473
0.000595
0.000564
-0.004485
-0.004333
-0.000826
-0.003265
-0.000622
0.000112
-0.001202
-0.000672
-0.000146
0.000000
0.000000
-0.000001
-0.000000
-0.000000
0.000000
-0.000000
-1.690567
-0.293935
-0.059254
-0.094465
0.019308
-0.092948
-0.017614
0.012041
-0.017453
0.008610
0.025822
-0.010699
-0.002482
-0.016022
0.017449
0.001075
-0.004505
-0.007498
0.007845
-0.000414
0.013119
0.013363
0.009624
0.007110
-0.003650
-0.006701
0.005545
-0.004605
0.002405
0.000513
0.004147
0.007374
0.002661
-0.004168
0.002271
-0.000309
0.000004
-0.000002
0.000000
-0.000000
0.000001
0.000001
-0.000000
0.000000
-1.690567
-0.293935
-0.059254
-0.094465
0.019308
-0.092948
-0.017614
0.012041
-0.017453
0.008610
0.025822
-0.010699
-0.002482
-0.016022
0.017449
0.001075
-0.004505
-0.007498
0.007845
-0.000414
0.013119
0.013363
0.009624
0.007110
-0.003650
-0.006701
0.005545
-0.004605
0.002405
0.000513
0.004147
0.007374
0.002661
-0.004168
0.002271
-0.000309
0.000004
-0.000002
0.000000
-0.000000
0.000001
0.000001
-0.000000
0.000000
6.913848
1.059389
4.231113
0.029517
-0.554981
0.221830
-0.217316
0.015670
0.008027
-0.110071
0.207891
0.075117
-0.026879
-0.010085
-0.002432
0.067255
-0.006206
-0.003103
0.032949
-0.039706
0.004202
-0.002435
0.011569
-0.003915
0.016824
0.003257
0.002963
0.000183
-0.001576
0.001991
0.005072
-0.004426
0.001424
-0.001975
-0.000698
0.000009
-0.000071
0.000001
0.000000
0.000000
-0.000000
0.000000
-0.000000
-0.000000
1.322415
-0.140007
1.164194
0.111669
1.325418
0.621421
-0.322532
0.106253
0.050746
0.023933
-0.066681
-0.032605
0.039523
-0.044015
0.000378
0.006104
0.027709
0.000824
0.049524
0.013327
0.010546
0.003446
-0.009852
0.030437
-0.011162
0.021174
-0.003669
0.021920
-0.005437
-0.011896
-0.007020
-0.001458
-0.002668
-0.008196
0.001131
0.001577
0.000360
-0.000000
0.000000
0.000000
0.000000
0.000000
0.000000
0.000000
1.035196
-0.392699
1.192871
0.083166
1.209171
0.733710
-0.241598
0.072850
0.098866
0.052862
-0.046516
-0.093568
0.075464
0.022714
-0.056345
-0.033077
-0.012433
-0.032578
-0.019104
0.031704
-0.005840
-0.001432
-0.006108
-0.020265
0.001462
-0.015503
0.003387
-0.017111
0.003486
0.009796
0.006609
0.008932
0.002260
0.006768
0.001499
0.001769
0.000018
0.000001
-0.000001
-0.000001
0.000000
0.000000
0.000000
0.000000
-1.710702
-0.336041
-0.040555
-0.082535
0.019374
-0.057084
-0.031776
0.005252
0.003720
-0.029442
-0.000433
0.002049
-0.004230
0.007126
0.016320
-0.000398
-0.024129
-0.007363
0.013750
-0.009242
-0.010790
-0.004053
0.004004
-0.005634
-0.014112
0.008986
-0.007564
0.003734
-0.010435
0.000654
0.005675
0.007306
0.003074
-0.002425
-0.000561
0.002728
0.000512
0.000001
0.000000
0.000000
-0.000000
-0.000000
-0.000000
0.000000
-1.680108
-0.314321
0.008863
-0.088351
-0.049899
-0.081502
-0.017624
0.015803
-0.022313
-0.042083
0.021106
0.070728
0.012462
0.004584
0.019945
0.000883
-0.012934
-0.019443
0.008686
-0.006633
0.019568
0.008191
0.007850
-0.000611
0.008277
-0.012806
0.000956
0.003440
-0.002183
0.006874
0.000053
-0.000145
-0.000524
0.001770
0.001102
-0.001182
0.000066
0.000001
-0.000002
-0.000000
-0.000001
-0.000000
0.000000
0.000000
-1.679553
-0.338064
-0.012994
-0.082516
-0.006102
-0.058208
-0.014682
0.004649
-0.001409
-0.022877
-0.000839
0.009602
0.007048
0.015725
-0.000449
0.001484
-0.007769
-0.002565
-0.005920
-0.003685
0.003630
-0.002532
-0.014443
0.002324
0.015374
0.015725
0.005817
0.000050
-0.004574
-0.004094
0.004172
0.008610
0.002804
0.003311
0.009367
0.001298
-0.000430
0.000001
0.000001
-0.000000
-0.000001
-0.000000
0.000000
0.000000
-0.886988
-0.514011
0.353455
-0.061131
0.295103
0.167107
-0.003855
0.012941
-0.003298
-0.100000
-0.136409
-0.186615
0.337704
-0.127634
-0.180260
0.065453
-0.084711
-0.025399
-0.004956
0.008679
0.016416
0.009722
0.004476
0.000627
-0.004313
-0.010741
-0.013326
-0.005080
0.009943
-0.001334
-0.004563
-0.001697
-0.000953
0.001504
-0.001483
-0.002684
-0.000355
-0.000002
0.000000
0.000000
-0.000000
-0.000000
-0.000000
-0.000000
-1.671429
-0.277719
-0.012176
-0.087868
0.069421
-0.053879
-0.076700
0.026687
0.000403
0.006818
0.004659
0.031053
-0.052089
0.019587
0.032088
-0.023830
0.004447
-0.026265
0.028615
0.003551
-0.016531
0.030592
-0.039780
0.009946
0.008338
-0.006331
0.027103
-0.019714
0.002866
0.008341
0.007966
-0.000437
-0.002513
-0.006053
-0.005312
0.003253
-0.000282
-0.000003
0.000000
0.000001
0.000000
-0.000000
0.000000
-0.000000
-0.064046
-0.297714
0.634770
0.077767
0.936123
0.519042
-0.212635
0.024703
0.136575
0.158315
0.046841
0.020646
-0.242298
0.122156
0.100170
-0.057689
0.068446
0.027717
-0.068617
0.018201
0.004115
-0.017886
0.015337
-0.011739
0.003495
-0.014776
-0.001306
0.001252
-0.001615
-0.001749
-0.006926
0.000161
-0.000100
0.003344
-0.002031
-0.003988
-0.000285
-0.000001
0.000000
0.000000
-0.000000
-0.000000
-0.000000
-0.000000
-1.635586
-0.155568
-0.091292
-0.052538
0.072731
-0.143371
-0.095021
0.037669
-0.040198
0.038645
-0.039263
0.051694
-0.030433
-0.059067
0.073714
-0.010590
0.008477
0.004534
0.101473
-0.011515
0.007482
0.060109
0.054380
0.014013
-0.029154
0.008273
0.028105
0.004259
0.021150
-0.005470
-0.010231
-0.002453
0.003490
0.005246
-0.000160
-0.000985
0.000323
0.000000
-0.000000
-0.000000
-0.000000
-0.000000
-0.000000
0.000000
-1.380387
-0.256151
0.146901
-0.080119
-0.175890
-0.114899
-0.024495
-0.007650
0.045766
-0.099727
0.026626
0.073086
0.045523
0.008925
0.015618
-0.020476
-0.017025
-0.052563
-0.016190
0.022359
-0.007909
-0.007442
0.010527
-0.001868
0.039626
0.018878
0.013144
0.012545
0.002358
-0.006134
-0.003436
0.011738
0.007092
0.004232
0.001379
-0.001491
-0.000210
-0.000001
0.000001
-0.000000
-0.000000
-0.000000
-0.000000
0.000000
-1.638465
-0.311595
0.009123
-0.076553
-0.044413
-0.094396
-0.045292
0.000087
0.044986
-0.046135
0.007967
0.031382
0.031147
0.003744
0.019607
-0.001522
-0.037804
-0.029462
0.005387
0.021619
-0.001897
-0.007542
-0.008478
-0.003593
0.012345
-0.001182
0.006668
0.005273
-0.006417
-0.000170
0.002499
0.004169
0.005043
0.000833
-0.001648
0.000227
0.000904
0.000001
0.000001
0.000000
0.000000
-0.000000
-0.000000
-0.000000
-1.644692
-0.325806
-0.034398
-0.045769
0.004957
-0.054044
-0.011248
-0.005222
0.004827
-0.011592
-0.007594
0.007229
0.010622
0.010735
0.028704
-0.006074
-0.009713
0.000173
-0.003566
-0.006040
0.001926
0.008864
0.009358
-0.008339
0.008477
0.017264
0.016694
-0.003741
0.008018
-0.009663
-0.004763
-0.004634
-0.003855
0.008779
0.000977
0.007149
-0.000694
-0.000001
-0.000000
-0.000000
0.000000
0.000000
0.000000
-0.000000
-1.365250
-0.317220
0.107482
-0.114458
0.085876
0.023512
0.038754
-0.004267
-0.046869
-0.020070
-0.041160
-0.042872
-0.068374
0.054643
0.078525
-0.004780
-0.133504
-0.035741
-0.014031
-0.064532
-0.039029
-0.023602
0.007340
-0.007867
-0.008406
0.008508
-0.018090
-0.012198
0.007160
-0.007199
-0.001819
-0.002763
-0.003551
-0.002331
-0.000868
-0.001431
-0.000140
0.000001
0.000001
0.000000
0.000000
-0.000000
0.000001
0.000000
-1.422562
-0.324379
0.079619
-0.104332
0.104744
0.018460
0.013056
-0.003850
-0.035893
-0.006777
-0.042190
-0.054910
-0.066300
0.054002
0.084820
-0.003911
-0.133702
-0.035323
-0.005706
-0.069117
-0.033892
-0.025254
0.013027
-0.007585
-0.007667
0.012158
-0.016223
-0.012980
0.006640
-0.004689
-0.002381
-0.000348
0.000119
-0.003736
0.002604
-0.000929
0.000118
-0.000001
-0.000001
-0.000000
0.000000
0.000000
-0.000001
-0.000000
-1.324281
-0.330261
0.093084
-0.154570
-0.153332
0.053266
0.084034
-0.132387
0.013708
0.016816
0.012745
-0.057433
-0.103061
0.008057
-0.034242
0.088777
-0.070399
0.121121
0.008157
0.098351
-0.045501
0.017224
0.010443
-0.008040
0.003456
-0.000180
0.003386
0.002742
0.002364
-0.004540
0.001828
0.001825
-0.001698
-0.001087
-0.001806
-0.000099
-0.000538
-0.000000
-0.000002
0.000001
0.000001
-0.000000
-0.000000
0.000000
-1.421374
-0.358334
0.048225
-0.136505
-0.126413
0.040087
0.068986
-0.124866
0.037252
0.017809
0.018247
-0.074486
-0.105150
0.012274
-0.032766
0.074972
-0.069464
0.105768
0.006655
0.091487
-0.030887
0.020495
0.012013
-0.003605
0.009656
0.005274
0.001709
-0.002056
-0.003515
0.001904
-0.003052
-0.001106
0.002610
-0.001004
0.001096
-0.000704
0.000198
0.000001
0.000001
-0.000001
-0.000001
0.000001
0.000000
-0.000000
-1.648415
-0.308867
-0.007446
-0.099591
-0.016166
-0.046530
-0.008053
-0.004337
-0.019987
-0.017279
-0.009178
0.025259
-0.001402
-0.000416
0.007444
0.017640
-0.009806
0.011198
-0.000409
0.002761
-0.010209
0.001757
-0.004824
-0.001397
-0.003075
-0.006326
0.003362
0.005033
0.003961
-0.006660
0.004826
0.003929
-0.004397
-0.001184
-0.002983
0.000127
-0.000890
0.000002
0.000001
0.000000
-0.000001
0.000001
-0.000000
0.000000
-1.390714
-0.272716
0.135522
-0.094790
-0.071762
-0.051922
0.043960
-0.001670
0.003082
0.006886
-0.029000
-0.004417
0.007617
0.012279
-0.005448
0.017773
0.003276
-0.002472
0.002955
-0.041883
-0.033224
-0.005226
-0.004884
0.025920
0.009941
0.022286
0.011572
0.001528
0.002545
0.013223
0.005307
0.009977
-0.007034
0.006454
-0.004153
-0.004922
0.000425
-0.000002
0.000001
0.000000
0.000000
0.000000
0.000000
0.000000
1.142637
0.771752
1.568656
0.083247
-0.811921
-0.777619
-0.701892
0.179049
0.221030
0.090819
-0.322428
-0.250153
0.018852
-0.045255
0.006261
-0.055706
0.063530
0.045756
-0.040434
-0.025991
-0.047626
0.009692
-0.017029
0.000025
-0.018495
-0.021583
-0.000914
0.002272
-0.007289
-0.008934
-0.006170
0.008009
-0.000141
0.001846
0.002626
-0.000294
0.000121
-0.000000
-0.000000
0.000000
0.000000
0.000000
0.000000
0.000000
-0.488836
0.422227
-0.069627
2.653927
-0.565910
-0.071384
-0.454399
0.255483
-0.387668
0.149056
-0.117879
-0.084587
-0.098789
0.083807
-0.053997
-0.035643
-0.059203
-0.034672
-0.012022
0.053869
0.080103
-0.014285
0.002516
-0.002054
-0.001326
0.016698
-0.001614
0.000263
0.007786
0.005338
-0.000095
-0.001012
-0.000203
-0.001622
-0.001803
0.000363
-0.000017
0.000000
0.000000
-0.000000
-0.000000
-0.000000
-0.000000
0.000000
-1.597614
-0.319983
0.019396
-0.086074
0.019968
-0.067443
-0.047176
0.010747
-0.019861
-0.026573
-0.018885
-0.029486
-0.022728
-0.007735
-0.014643
0.008165
0.031173
-0.015347
-0.012247
-0.029073
-0.000705
0.057690
-0.032066
0.009148
0.019807
-0.009292
0.002320
-0.023364
-0.008952
-0.002912
-0.015567
-0.007708
0.004556
-0.000539
-0.006968
0.001918
0.000214
0.000002
0.000000
-0.000001
-0.000000
0.000000
-0.000000
0.000000
-1.229099
-0.429144
0.316234
-0.152297
-0.273142
0.126261
0.228726
-0.077708
-0.065788
-0.165054
0.192105
0.198905
-0.025810
0.102049
-0.070381
0.052012
0.060576
-0.013197
-0.049950
-0.025758
0.055001
0.052005
-0.008349
-0.019731
-0.035129
-0.002211
-0.006213
-0.002629
0.003650
0.002539
-0.010263
0.012606
-0.002594
-0.003440
0.004635
0.000309
-0.000478
-0.000000
-0.000000
0.000000
-0.000000
-0.000000
-0.000000
-0.000000
-1.417077
-0.452525
0.153224
-0.127731
-0.116865
0.144231
0.155479
-0.085247
-0.011103
-0.067809
0.087593
-0.007222
-0.059358
0.105252
-0.084903
0.050720
0.024239
0.009916
-0.079380
-0.002692
-0.018799
0.027373
-0.041341
-0.002025
-0.014714
0.016949
-0.008242
0.004988
0.022794
-0.005342
0.001273
0.000649
0.005771
0.001409
-0.002939
0.000328
0.001186
0.000000
-0.000000
-0.000000
0.000000
0.000000
0.000000
-0.000000
-1.585512
-0.339409
0.030599
-0.098949
-0.068312
-0.014046
0.030079
-0.030058
0.002070
-0.040917
0.038745
0.025607
-0.002920
0.037802
-0.012180
0.019307
-0.016114
-0.023850
-0.020179
-0.001605
-0.009925
0.000836
-0.018329
-0.011173
-0.000092
-0.006794
-0.001607
0.009986
0.001428
-0.001878
-0.005173
-0.001291
0.001436
0.005525
-0.001725
0.001092
0.000369
-0.000002
0.000001
0.000001
0.000000
-0.000000
-0.000000
0.000000
