0.977061
0.022709
0.000222
0.000000
0.000000
0.000007
0.000000
0.000000
0.000000
0.000000
0.000000
0.000000
0.000000
0.000000
0.000000
0.000000
0.000000
0.000000
0.000000
0.000000
0.000000
0.000000
0.000000
0.000000
0.000000
0.000000
0.000000
0.000000
0.000000
0.000000
0.000000
0.000000
0.000000
0.000000
0.000000
0.000000
0.000000
0.000000
0.000000
0.000000
0.000000
0.000000
0.000000
0.000000
0.851261
0.144292
0.004136
0.000022
0.000053
0.000023
0.000198
0.000001
0.000006
0.000001
0.000001
0.000004
0.000000
0.000001
0.000000
0.000001
0.000000
0.000000
0.000000
0.000000
0.000000
0.000000
0.000000
0.000000
0.000000
0.000000
0.000000
0.000000
0.000000
0.000000
0.000000
0.000000
0.000000
0.000000
0.000000
0.000000
0.000000
0.000000
0.000000
0.000000
0.000000
0.000000
0.000000
0.000000
0.098889
0.150795
0.152842
0.063710
0.000061
0.015627
0.377729
0.005495
0.051341
0.019415
0.047345
0.004716
0.001392
0.000634
0.001095
0.004223
0.001110
0.000018
0.000405
0.002572
0.000007
0.000198
0.000036
0.000090
0.000169
0.000001
0.000024
0.000015
0.000023
0.000008
0.000007
0.000000
0.000008
0.000000
0.000000
0.000000
0.000000
0.000000
0.000000
0.000000
0.000000
0.000000
0.000000
0.000000
0.292347
0.032708
0.025964
0.065101
0.004585
0.000731
0.336177
0.009340
0.035246
0.098346
0.082029
0.007286
0.004145
0.000330
0.000572
0.002527
0.000031
0.000690
0.000213
0.000277
0.000898
0.000053
0.000022
0.000044
0.000058
0.000045
0.000001
0.000029
0.000151
0.000003
0.000000
0.000000
0.000047
0.000001
0.000001
0.000000
0.000000
0.000000
0.000000
0.000000
0.000000
0.000000
0.000000
0.000000
0.459210
0.006508
0.032144
0.054000
0.002290
0.000103
0.248341
0.002825
0.033785
0.086768
0.060058
0.004706
0.001026
0.002417
0.001070
0.001256
0.000005
0.000320
0.000304
0.001414
0.000207
0.000582
0.000152
0.000044
0.000194
0.000003
0.000151
0.000022
0.000000
0.000061
0.000001
0.000028
0.000003
0.000000
0.000000
0.000002
0.000000
0.000000
0.000000
0.000000
0.000000
0.000000
0.000000
0.000000
0.964163
0.021554
0.002263
0.003618
0.000319
0.003755
0.000740
0.000650
0.000028
0.000012
0.000555
0.000017
0.000488
0.000335
0.000141
0.000127
0.000013
0.000059
0.000011
0.000134
0.000153
0.000560
0.000082
0.000004
0.000005
0.000035
0.000041
0.000000
0.000081
0.000014
0.000001
0.000009
0.000030
0.000002
0.000000
0.000001
0.000000
0.000000
0.000000
0.000000
0.000000
0.000000
0.000000
0.000000
0.877407
0.035031
0.012407
0.005112
0.009373
0.012152
0.001352
0.000158
0.000056
0.012346
0.000745
0.015678
0.004548
0.001816
0.002942
0.004307
0.000099
0.000097
0.000238
0.003414
0.000008
0.000250
0.000026
0.000105
0.000005
0.000002
0.000208
0.000075
0.000003
0.000013
0.000018
0.000001
0.000007
0.000000
0.000001
0.000001
0.000000
0.000000
0.000000
0.000000
0.000000
0.000000
0.000000
0.000000
0.898028
0.032320
0.010195
0.004997
0.009731
0.009330
0.000282
0.000026
0.000190
0.010434
0.000773
0.013768
0.003576
0.000553
0.001399
0.001822
0.000165
0.000257
0.000028
0.001815
0.000010
0.000107
0.000001
0.000002
0.000032
0.000001
0.000044
0.000003
0.000027
0.000010
0.000000
0.000059
0.000008
0.000005
0.000002
0.000001
0.000000
0.000000
0.000000
0.000000
0.000000
0.000000
0.000000
0.000000
0.955385
0.038568
0.000706
0.002094
0.000148
0.001732
0.000002
0.000010
0.000026
0.000169
0.000014
0.000041
0.000003
0.000140
0.000284
0.000202
0.000006
0.000010
0.000079
0.000067
0.000009
0.000001
0.000002
0.000118
0.000001
0.000000
0.000023
0.000066
0.000021
0.000000
0.000008
0.000040
0.000019
0.000001
0.000003
0.000000
0.000000
0.000000
0.000000
0.000000
0.000000
0.000000
0.000000
0.000000
0.964726
0.030527
0.000227
0.002404
0.000000
0.001602
0.000000
0.000002
0.000032
0.000041
0.000088
0.000244
0.000003
0.000015
0.000024
0.000019
0.000003
0.000000
0.000000
0.000005
0.000000
0.000000
0.000000
0.000001
0.000000
0.000015
0.000004
0.000005
0.000001
0.000000
0.000000
0.000002
0.000005
0.000000
0.000000
0.000000
0.000000
0.000000
0.000000
0.000000
0.000000
0.000000
0.000000
0.000000
0.711127
0.243931
0.043668
0.000000
0.000689
0.000017
0.000233
0.000013
0.000208
0.000024
0.000023
0.000035
0.000001
0.000003
0.000000
0.000000
0.000018
0.000000
0.000001
0.000001
0.000000
0.000004
0.000000
0.000000
0.000000
0.000000
0.000000
0.000000
0.000000
0.000000
0.000000
0.000000
0.000000
0.000000
0.000000
0.000000
0.000000
0.000000
0.000000
0.000000
0.000000
0.000000
0.000000
0.000000
0.015572
0.026550
0.258335
0.153326
0.182031
0.253201
0.002291
0.100175
0.000163
0.002594
0.000115
0.000004
0.002231
0.001982
0.000236
0.000015
0.000491
0.000175
0.000004
0.000001
0.000001
0.000288
0.000203
0.000008
0.000001
0.000002
0.000000
0.000000
0.000000
0.000002
0.000001
0.000001
0.000000
0.000000
0.000000
0.000000
0.000000
0.000000
0.000000
0.000000
0.000000
0.000000
0.000000
0.000000
0.915138
0.050926
0.004066
0.003504
0.001032
0.003473
0.002892
0.000020
0.000009
0.001049
0.000001
0.004732
0.000039
0.000605
0.005578
0.000565
0.000140
0.000117
0.002543
0.000160
0.000316
0.000447
0.001881
0.000323
0.000022
0.000002
0.000244
0.000033
0.000103
0.000027
0.000009
0.000001
0.000000
0.000002
0.000000
0.000001
0.000000
0.000000
0.000000
0.000000
0.000000
0.000000
0.000000
0.000000
0.473738
0.030899
0.054497
0.014919
0.014124
0.018581
0.009646
0.327188
0.036295
0.001367
0.005113
0.000009
0.005264
0.005960
0.000169
0.000483
0.000238
0.000975
0.000051
0.000114
0.000101
0.000060
0.000081
0.000045
0.000019
0.000015
0.000030
0.000000
0.000005
0.000011
0.000001
0.000000
0.000000
0.000001
0.000000
0.000000
0.000000
0.000000
0.000000
0.000000
0.000000
0.000000
0.000000
0.000000
0.961864
0.030454
0.000945
0.002153
0.000219
0.001471
0.000042
0.000031
0.000002
0.000124
0.000004
0.000036
0.000031
0.000481
0.000043
0.000231
0.000001
0.000020
0.000248
0.000106
0.000186
0.000010
0.000161
0.000330
0.000327
0.000026
0.000261
0.000048
0.000072
0.000000
0.000037
0.000010
0.000011
0.000007
0.000006
0.000004
0.000000
0.000000
0.000000
0.000000
0.000000
0.000000
0.000000
0.000000
0.959784
0.035669
0.000780
0.002193
0.000019
0.001183
0.000114
0.000001
0.000009
0.000098
0.000000
0.000044
0.000003
0.000008
0.000023
0.000006
0.000009
0.000001
0.000001
0.000010
0.000014
0.000015
0.000002
0.000010
0.000001
0.000000
0.000000
0.000000
0.000000
0.000001
0.000000
0.000002
0.000000
0.000000
0.000000
0.000000
0.000000
0.000000
0.000000
0.000000
0.000000
0.000000
0.000000
0.000000
0.311115
0.000102
0.121919
0.080758
0.104063
0.177064
0.051472
0.084443
0.043346
0.008382
0.000177
0.004265
0.005150
0.000002
0.006945
0.000414
0.000087
0.000088
0.000018
0.000052
0.000001
0.000032
0.000097
0.000004
0.000000
0.000000
0.000000
0.000000
0.000000
0.000005
0.000001
0.000000
0.000000
0.000001
0.000000
0.000000
0.000000
0.000000
0.000000
0.000000
0.000000
0.000000
0.000000
0.000000
0.944528
0.021028
0.001033
0.007365
0.000897
0.002425
0.002903
0.000065
0.000496
0.000000
0.000011
0.001718
0.002499
0.004369
0.000623
0.005820
0.000061
0.001693
0.000027
0.000548
0.000086
0.000908
0.000203
0.000001
0.000518
0.000010
0.000143
0.000010
0.000002
0.000004
0.000001
0.000000
0.000004
0.000002
0.000000
0.000000
0.000000
0.000000
0.000000
0.000000
0.000000
0.000000
0.000000
0.000000
0.947096
0.023915
0.000956
0.006046
0.001005
0.001865
0.002687
0.000039
0.000210
0.000034
0.000063
0.001295
0.001302
0.002932
0.000581
0.004371
0.000348
0.002061
0.000021
0.000596
0.000026
0.001451
0.000397
0.000011
0.000395
0.000036
0.000238
0.000001
0.000005
0.000011
0.000000
0.000000
0.000006
0.000003
0.000000
0.000000
0.000000
0.000000
0.000000
0.000000
0.000000
0.000000
0.000000
0.000000
0.960479
0.033200
0.000913
0.002714
0.000015
0.001483
0.000177
0.000010
0.000017
0.000217
0.000059
0.000001
0.000083
0.000115
0.000025
0.000020
0.000225
0.000057
0.000000
0.000001
0.000037
0.000024
0.000056
0.000016
0.000014
0.000011
0.000019
0.000004
0.000004
0.000002
0.000002
0.000000
0.000000
0.000000
0.000000
0.000000
0.000000
0.000000
0.000000
0.000000
0.000000
0.000000
0.000000
0.000000
0.944875
0.040810
0.001274
0.004501
0.000417
0.000286
0.000322
0.005248
0.000298
0.001059
0.000121
0.000002
0.000010
0.000087
0.000010
0.000060
0.000007
0.000017
0.000182
0.000002
0.000099
0.000012
0.000055
0.000049
0.000041
0.000018
0.000013
0.000022
0.000002
0.000069
0.000000
0.000022
0.000001
0.000003
0.000007
0.000000
0.000000
0.000000
0.000000
0.000000
0.000000
0.000000
0.000000
0.000000
0.930667
0.002530
0.000491
0.009852
0.000874
0.004386
0.001225
0.009232
0.000087
0.006462
0.004890
0.005975
0.000049
0.009448
0.001171
0.000438
0.000856
0.002354
0.004542
0.000058
0.000946
0.002178
0.000774
0.000000
0.000010
0.000432
0.000021
0.000012
0.000003
0.000022
0.000005
0.000005
0.000001
0.000004
0.000001
0.000001
0.000000
0.000000
0.000000
0.000000
0.000000
0.000000
0.000000
0.000000
0.955946
0.006676
0.005703
0.006391
0.001720
0.001061
0.000151
0.005731
0.000340
0.000551
0.000093
0.000063
0.000578
0.005012
0.001010
0.000176
0.000064
0.004287
0.002339
0.000035
0.000012
0.000810
0.000926
0.000156
0.000036
0.000000
0.000001
0.000112
0.000001
0.000002
0.000002
0.000002
0.000000
0.000000
0.000011
0.000000
0.000000
0.000000
0.000000
0.000000
0.000000
0.000000
0.000000
0.000000
0.947484
0.030263
0.000206
0.003340
0.002575
0.003527
0.000005
0.000121
0.000338
0.002554
0.001812
0.004885
0.000535
0.000287
0.000037
0.000005
0.000437
0.000418
0.000093
0.000011
0.000532
0.000073
0.000005
0.000078
0.000021
0.000249
0.000013
0.000041
0.000010
0.000025
0.000008
0.000005
0.000000
0.000001
0.000005
0.000002
0.000000
0.000000
0.000000
0.000000
0.000000
0.000000
0.000000
0.000000
0.237250
0.001595
0.051209
0.629503
0.006297
0.014393
0.031075
0.000224
0.002770
0.001841
0.000011
0.001948
0.004144
0.007986
0.002030
0.000179
0.000336
0.004124
0.001554
0.001080
0.000001
0.000331
0.000034
0.000035
0.000009
0.000000
0.000000
0.000016
0.000001
0.000001
0.000012
0.000009
0.000002
0.000000
0.000001
0.000001
0.000000
0.000000
0.000000
0.000000
0.000000
0.000000
0.000000
0.000000
0.318292
0.002265
0.047126
0.572949
0.004424
0.013638
0.020388
0.000318
0.002220
0.000018
0.000013
0.001920
0.002985
0.006741
0.002456
0.000598
0.000098
0.002322
0.000122
0.000817
0.000000
0.000028
0.000016
0.000152
0.000019
0.000014
0.000046
0.000007
0.000002
0.000000
0.000000
0.000004
0.000001
0.000001
0.000000
0.000000
0.000000
0.000000
0.000000
0.000000
0.000000
0.000000
0.000000
0.000000
0.318292
0.002265
0.047126
0.572949
0.004424
0.013638
0.020388
0.000318
0.002220
0.000018
0.000013
0.001920
0.002985
0.006741
0.002456
0.000598
0.000098
0.002322
0.000122
0.000817
0.000000
0.000028
0.000016
0.000152
0.000019
0.000014
0.000046
0.000007
0.000002
0.000000
0.000000
0.000004
0.000001
0.000001
0.000000
0.000000
0.000000
0.000000
0.000000
0.000000
0.000000
0.000000
0.000000
0.000000
0.960657
0.035108
0.000884
0.001722
0.000032
0.001187
0.000136
0.000001
0.000000
0.000148
0.000004
0.000043
0.000000
0.000001
0.000024
0.000000
0.000017
0.000006
0.000004
0.000003
0.000002
0.000008
0.000004
0.000001
0.000002
0.000000
0.000000
0.000000
0.000003
0.000000
0.000000
0.000000
0.000000
0.000001
0.000000
0.000000
0.000000
0.000000
0.000000
0.000000
0.000000
0.000000
0.000000
0.000000
0.960657
0.035108
0.000884
0.001722
0.000032
0.001187
0.000136
0.000001
0.000000
0.000148
0.000004
0.000043
0.000000
0.000001
0.000024
0.000000
0.000017
0.000006
0.000004
0.000003
0.000002
0.000008
0.000004
0.000001
0.000002
0.000000
0.000000
0.000000
0.000003
0.000000
0.000000
0.000000
0.000000
0.000001
0.000000
0.000000
0.000000
0.000000
0.000000
0.000000
0.000000
0.000000
0.000000
0.000000
0.952233
0.040281
0.000752
0.002825
0.000187
0.001321
0.000035
0.000005
0.000055
0.001040
0.000002
0.000002
0.000018
0.000011
0.000007
0.000016
0.000000
0.000149
0.000397
0.000021
0.000031
0.000039
0.000120
0.000386
0.000017
0.000009
0.000010
0.000018
0.000001
0.000001
0.000004
0.000001
0.000000
0.000001
0.000001
0.000000
0.000000
0.000000
0.000000
0.000000
0.000000
0.000000
0.000000
0.000000
0.952233
0.040281
0.000752
0.002825
0.000187
0.001321
0.000035
0.000005
0.000055
0.001040
0.000002
0.000002
0.000018
0.000011
0.000007
0.000016
0.000000
0.000149
0.000397
0.000021
0.000031
0.000039
0.000120
0.000386
0.000017
0.000009
0.000010
0.000018
0.000001
0.000001
0.000004
0.000001
0.000000
0.000001
0.000001
0.000000
0.000000
0.000000
0.000000
0.000000
0.000000
0.000000
0.000000
0.000000
0.072229
0.239683
0.144111
0.231509
0.030076
0.043538
0.006151
0.140280
0.069256
0.007303
0.002104
0.000745
0.000259
0.000256
0.003748
0.001470
0.003127
0.000842
0.001213
0.000002
0.001323
0.000621
0.000055
0.000026
0.000000
0.000001
0.000004
0.000001
0.000030
0.000002
0.000007
0.000007
0.000008
0.000010
0.000002
0.000000
0.000000
0.000000
0.000000
0.000000
0.000000
0.000000
0.000000
0.000000
0.956090
0.032318
0.001381
0.001995
0.000289
0.000712
0.000006
0.000211
0.000012
0.002319
0.000011
0.000095
0.001596
0.000001
0.000356
0.000795
0.000436
0.000001
0.000003
0.000052
0.000003
0.000011
0.000111
0.000308
0.000064
0.000497
0.000164
0.000027
0.000094
0.000000
0.000001
0.000036
0.000001
0.000000
0.000000
0.000004
0.000000
0.000000
0.000000
0.000000
0.000000
0.000000
0.000000
0.000000
0.956090
0.032318
0.001381
0.001995
0.000289
0.000712
0.000006
0.000211
0.000012
0.002319
0.000011
0.000095
0.001596
0.000001
0.000356
0.000795
0.000436
0.000001
0.000003
0.000052
0.000003
0.000011
0.000111
0.000308
0.000064
0.000497
0.000164
0.000027
0.000094
0.000000
0.000001
0.000036
0.000001
0.000000
0.000000
0.000004
0.000000
0.000000
0.000000
0.000000
0.000000
0.000000
0.000000
0.000000
0.691274
0.012948
0.000325
0.000003
0.010977
0.010124
0.000098
0.025653
0.233520
0.010060
0.000090
0.000541
0.000252
0.000754
0.000651
0.001412
0.000079
0.000172
0.000010
0.000076
0.000856
0.000019
0.000018
0.000016
0.000000
0.000009
0.000041
0.000005
0.000000
0.000002
0.000003
0.000005
0.000006
0.000001
0.000000
0.000000
0.000000
0.000000
0.000000
0.000000
0.000000
0.000000
0.000000
0.000000
0.691274
0.012948
0.000325
0.000003
0.010977
0.010124
0.000098
0.025653
0.233520
0.010060
0.000090
0.000541
0.000252
0.000754
0.000651
0.001412
0.000079
0.000172
0.000010
0.000076
0.000856
0.000019
0.000018
0.000016
0.000000
0.000009
0.000041
0.000005
0.000000
0.000002
0.000003
0.000005
0.000006
0.000001
0.000000
0.000000
0.000000
0.000000
0.000000
0.000000
0.000000
0.000000
0.000000
0.000000
0.462679
0.036566
0.118285
0.081474
0.008797
0.057941
0.017353
0.070169
0.022787
0.064639
0.022434
0.000137
0.022945
0.011285
0.000946
0.000079
0.000386
0.000004
0.000009
0.000149
0.000640
0.000155
0.000021
0.000010
0.000037
0.000001
0.000055
0.000000
0.000001
0.000001
0.000001
0.000002
0.000007
0.000004
0.000000
0.000000
0.000000
0.000000
0.000000
0.000000
0.000000
0.000000
0.000000
0.000000
0.462679
0.036566
0.118285
0.081474
0.008797
0.057941
0.017353
0.070169
0.022787
0.064639
0.022434
0.000137
0.022945
0.011285
0.000946
0.000079
0.000386
0.000004
0.000009
0.000149
0.000640
0.000155
0.000021
0.000010
0.000037
0.000001
0.000055
0.000000
0.000001
0.000001
0.000001
0.000002
0.000007
0.000004
0.000000
0.000000
0.000000
0.000000
0.000000
0.000000
0.000000
0.000000
0.000000
0.000000
0.579405
0.008203
0.031850
0.350737
0.000889
0.008068
0.002661
0.000008
0.008033
0.001141
0.001959
0.003118
0.000009
0.000613
0.000072
0.000477
0.000224
0.000595
0.000351
0.000003
0.001025
0.000322
0.000011
0.000076
0.000000
0.000038
0.000066
0.000000
0.000026
0.000003
0.000001
0.000002
0.000005
0.000005
0.000002
0.000000
0.000000
0.000000
0.000000
0.000000
0.000000
0.000000
0.000000
0.000000
0.579405
0.008203
0.031850
0.350737
0.000889
0.008068
0.002661
0.000008
0.008033
0.001141
0.001959
0.003118
0.000009
0.000613
0.000072
0.000477
0.000224
0.000595
0.000351
0.000003
0.001025
0.000322
0.000011
0.000076
0.000000
0.000038
0.000066
0.000000
0.000026
0.000003
0.000001
0.000002
0.000005
0.000005
0.000002
0.000000
0.000000
0.000000
0.000000
0.000000
0.000000
0.000000
0.000000
0.000000
0.960275
0.027006
0.000350
0.003520
0.000019
0.003265
0.000112
0.000336
0.001828
0.000239
0.000260
0.000332
0.000044
0.000113
0.000026
0.000229
0.000478
0.000144
0.000224
0.000002
0.000354
0.000078
0.000177
0.000050
0.000007
0.000034
0.000070
0.000226
0.000023
0.000082
0.000024
0.000062
0.000006
0.000003
0.000002
0.000000
0.000000
0.000000
0.000000
0.000000
0.000000
0.000000
0.000000
0.000000
0.960564
0.029015
0.000485
0.003081
0.000058
0.002676
0.000063
0.000361
0.001865
0.000036
0.000206
0.000258
0.000002
0.000041
0.000007
0.000034
0.000210
0.000121
0.000170
0.000000
0.000206
0.000030
0.000111
0.000018
0.000017
0.000040
0.000053
0.000107
0.000012
0.000045
0.000043
0.000044
0.000002
0.000004
0.000012
0.000001
0.000000
0.000000
0.000000
0.000000
0.000000
0.000000
0.000000
0.000000
0.968508
0.017836
0.001101
0.004953
0.001698
0.003268
0.000044
0.000110
0.000102
0.000313
0.000111
0.000001
0.000068
0.000276
0.000082
0.000622
0.000163
0.000004
0.000164
0.000106
0.000045
0.000000
0.000001
0.000006
0.000075
0.000011
0.000003
0.000085
0.000019
0.000175
0.000028
0.000000
0.000021
0.000000
0.000001
0.000001
0.000000
0.000000
0.000000
0.000000
0.000000
0.000000
0.000000
0.000000
0.967522
0.023671
0.001057
0.003699
0.001092
0.001865
0.000066
0.000049
0.000011
0.000014
0.000013
0.000069
0.000003
0.000149
0.000068
0.000111
0.000042
0.000018
0.000158
0.000098
0.000013
0.000048
0.000001
0.000051
0.000030
0.000001
0.000000
0.000000
0.000013
0.000037
0.000015
0.000001
0.000014
0.000000
0.000000
0.000002
0.000000
0.000000
0.000000
0.000000
0.000000
0.000000
0.000000
0.000000
0.251045
0.470545
0.018150
0.000933
0.059812
0.128780
0.001951
0.008727
0.028177
0.013324
0.000097
0.004442
0.001522
0.004051
0.001102
0.003544
0.003156
0.000022
0.000030
0.000102
0.000014
0.000337
0.000084
0.000013
0.000015
0.000001
0.000009
0.000003
0.000008
0.000002
0.000000
0.000001
0.000000
0.000000
0.000000
0.000000
0.000000
0.000000
0.000000
0.000000
0.000000
0.000000
0.000000
0.000000
0.756713
0.002874
0.012038
0.015046
0.001110
0.034453
0.008168
0.000288
0.015003
0.017690
0.094001
0.024073
0.002322
0.011471
0.001729
0.001258
0.000921
0.000325
0.000089
0.000030
0.000001
0.000152
0.000089
0.000003
0.000003
0.000036
0.000003
0.000001
0.000024
0.000036
0.000044
0.000005
0.000002
0.000000
0.000000
0.000000
0.000000
0.000000
0.000000
0.000000
0.000000
0.000000
0.000000
0.000000
0.837286
0.018222
0.006533
0.006419
0.000060
0.017003
0.003589
0.000090
0.007150
0.014437
0.064487
0.014916
0.001281
0.007451
0.000259
0.000091
0.000125
0.000020
0.000134
0.000021
0.000007
0.000286
0.000015
0.000002
0.000000
0.000022
0.000035
0.000000
0.000004
0.000007
0.000033
0.000010
0.000000
0.000000
0.000000
0.000000
0.000000
0.000000
0.000000
0.000000
0.000000
0.000000
0.000000
0.000000
0.837286
0.018222
0.006533
0.006419
0.000060
0.017003
0.003589
0.000090
0.007150
0.014437
0.064487
0.014916
0.001281
0.007451
0.000259
0.000091
0.000125
0.000020
0.000134
0.000021
0.000007
0.000286
0.000015
0.000002
0.000000
0.000022
0.000035
0.000000
0.000004
0.000007
0.000033
0.000010
0.000000
0.000000
0.000000
0.000000
0.000000
0.000000
0.000000
0.000000
0.000000
0.000000
0.000000
0.000000
0.964786
0.017798
0.002433
0.006279
0.000742
0.005047
0.000023
0.000053
0.000443
0.000125
0.000287
0.000110
0.000082
0.000043
0.000191
0.000330
0.000084
0.000180
0.000387
0.000039
0.000002
0.000074
0.000087
0.000001
0.000000
0.000098
0.000062
0.000000
0.000022
0.000057
0.000114
0.000016
0.000002
0.000001
0.000001
0.000000
0.000000
0.000000
0.000000
0.000000
0.000000
0.000000
0.000000
0.000000
0.964786
0.017798
0.002433
0.006279
0.000742
0.005047
0.000023
0.000053
0.000443
0.000125
0.000287
0.000110
0.000082
0.000043
0.000191
0.000330
0.000084
0.000180
0.000387
0.000039
0.000002
0.000074
0.000087
0.000001
0.000000
0.000098
0.000062
0.000000
0.000022
0.000057
0.000114
0.000016
0.000002
0.000001
0.000001
0.000000
0.000000
0.000000
0.000000
0.000000
0.000000
0.000000
0.000000
0.000000
0.089926
0.443522
0.116788
0.075675
0.015667
0.044950
0.110815
0.002050
0.002371
0.043767
0.001250
0.047827
0.000019
0.002278
0.002136
0.000306
0.000164
0.000086
0.000013
0.000039
0.000042
0.000080
0.000040
0.000068
0.000021
0.000018
0.000053
0.000001
0.000025
0.000000
0.000001
0.000001
0.000000
0.000001
0.000000
0.000000
0.000000
0.000000
0.000000
0.000000
0.000000
0.000000
0.000000
0.000000
0.968521
0.018289
0.002244
0.004599
0.000301
0.003581
0.000199
0.000008
0.000292
0.000003
0.000290
0.000263
0.000003
0.000410
0.000139
0.000028
0.000187
0.000002
0.000179
0.000089
0.000005
0.000019
0.000068
0.000083
0.000085
0.000035
0.000001
0.000000
0.000005
0.000031
0.000003
0.000015
0.000020
0.000000
0.000001
0.000000
0.000000
0.000000
0.000000
0.000000
0.000000
0.000000
0.000000
0.000000
0.968521
0.018289
0.002244
0.004599
0.000301
0.003581
0.000199
0.000008
0.000292
0.000003
0.000290
0.000263
0.000003
0.000410
0.000139
0.000028
0.000187
0.000002
0.000179
0.000089
0.000005
0.000019
0.000068
0.000083
0.000085
0.000035
0.000001
0.000000
0.000005
0.000031
0.000003
0.000015
0.000020
0.000000
0.000001
0.000000
0.000000
0.000000
0.000000
0.000000
0.000000
0.000000
0.000000
0.000000
0.962916
0.032738
0.001192
0.001283
0.000025
0.001441
0.000172
0.000018
0.000007
0.000064
0.000002
0.000037
0.000000
0.000001
0.000033
0.000000
0.000027
0.000004
0.000017
0.000000
0.000002
0.000001
0.000000
0.000000
0.000001
0.000001
0.000000
0.000000
0.000007
0.000006
0.000000
0.000003
0.000000
0.000000
0.000000
0.000000
0.000000
0.000000
0.000000
0.000000
0.000000
0.000000
0.000000
0.000000
0.962916
0.032738
0.001192
0.001283
0.000025
0.001441
0.000172
0.000018
0.000007
0.000064
0.000002
0.000037
0.000000
0.000001
0.000033
0.000000
0.000027
0.000004
0.000017
0.000000
0.000002
0.000001
0.000000
0.000000
0.000001
0.000001
0.000000
0.000000
0.000007
0.000006
0.000000
0.000003
0.000000
0.000000
0.000000
0.000000
0.000000
0.000000
0.000000
0.000000
0.000000
0.000000
0.000000
0.000000
0.962653
0.029101
0.001183
0.003006
0.000126
0.002910
0.000105
0.000049
0.000103
0.000025
0.000225
0.000039
0.000002
0.000086
0.000103
0.000000
0.000007
0.000019
0.000021
0.000000
0.000058
0.000060
0.000031
0.000017
0.000004
0.000015
0.000010
0.000007
0.000002
0.000000
0.000006
0.000018
0.000002
0.000006
0.000002
0.000000
0.000000
0.000000
0.000000
0.000000
0.000000
0.000000
0.000000
0.000000
0.962653
0.029101
0.001183
0.003006
0.000126
0.002910
0.000105
0.000049
0.000103
0.000025
0.000225
0.000039
0.000002
0.000086
0.000103
0.000000
0.000007
0.000019
0.000021
0.000000
0.000058
0.000060
0.000031
0.000017
0.000004
0.000015
0.000010
0.000007
0.000002
0.000000
0.000006
0.000018
0.000002
0.000006
0.000002
0.000000
0.000000
0.000000
0.000000
0.000000
0.000000
0.000000
0.000000
0.000000
0.710260
0.016676
0.266003
0.000013
0.004577
0.000731
0.000702
0.000004
0.000001
0.000180
0.000642
0.000084
0.000011
0.000002
0.000000
0.000067
0.000001
0.000000
0.000016
0.000023
0.000000
0.000000
0.000002
0.000000
0.000004
0.000000
0.000000
0.000000
0.000000
0.000000
0.000000
0.000000
0.000000
0.000000
0.000000
0.000000
0.000000
0.000000
0.000000
0.000000
0.000000
0.000000
0.000000
0.000000
0.323099
0.003622
0.250410
0.002304
0.324568
0.071347
0.019220
0.002086
0.000476
0.000106
0.000821
0.000196
0.000289
0.000358
0.000000
0.000007
0.000142
0.000000
0.000453
0.000033
0.000021
0.000002
0.000018
0.000171
0.000023
0.000083
0.000002
0.000089
0.000005
0.000026
0.000009
0.000000
0.000001
0.000012
0.000000
0.000000
0.000000
0.000000
0.000000
0.000000
0.000000
0.000000
0.000000
0.000000
0.225243
0.032413
0.299083
0.001454
0.307313
0.113150
0.012269
0.001115
0.002054
0.000587
0.000455
0.001840
0.001197
0.000108
0.000667
0.000230
0.000032
0.000223
0.000077
0.000211
0.000007
0.000000
0.000008
0.000086
0.000000
0.000051
0.000002
0.000062
0.000003
0.000020
0.000009
0.000017
0.000001
0.000010
0.000000
0.000001
0.000000
0.000000
0.000000
0.000000
0.000000
0.000000
0.000000
0.000000
0.957802
0.036958
0.000538
0.002229
0.000123
0.001066
0.000330
0.000009
0.000005
0.000284
0.000000
0.000001
0.000006
0.000017
0.000087
0.000000
0.000191
0.000018
0.000062
0.000028
0.000038
0.000005
0.000005
0.000010
0.000065
0.000026
0.000019
0.000005
0.000036
0.000000
0.000011
0.000017
0.000003
0.000002
0.000000
0.000002
0.000000
0.000000
0.000000
0.000000
0.000000
0.000000
0.000000
0.000000
0.957223
0.033503
0.000027
0.002647
0.000844
0.002253
0.000105
0.000085
0.000169
0.000601
0.000151
0.001696
0.000053
0.000007
0.000135
0.000000
0.000057
0.000128
0.000026
0.000015
0.000130
0.000023
0.000021
0.000000
0.000023
0.000056
0.000000
0.000004
0.000002
0.000016
0.000000
0.000000
0.000000
0.000001
0.000000
0.000000
0.000000
0.000000
0.000000
0.000000
0.000000
0.000000
0.000000
0.000000
0.956935
0.038770
0.000057
0.002310
0.000013
0.001149
0.000073
0.000007
0.000001
0.000178
0.000000
0.000031
0.000017
0.000084
0.000000
0.000001
0.000020
0.000002
0.000012
0.000005
0.000004
0.000002
0.000071
0.000002
0.000080
0.000084
0.000011
0.000000
0.000007
0.000006
0.000006
0.000025
0.000003
0.000004
0.000030
0.000001
0.000000
0.000000
0.000000
0.000000
0.000000
0.000000
0.000000
0.000000
0.512823
0.172217
0.081433
0.002436
0.056765
0.018202
0.000010
0.000109
0.000007
0.006518
0.012129
0.022700
0.074337
0.010619
0.021180
0.002793
0.004677
0.000420
0.000016
0.000049
0.000176
0.000062
0.000013
0.000000
0.000012
0.000075
0.000116
0.000017
0.000064
0.000001
0.000014
0.000002
0.000001
0.000001
0.000001
0.000005
0.000000
0.000000
0.000000
0.000000
0.000000
0.000000
0.000000
0.000000
0.961809
0.026554
0.000051
0.002658
0.001659
0.000999
0.002025
0.000245
0.000000
0.000016
0.000007
0.000332
0.000934
0.000132
0.000354
0.000196
0.000007
0.000237
0.000282
0.000004
0.000094
0.000322
0.000545
0.000034
0.000024
0.000014
0.000253
0.000134
0.000003
0.000024
0.000022
0.000000
0.000002
0.000013
0.000010
0.000004
0.000000
0.000000
0.000000
0.000000
0.000000
0.000000
0.000000
0.000000
0.002232
0.048220
0.219209
0.003290
0.476751
0.146565
0.024598
0.000332
0.010148
0.013635
0.001194
0.000232
0.031939
0.008118
0.005459
0.001811
0.002549
0.000418
0.002561
0.000180
0.000009
0.000174
0.000128
0.000075
0.000007
0.000119
0.000001
0.000001
0.000001
0.000002
0.000026
0.000000
0.000000
0.000006
0.000002
0.000009
0.000000
0.000000
0.000000
0.000000
0.000000
0.000000
0.000000
0.000000
0.960997
0.008694
0.002994
0.000992
0.001900
0.007384
0.003244
0.000510
0.000580
0.000536
0.000554
0.000960
0.000333
0.001253
0.001952
0.000040
0.000026
0.000007
0.003699
0.000048
0.000020
0.001298
0.001062
0.000071
0.000305
0.000025
0.000284
0.000007
0.000161
0.000011
0.000038
0.000002
0.000004
0.000010
0.000000
0.000000
0.000000
0.000000
0.000000
0.000000
0.000000
0.000000
0.000000
0.000000
0.919915
0.031676
0.010418
0.003099
0.014936
0.006374
0.000290
0.000028
0.001011
0.004801
0.000342
0.002579
0.001000
0.000038
0.000118
0.000202
0.000140
0.001334
0.000127
0.000241
0.000030
0.000027
0.000054
0.000002
0.000758
0.000172
0.000083
0.000076
0.000003
0.000018
0.000006
0.000067
0.000024
0.000009
0.000001
0.000001
0.000000
0.000000
0.000000
0.000000
0.000000
0.000000
0.000000
0.000000
0.955237
0.034548
0.000030
0.002085
0.000702
0.003171
0.000730
0.000000
0.000720
0.000757
0.000023
0.000350
0.000345
0.000005
0.000137
0.000001
0.000509
0.000309
0.000010
0.000166
0.000001
0.000020
0.000026
0.000005
0.000054
0.000000
0.000016
0.000010
0.000015
0.000000
0.000002
0.000006
0.000009
0.000000
0.000001
0.000000
0.000000
0.000000
0.000000
0.000000
0.000000
0.000000
0.000000
0.000000
0.959127
0.037638
0.000420
0.000743
0.000009
0.001036
0.000045
0.000010
0.000008
0.000048
0.000020
0.000019
0.000040
0.000041
0.000292
0.000013
0.000033
0.000000
0.000005
0.000013
0.000001
0.000028
0.000031
0.000025
0.000025
0.000106
0.000099
0.000005
0.000023
0.000033
0.000008
0.000008
0.000005
0.000027
0.000000
0.000018
0.000000
0.000000
0.000000
0.000000
0.000000
0.000000
0.000000
0.000000
0.911433
0.049206
0.005649
0.006406
0.003606
0.000270
0.000734
0.000009
0.001074
0.000197
0.000828
0.000899
0.002286
0.001460
0.003015
0.000011
0.008715
0.000625
0.000096
0.002036
0.000745
0.000272
0.000026
0.000030
0.000035
0.000035
0.000160
0.000073
0.000025
0.000025
0.000002
0.000004
0.000006
0.000003
0.000000
0.000001
0.000000
0.000000
0.000000
0.000000
0.000000
0.000000
0.000000
0.000000
0.917788
0.047720
0.002875
0.004937
0.004976
0.000155
0.000077
0.000007
0.000584
0.000021
0.000807
0.001367
0.001994
0.001323
0.003263
0.000007
0.008107
0.000566
0.000015
0.002167
0.000521
0.000289
0.000077
0.000026
0.000027
0.000067
0.000119
0.000076
0.000020
0.000010
0.000003
0.000000
0.000000
0.000006
0.000003
0.000000
0.000000
0.000000
0.000000
0.000000
0.000000
0.000000
0.000000
0.000000
0.876012
0.054484
0.004328
0.011934
0.011744
0.001417
0.003527
0.008755
0.000094
0.000141
0.000081
0.001648
0.005306
0.000032
0.000586
0.003937
0.002476
0.007328
0.000033
0.004832
0.001034
0.000148
0.000054
0.000032
0.000006
0.000000
0.000006
0.000004
0.000003
0.000010
0.000002
0.000002
0.000001
0.000001
0.000002
0.000000
0.000000
0.000000
0.000000
0.000000
0.000000
0.000000
0.000000
0.000000
0.894251
0.056835
0.001029
0.008248
0.007073
0.000711
0.002107
0.006901
0.000614
0.000140
0.000147
0.002456
0.004894
0.000067
0.000475
0.002488
0.002136
0.004952
0.000020
0.003705
0.000422
0.000186
0.000064
0.000006
0.000041
0.000012
0.000001
0.000002
0.000005
0.000002
0.000004
0.000001
0.000003
0.000000
0.000001
0.000000
0.000000
0.000000
0.000000
0.000000
0.000000
0.000000
0.000000
0.000000
0.961009
0.033739
0.000020
0.003508
0.000092
0.000766
0.000023
0.000007
0.000141
0.000106
0.000030
0.000226
0.000001
0.000000
0.000020
0.000110
0.000034
0.000044
0.000000
0.000003
0.000037
0.000001
0.000008
0.000001
0.000003
0.000014
0.000004
0.000009
0.000006
0.000016
0.000008
0.000005
0.000007
0.000000
0.000003
0.000000
0.000000
0.000000
0.000000
0.000000
0.000000
0.000000
0.000000
0.000000
0.942609
0.036247
0.008951
0.004379
0.002510
0.001314
0.000942
0.000001
0.000005
0.000023
0.000410
0.000010
0.000028
0.000073
0.000014
0.000154
0.000005
0.000003
0.000004
0.000855
0.000538
0.000013
0.000012
0.000327
0.000048
0.000242
0.000065
0.000001
0.000003
0.000085
0.000014
0.000049
0.000024
0.000020
0.000008
0.000012
0.000000
0.000000
0.000000
0.000000
0.000000
0.000000
0.000000
0.000000
0.204042
0.093080
0.384554
0.001083
0.103022
0.094501
0.076992
0.005010
0.007635
0.001289
0.016247
0.009779
0.000056
0.000320
0.000006
0.000485
0.000631
0.000327
0.000256
0.000106
0.000354
0.000015
0.000045
0.000000
0.000053
0.000073
0.000000
0.000001
0.000008
0.000012
0.000006
0.000010
0.000000
0.000001
0.000001
0.000000
0.000000
0.000000
0.000000
0.000000
0.000000
0.000000
0.000000
0.000000
0.028819
0.021500
0.000585
0.849433
0.038623
0.000615
0.024902
0.007872
0.018125
0.002679
0.001676
0.000863
0.001177
0.000847
0.000352
0.000153
0.000423
0.000145
0.000017
0.000350
0.000774
0.000025
0.000001
0.000001
0.000000
0.000034
0.000000
0.000000
0.000007
0.000003
0.000000
0.000000
0.000000
0.000000
0.000000
0.000000
0.000000
0.000000
0.000000
0.000000
0.000000
0.000000
0.000000
0.000000
0.951967
0.038188
0.000140
0.002763
0.000149
0.001697
0.000830
0.000043
0.000147
0.000263
0.000133
0.000324
0.000193
0.000022
0.000080
0.000025
0.000362
0.000088
0.000056
0.000315
0.000000
0.001241
0.000384
0.000031
0.000146
0.000032
0.000002
0.000204
0.000030
0.000003
0.000090
0.000022
0.000008
0.000000
0.000018
0.000001
0.000000
0.000000
0.000000
0.000000
0.000000
0.000000
0.000000
0.000000
0.716464
0.087343
0.047428
0.011000
0.035383
0.007561
0.024812
0.002864
0.002053
0.012920
0.017502
0.018763
0.000316
0.004939
0.002349
0.001283
0.001740
0.000083
0.001183
0.000315
0.001435
0.001283
0.000033
0.000185
0.000585
0.000002
0.000018
0.000003
0.000006
0.000003
0.000050
0.000075
0.000003
0.000006
0.000010
0.000000
0.000000
0.000000
0.000000
0.000000
0.000000
0.000000
0.000000
0.000000
0.848588
0.086536
0.009921
0.006895
0.005771
0.008791
0.010215
0.003071
0.000052
0.001943
0.003242
0.000022
0.001489
0.004681
0.003046
0.001087
0.000248
0.000042
0.002663
0.000003
0.000149
0.000317
0.000722
0.000002
0.000091
0.000121
0.000029
0.000011
0.000220
0.000012
0.000001
0.000000
0.000014
0.000001
0.000004
0.000000
0.000001
0.000000
0.000000
0.000000
0.000000
0.000000
0.000000
0.000000
0.947100
0.043401
0.000353
0.003689
0.001758
0.000074
0.000341
0.000340
0.000002
0.000631
0.000566
0.000247
0.000003
0.000538
0.000056
0.000140
0.000098
0.000214
0.000153
0.000001
0.000037
0.000000
0.000127
0.000047
0.000000
0.000017
0.000001
0.000038
0.000001
0.000001
0.000010
0.000001
0.000001
0.000012
0.000001
0.000000
0.000000
0.000000
0.000000
0.000000
0.000000
0.000000
0.000000
0.000000
