0.912642
0.001925
0.061285
0.000585
0.017242
0.000045
0.000966
0.000038
0.000399
0.000589
0.000911
0.003233
0.000035
0.000000
0.000009
0.000006
0.000001
0.000019
0.000004
0.000008
0.000044
0.000004
0.000004
0.000002
0.000000
0.000003
0.000000
0.000000
0.000000
0.000000
0.000000
0.000000
0.000000
0.000000
0.000000
0.000000
0.000000
0.000000
0.000000
0.000000
0.000000
0.000000
0.000000
0.000000
0.939497
0.022886
0.000474
0.001029
0.005683
0.001089
0.000017
0.004032
0.024386
0.000869
0.000000
0.000004
0.000000
0.000000
0.000010
0.000010
0.000001
0.000010
0.000000
0.000001
0.000001
0.000000
0.000000
0.000000
0.000000
0.000000
0.000000
0.000000
0.000000
0.000000
0.000000
0.000000
0.000000
0.000000
0.000000
0.000000
0.000000
0.000000
0.000000
0.000000
0.000000
0.000000
0.000000
0.000000
0.899805
0.013505
0.063770
0.003773
0.006826
0.000763
0.008368
0.001168
0.000194
0.000003
0.000168
0.001020
0.000410
0.000058
0.000004
0.000035
0.000040
0.000009
0.000036
0.000001
0.000024
0.000001
0.000012
0.000000
0.000000
0.000000
0.000001
0.000002
0.000000
0.000002
0.000000
0.000000
0.000000
0.000000
0.000000
0.000000
0.000000
0.000000
0.000000
0.000000
0.000000
0.000000
0.000000
0.000000
0.951763
0.045548
0.002101
0.000021
0.000265
0.000007
0.000016
0.000021
0.000000
0.000002
0.000038
0.000013
0.000031
0.000075
0.000064
0.000002
0.000001
0.000011
0.000003
0.000001
0.000006
0.000003
0.000001
0.000000
0.000001
0.000001
0.000003
0.000000
0.000001
0.000000
0.000000
0.000000
0.000000
0.000000
0.000000
0.000000
0.000000
0.000000
0.000000
0.000000
0.000000
0.000000
0.000000
0.000000
0.916202
0.080093
0.000030
0.000026
0.002864
0.000269
0.000011
0.000007
0.000000
0.000009
0.000005
0.000008
0.000008
0.000000
0.000329
0.000015
0.000060
0.000006
0.000007
0.000001
0.000006
0.000001
0.000020
0.000001
0.000001
0.000000
0.000004
0.000003
0.000002
0.000003
0.000002
0.000006
0.000001
0.000000
0.000001
0.000000
0.000000
0.000000
0.000000
0.000000
0.000000
0.000000
0.000000
0.000000
0.935727
0.060643
0.000602
0.000181
0.002020
0.000337
0.000010
0.000015
0.000023
0.000001
0.000023
0.000000
0.000030
0.000096
0.000138
0.000000
0.000000
0.000096
0.000006
0.000011
0.000001
0.000000
0.000006
0.000008
0.000006
0.000001
0.000015
0.000001
0.000001
0.000000
0.000000
0.000000
0.000001
0.000000
0.000001
0.000000
0.000000
0.000000
0.000000
0.000000
0.000000
0.000000
0.000000
0.000000
0.972557
0.023743
0.000232
0.000050
0.002364
0.000303
0.000004
0.000119
0.000098
0.000046
0.000026
0.000055
0.000135
0.000108
0.000038
0.000015
0.000028
0.000004
0.000001
0.000007
0.000004
0.000011
0.000000
0.000007
0.000006
0.000019
0.000005
0.000004
0.000001
0.000002
0.000001
0.000006
0.000000
0.000000
0.000000
0.000000
0.000000
0.000000
0.000000
0.000000
0.000000
0.000000
0.000000
0.000000
0.958875
0.026993
0.011972
0.000028
0.001237
0.000318
0.000052
0.000003
0.000067
0.000006
0.000064
0.000036
0.000025
0.000096
0.000018
0.000002
0.000000
0.000000
0.000047
0.000018
0.000090
0.000007
0.000000
0.000036
0.000001
0.000001
0.000000
0.000000
0.000002
0.000000
0.000005
0.000000
0.000000
0.000000
0.000000
0.000000
0.000000
0.000000
0.000000
0.000000
0.000000
0.000000
0.000000
0.000000
0.852665
0.136371
0.007190
0.000037
0.000408
0.001945
0.000207
0.000217
0.000096
0.000011
0.000267
0.000216
0.000004
0.000002
0.000084
0.000154
0.000003
0.000000
0.000001
0.000069
0.000000
0.000005
0.000015
0.000012
0.000007
0.000000
0.000009
0.000001
0.000001
0.000002
0.000001
0.000000
0.000002
0.000000
0.000000
0.000000
0.000000
0.000000
0.000000
0.000000
0.000000
0.000000
0.000000
0.000000
0.811031
0.181332
0.006063
0.000000
0.000078
0.001005
0.000103
0.000080
0.000036
0.000003
0.000106
0.000000
0.000016
0.000022
0.000018
0.000003
0.000041
0.000001
0.000038
0.000001
0.000003
0.000003
0.000001
0.000002
0.000003
0.000002
0.000002
0.000003
0.000002
0.000000
0.000000
0.000000
0.000001
0.000000
0.000000
0.000001
0.000000
0.000000
0.000000
0.000000
0.000000
0.000000
0.000000
0.000000
0.942746
0.048731
0.003934
0.000106
0.000822
0.000000
0.001297
0.000035
0.000003
0.000044
0.000232
0.000393
0.000918
0.000124
0.000315
0.000099
0.000001
0.000048
0.000043
0.000004
0.000008
0.000070
0.000011
0.000001
0.000000
0.000006
0.000002
0.000004
0.000000
0.000000
0.000000
0.000001
0.000000
0.000000
0.000000
0.000000
0.000000
0.000000
0.000000
0.000000
0.000000
0.000000
0.000000
0.000000
0.956429
0.029534
0.009311
0.000302
0.002307
0.000571
0.000011
0.000054
0.000109
0.000218
0.000368
0.000048
0.000032
0.000194
0.000013
0.000287
0.000010
0.000106
0.000000
0.000023
0.000015
0.000002
0.000016
0.000008
0.000009
0.000007
0.000013
0.000000
0.000000
0.000001
0.000000
0.000000
0.000000
0.000000
0.000000
0.000000
0.000000
0.000000
0.000000
0.000000
0.000000
0.000000
0.000000
0.000000
0.993450
0.003793
0.002049
0.000076
0.000065
0.000088
0.000360
0.000026
0.000000
0.000020
0.000001
0.000002
0.000002
0.000000
0.000029
0.000006
0.000002
0.000026
0.000000
0.000000
0.000000
0.000000
0.000000
0.000001
0.000002
0.000001
0.000000
0.000000
0.000000
0.000000
0.000000
0.000000
0.000000
0.000000
0.000000
0.000000
0.000000
0.000000
0.000000
0.000000
0.000000
0.000000
0.000000
0.000000
0.930778
0.040594
0.017780
0.000138
0.000201
0.001501
0.000459
0.002158
0.000034
0.005049
0.000104
0.000012
0.000593
0.000359
0.000024
0.000001
0.000064
0.000086
0.000052
0.000000
0.000005
0.000000
0.000000
0.000000
0.000005
0.000000
0.000000
0.000000
0.000002
0.000000
0.000001
0.000001
0.000000
0.000000
0.000000
0.000000
0.000000
0.000000
0.000000
0.000000
0.000000
0.000000
0.000000
0.000000
0.879906
0.080607
0.027518
0.000666
0.000010
0.000012
0.005462
0.000027
0.001068
0.001975
0.002446
0.000006
0.000097
0.000018
0.000007
0.000080
0.000012
0.000025
0.000007
0.000007
0.000004
0.000020
0.000007
0.000005
0.000001
0.000001
0.000004
0.000000
0.000001
0.000000
0.000000
0.000000
0.000000
0.000000
0.000000
0.000000
0.000000
0.000000
0.000000
0.000000
0.000000
0.000000
0.000000
0.000000
0.848058
0.056909
0.050244
0.008969
0.009167
0.017990
0.004154
0.002606
0.000986
0.000200
0.000019
0.000008
0.000404
0.000004
0.000089
0.000014
0.000069
0.000056
0.000018
0.000030
0.000000
0.000004
0.000001
0.000000
0.000000
0.000001
0.000000
0.000000
0.000000
0.000000
0.000000
0.000000
0.000000
0.000000
0.000000
0.000000
0.000000
0.000000
0.000000
0.000000
0.000000
0.000000
0.000000
0.000000
0.892618
0.077713
0.024663
0.000434
0.000186
0.000930
0.002031
0.000002
0.000147
0.000050
0.000329
0.000077
0.000209
0.000134
0.000025
0.000267
0.000006
0.000079
0.000042
0.000006
0.000000
0.000028
0.000001
0.000002
0.000004
0.000011
0.000000
0.000001
0.000000
0.000002
0.000002
0.000000
0.000000
0.000000
0.000000
0.000000
0.000000
0.000000
0.000000
0.000000
0.000000
0.000000
0.000000
0.000000
0.966701
0.030475
0.000001
0.000127
0.000686
0.000155
0.001306
0.000004
0.000006
0.000052
0.000011
0.000076
0.000000
0.000164
0.000010
0.000008
0.000030
0.000017
0.000042
0.000006
0.000000
0.000069
0.000012
0.000004
0.000005
0.000000
0.000019
0.000008
0.000002
0.000000
0.000000
0.000001
0.000001
0.000000
0.000000
0.000000
0.000000
0.000000
0.000000
0.000000
0.000000
0.000000
0.000000
0.000000
0.995987
0.002650
0.000005
0.000122
0.000003
0.000016
0.000022
0.000062
0.000058
0.000260
0.000209
0.000042
0.000007
0.000160
0.000026
0.000000
0.000122
0.000020
0.000096
0.000027
0.000000
0.000056
0.000001
0.000009
0.000028
0.000002
0.000001
0.000000
0.000009
0.000002
0.000000
0.000001
0.000000
0.000000
0.000000
0.000000
0.000000
0.000000
0.000000
0.000000
0.000000
0.000000
0.000000
0.000000
0.966530
0.028084
0.003920
0.000241
0.000330
0.000316
0.000045
0.000027
0.000071
0.000027
0.000093
0.000033
0.000041
0.000004
0.000054
0.000010
0.000008
0.000003
0.000021
0.000063
0.000018
0.000002
0.000000
0.000016
0.000005
0.000020
0.000002
0.000000
0.000007
0.000005
0.000001
0.000001
0.000000
0.000001
0.000000
0.000000
0.000000
0.000000
0.000000
0.000000
0.000000
0.000000
0.000000
0.000000
0.987157
0.004423
0.004862
0.000636
0.001155
0.000105
0.000009
0.000055
0.000172
0.000001
0.000554
0.000297
0.000055
0.000001
0.000087
0.000161
0.000011
0.000008
0.000005
0.000001
0.000224
0.000002
0.000003
0.000005
0.000002
0.000002
0.000000
0.000002
0.000001
0.000002
0.000003
0.000000
0.000000
0.000000
0.000000
0.000000
0.000000
0.000000
0.000000
0.000000
0.000000
0.000000
0.000000
0.000000
0.948277
0.049409
0.000054
0.000401
0.000052
0.000047
0.001613
0.000005
0.000021
0.000014
0.000026
0.000019
0.000007
0.000032
0.000007
0.000006
0.000001
0.000000
0.000002
0.000001
0.000001
0.000003
0.000000
0.000001
0.000000
0.000001
0.000000
0.000001
0.000000
0.000000
0.000000
0.000000
0.000000
0.000000
0.000000
0.000000
0.000000
0.000000
0.000000
0.000000
0.000000
0.000000
0.000000
0.000000
0.895028
0.074495
0.023860
0.000520
0.000019
0.003515
0.000809
0.000002
0.000049
0.000415
0.000000
0.000871
0.000002
0.000018
0.000234
0.000048
0.000019
0.000004
0.000032
0.000033
0.000013
0.000001
0.000001
0.000001
0.000000
0.000003
0.000000
0.000003
0.000001
0.000000
0.000001
0.000001
0.000001
0.000002
0.000000
0.000000
0.000000
0.000000
0.000000
0.000000
0.000000
0.000000
0.000000
0.000000
0.995205
0.004066
0.000482
0.000016
0.000060
0.000071
0.000051
0.000003
0.000003
0.000001
0.000008
0.000007
0.000004
0.000006
0.000003
0.000000
0.000002
0.000009
0.000001
0.000001
0.000000
0.000000
0.000000
0.000000
0.000000
0.000000
0.000000
0.000000
0.000000
0.000000
0.000000
0.000000
0.000000
0.000000
0.000000
0.000000
0.000000
0.000000
0.000000
0.000000
0.000000
0.000000
0.000000
0.000000
0.990590
0.008888
0.000198
0.000029
0.000014
0.000143
0.000068
0.000004
0.000008
0.000000
0.000012
0.000013
0.000000
0.000021
0.000000
0.000000
0.000004
0.000003
0.000000
0.000001
0.000000
0.000002
0.000000
0.000000
0.000000
0.000000
0.000000
0.000000
0.000000
0.000000
0.000000
0.000000
0.000000
0.000000
0.000000
0.000000
0.000000
0.000000
0.000000
0.000000
0.000000
0.000000
0.000000
0.000000
0.992808
0.002482
0.000576
0.000028
0.001968
0.001642
0.000001
0.000006
0.000094
0.000039
0.000000
0.000046
0.000095
0.000030
0.000008
0.000009
0.000003
0.000010
0.000009
0.000071
0.000000
0.000004
0.000004
0.000016
0.000031
0.000002
0.000013
0.000000
0.000002
0.000003
0.000001
0.000000
0.000000
0.000000
0.000000
0.000000
0.000000
0.000000
0.000000
0.000000
0.000000
0.000000
0.000000
0.000000
0.914231
0.041366
0.017709
0.000455
0.015382
0.006149
0.001731
0.000161
0.000199
0.000290
0.000817
0.000410
0.000786
0.000134
0.000009
0.000019
0.000031
0.000026
0.000001
0.000005
0.000008
0.000019
0.000057
0.000000
0.000000
0.000002
0.000002
0.000000
0.000000
0.000000
0.000000
0.000000
0.000000
0.000000
0.000000
0.000000
0.000000
0.000000
0.000000
0.000000
0.000000
0.000000
0.000000
0.000000
0.775343
0.022882
0.024079
0.174194
0.000462
0.002023
0.000309
0.000002
0.000536
0.000057
0.000036
0.000067
0.000000
0.000000
0.000000
0.000005
0.000002
0.000001
0.000001
0.000000
0.000001
0.000001
0.000000
0.000000
0.000000
0.000000
0.000000
0.000000
0.000000
0.000000
0.000000
0.000000
0.000000
0.000000
0.000000
0.000000
0.000000
0.000000
0.000000
0.000000
0.000000
0.000000
0.000000
0.000000
0.929234
0.041570
0.016692
0.000110
0.006626
0.004246
0.000007
0.000025
0.000299
0.000151
0.000001
0.000004
0.000303
0.000533
0.000023
0.000006
0.000013
0.000033
0.000015
0.000032
0.000012
0.000044
0.000002
0.000003
0.000001
0.000005
0.000002
0.000002
0.000004
0.000000
0.000001
0.000000
0.000000
0.000001
0.000000
0.000000
0.000000
0.000000
0.000000
0.000000
0.000000
0.000000
0.000000
0.000000
0.072929
0.880641
0.027753
0.000595
0.002024
0.010573
0.003205
0.000604
0.000177
0.000356
0.000202
0.000437
0.000002
0.000275
0.000099
0.000002
0.000023
0.000001
0.000079
0.000000
0.000001
0.000007
0.000013
0.000001
0.000000
0.000000
0.000000
0.000000
0.000000
0.000000
0.000000
0.000000
0.000000
0.000000
0.000000
0.000000
0.000000
0.000000
0.000000
0.000000
0.000000
0.000000
0.000000
0.000000
0.923677
0.066711
0.000045
0.000779
0.000075
0.002598
0.003554
0.000660
0.000045
0.000662
0.000004
0.000027
0.000193
0.000156
0.000016
0.000005
0.000625
0.000078
0.000000
0.000013
0.000001
0.000054
0.000015
0.000000
0.000002
0.000001
0.000002
0.000001
0.000000
0.000000
0.000000
0.000000
0.000000
0.000000
0.000000
0.000000
0.000000
0.000000
0.000000
0.000000
0.000000
0.000000
0.000000
0.000000
0.747249
0.235485
0.013384
0.000002
0.000072
0.003002
0.000054
0.000134
0.000131
0.000003
0.000214
0.000002
0.000029
0.000068
0.000023
0.000000
0.000075
0.000011
0.000036
0.000001
0.000000
0.000004
0.000004
0.000006
0.000000
0.000002
0.000000
0.000001
0.000003
0.000000
0.000000
0.000001
0.000001
0.000000
0.000000
0.000001
0.000000
0.000000
0.000000
0.000000
0.000000
0.000000
0.000000
0.000000
0.970908
0.023110
0.000080
0.000000
0.002370
0.001631
0.000357
0.000106
0.000178
0.000494
0.000009
0.000011
0.000287
0.000011
0.000005
0.000014
0.000111
0.000017
0.000050
0.000200
0.000005
0.000000
0.000018
0.000001
0.000005
0.000000
0.000018
0.000000
0.000000
0.000000
0.000002
0.000001
0.000000
0.000000
0.000000
0.000000
0.000000
0.000000
0.000000
0.000000
0.000000
0.000000
0.000000
0.000000
0.978450
0.017568
0.002627
0.000026
0.000909
0.000025
0.000258
0.000009
0.000006
0.000042
0.000004
0.000002
0.000001
0.000052
0.000001
0.000001
0.000000
0.000001
0.000001
0.000001
0.000001
0.000003
0.000002
0.000002
0.000005
0.000000
0.000001
0.000000
0.000002
0.000000
0.000000
0.000000
0.000000
0.000000
0.000000
0.000000
0.000000
0.000000
0.000000
0.000000
0.000000
0.000000
0.000000
0.000000
0.903603
0.010695
0.044739
0.002488
0.004177
0.004368
0.000639
0.026498
0.002444
0.000022
0.000160
0.000001
0.000057
0.000098
0.000002
0.000004
0.000000
0.000004
0.000000
0.000002
0.000000
0.000000
0.000000
0.000000
0.000000
0.000000
0.000000
0.000000
0.000000
0.000000
0.000000
0.000000
0.000000
0.000000
0.000000
0.000000
0.000000
0.000000
0.000000
0.000000
0.000000
0.000000
0.000000
0.000000
0.989954
0.000121
0.003296
0.000444
0.002655
0.000940
0.001028
0.000006
0.000348
0.000009
0.000002
0.000270
0.000000
0.000252
0.000195
0.000179
0.000000
0.000099
0.000039
0.000035
0.000052
0.000053
0.000011
0.000002
0.000004
0.000000
0.000000
0.000002
0.000000
0.000001
0.000002
0.000000
0.000001
0.000000
0.000000
0.000000
0.000000
0.000000
0.000000
0.000000
0.000000
0.000000
0.000000
0.000000
0.990144
0.006825
0.000878
0.000147
0.000407
0.000653
0.000131
0.000001
0.000107
0.000156
0.000315
0.000014
0.000014
0.000047
0.000015
0.000017
0.000000
0.000059
0.000008
0.000015
0.000009
0.000001
0.000027
0.000001
0.000001
0.000000
0.000000
0.000004
0.000002
0.000001
0.000000
0.000001
0.000000
0.000000
0.000002
0.000000
0.000000
0.000000
0.000000
0.000000
0.000000
0.000000
0.000000
0.000000
0.931369
0.026569
0.021553
0.005457
0.004410
0.005804
0.000040
0.002805
0.000538
0.000057
0.000137
0.000001
0.000566
0.000002
0.000073
0.000082
0.000195
0.000159
0.000045
0.000114
0.000003
0.000017
0.000001
0.000000
0.000000
0.000002
0.000000
0.000000
0.000000
0.000000
0.000000
0.000000
0.000000
0.000000
0.000000
0.000000
0.000000
0.000000
0.000000
0.000000
0.000000
0.000000
0.000000
0.000000
0.942612
0.051678
0.001894
0.000375
0.000697
0.000352
0.001778
0.000003
0.000005
0.000099
0.000059
0.000043
0.000018
0.000049
0.000140
0.000077
0.000005
0.000018
0.000045
0.000000
0.000003
0.000009
0.000006
0.000001
0.000001
0.000019
0.000000
0.000008
0.000001
0.000004
0.000001
0.000003
0.000000
0.000000
0.000000
0.000000
0.000000
0.000000
0.000000
0.000000
0.000000
0.000000
0.000000
0.000000
0.990606
0.007058
0.000530
0.000472
0.000065
0.000030
0.000772
0.000028
0.000034
0.000033
0.000004
0.000016
0.000045
0.000132
0.000000
0.000096
0.000000
0.000001
0.000004
0.000005
0.000013
0.000008
0.000009
0.000006
0.000007
0.000006
0.000003
0.000000
0.000000
0.000008
0.000003
0.000002
0.000000
0.000001
0.000000
0.000000
0.000000
0.000000
0.000000
0.000000
0.000000
0.000000
0.000000
0.000000
0.962811
0.017417
0.006779
0.001230
0.000456
0.001492
0.000458
0.000019
0.001037
0.001752
0.004838
0.000754
0.000112
0.000769
0.000003
0.000003
0.000013
0.000018
0.000008
0.000001
0.000016
0.000011
0.000001
0.000000
0.000002
0.000000
0.000000
0.000000
0.000000
0.000000
0.000000
0.000000
0.000000
0.000000
0.000000
0.000000
0.000000
0.000000
0.000000
0.000000
0.000000
0.000000
0.000000
0.000000
0.995193
0.003364
0.000785
0.000063
0.000012
0.000008
0.000235
0.000001
0.000054
0.000106
0.000075
0.000003
0.000001
0.000003
0.000031
0.000045
0.000000
0.000005
0.000003
0.000003
0.000001
0.000001
0.000001
0.000000
0.000002
0.000001
0.000000
0.000003
0.000000
0.000000
0.000000
0.000000
0.000000
0.000000
0.000000
0.000000
0.000000
0.000000
0.000000
0.000000
0.000000
0.000000
0.000000
0.000000
0.901233
0.086029
0.005401
0.000282
0.003025
0.000013
0.002133
0.000019
0.000001
0.000718
0.000002
0.000591
0.000002
0.000022
0.000364
0.000001
0.000001
0.000026
0.000050
0.000017
0.000002
0.000004
0.000051
0.000003
0.000000
0.000002
0.000000
0.000001
0.000002
0.000000
0.000001
0.000000
0.000001
0.000001
0.000000
0.000000
0.000000
0.000000
0.000000
0.000000
0.000000
0.000000
0.000000
0.000000
0.992163
0.006528
0.001074
0.000016
0.000089
0.000001
0.000027
0.000004
0.000019
0.000020
0.000023
0.000001
0.000000
0.000001
0.000012
0.000012
0.000000
0.000002
0.000000
0.000002
0.000001
0.000000
0.000001
0.000001
0.000000
0.000000
0.000000
0.000002
0.000000
0.000000
0.000000
0.000000
0.000000
0.000000
0.000000
0.000000
0.000000
0.000000
0.000000
0.000000
0.000000
0.000000
0.000000
0.000000
