2432.325297
654.830965
1.541390
1.050740
1.119360
2.596700
1.789883
1.976031
2.909091
2.926598
230.917112
5.488713
2.972851
4.080019
2.888522
3.141447
4.685466
2.202597
2.360579
2.982972
2.696949
1.555738
1.880259
2.727589
1.982457
2.183643
2.183643
3.098318
3.098318
2.794885
2.794885
3.256782
2.418335
2.418335
2.905342
2.905342
1.706739
1.706739
3.644275
3.644275
2.548275
2.690693
2.520763
2.810211
6.579262
1.702075
2.117843
2.117843
2.486421
2.486421
4.842480
2.765992
2.765992
3.080617
3.080617
2.968896
2.968896
67.301105
5.412521
4.757676
3.055435
2.948910
2.947847
1.534151
2.904602
1.838122
2.783714
2.071353
2.810367
2.820286
2.045030
2.204956
2.001936
2.259214
2.827522
2.051843
6.398785
8.291799
2.681153
2.108526
2.366411
2.654257
