0.908479
-0.340551
-0.062084
-0.212582
-0.019151
-0.005689
0.000714
0.020552
-0.078299
0.000916
0.028229
-0.029711
-0.006929
-0.005555
-0.018601
0.024137
0.000663
-0.000713
0.002043
0.000331
-0.000268
-0.000000
0.000000
0.000000
0.000000
-0.000000
-0.000000
-0.000000
-0.000000
-0.000000
-0.000000
0.000000
0.000000
-0.000000
-0.000000
-0.000000
0.000000
0.000000
0.000000
-0.000000
-0.000000
-0.000000
-0.000000
0.000000
0.813782
-0.176028
-0.348317
-0.030022
0.350475
0.164948
-0.046927
0.128681
0.016143
0.106219
-0.061605
0.009079
-0.001067
-0.015770
0.007639
-0.003198
0.000916
-0.002137
-0.000200
0.000492
-0.000217
0.000000
0.000000
-0.000000
0.000000
0.000000
-0.000000
-0.000000
-0.000000
0.000000
0.000000
-0.000000
0.000000
0.000000
-0.000000
-0.000000
0.000000
0.000000
-0.000000
-0.000000
-0.000000
-0.000000
0.000000
0.000000
0.949377
-0.297791
-0.024777
-0.052264
0.007321
-0.051763
0.000292
0.007179
-0.023290
-0.022487
-0.005459
-0.011829
0.048569
0.015417
-0.000234
-0.007156
-0.000443
-0.002595
-0.000687
0.000775
-0.000296
0.000000
0.000000
0.000000
-0.000000
-0.000000
0.000000
0.000000
0.000000
0.000000
0.000000
-0.000000
0.000000
-0.000000
0.000000
0.000000
-0.000000
-0.000000
-0.000000
-0.000000
0.000000
0.000000
0.000000
-0.000000
0.819223
0.568204
-0.025972
-0.012580
-0.026512
-0.018537
0.018707
0.034881
0.003488
-0.039362
-0.020805
-0.010769
0.003078
-0.018468
0.005627
0.008876
0.000415
-0.000063
-0.000215
-0.000082
-0.000021
0.000000
-0.000000
0.000000
0.000000
0.000000
-0.000000
0.000000
0.000000
-0.000000
0.000000
0.000000
0.000000
0.000000
-0.000000
0.000000
-0.000000
0.000000
0.000000
-0.000000
-0.000000
-0.000000
0.000000
-0.000000
0.858332
0.496939
-0.059423
-0.020618
-0.041794
-0.019023
0.014249
0.068098
0.026242
-0.030767
-0.037006
-0.020458
-0.019873
0.034431
0.018222
-0.006841
0.002957
0.004332
-0.000319
0.001818
0.000181
-0.000000
-0.000000
-0.000000
-0.000000
0.000000
0.000000
-0.000000
0.000000
0.000000
0.000000
0.000000
-0.000000
0.000000
0.000000
-0.000000
0.000000
-0.000000
-0.000000
-0.000000
0.000000
0.000000
0.000000
0.000000
0.826021
0.554608
0.025176
0.048371
-0.030192
0.012674
-0.004576
0.043443
0.047836
-0.017557
-0.037462
-0.005231
0.003851
-0.001795
-0.007521
0.005007
-0.004190
-0.000187
-0.000505
-0.000177
-0.000015
-0.000000
-0.000000
0.000000
0.000000
-0.000000
-0.000000
-0.000000
-0.000000
-0.000000
0.000000
0.000000
-0.000000
-0.000000
0.000000
0.000000
0.000000
-0.000000
-0.000000
0.000000
0.000000
0.000000
0.000000
0.000000
0.620806
0.763911
-0.129634
0.028176
-0.069820
-0.033873
0.048585
0.035819
0.009554
-0.048431
-0.016790
-0.006569
0.007055
-0.027558
0.010969
0.008666
0.002768
-0.000031
-0.000071
-0.000480
0.000160
0.000000
0.000000
0.000000
-0.000000
-0.000000
0.000000
-0.000000
0.000000
0.000000
0.000000
-0.000000
-0.000000
0.000000
-0.000000
0.000000
0.000000
0.000000
-0.000000
-0.000000
-0.000000
0.000000
-0.000000
0.000000
0.940672
-0.197718
0.188648
-0.160949
0.093817
0.005389
-0.050333
0.010262
-0.046160
-0.017330
-0.007416
-0.019652
-0.005994
-0.006196
-0.000483
0.011380
-0.001993
-0.000028
-0.000358
0.000848
-0.000374
0.000000
0.000000
-0.000000
-0.000000
-0.000000
0.000000
-0.000000
-0.000000
-0.000000
-0.000000
0.000000
-0.000000
0.000000
0.000000
-0.000000
0.000000
-0.000000
-0.000000
0.000000
0.000000
-0.000000
0.000000
-0.000000
0.921999
0.267709
-0.133978
-0.177777
-0.115621
-0.023625
-0.081789
0.034245
0.024635
0.033451
-0.012365
0.058475
-0.031480
0.007008
-0.022361
0.002530
-0.005829
0.005201
-0.000847
-0.000004
-0.000362
-0.000000
0.000000
0.000000
-0.000000
0.000000
-0.000000
0.000000
0.000000
-0.000000
-0.000000
-0.000000
0.000000
0.000000
0.000000
0.000000
-0.000000
-0.000000
0.000000
-0.000000
-0.000000
0.000000
-0.000000
-0.000000
0.579489
0.725002
0.348437
-0.023307
0.065306
-0.038245
0.058894
-0.024994
-0.069245
-0.015333
-0.014509
-0.017593
-0.018869
0.021057
0.001991
-0.020624
-0.002970
-0.001791
0.000733
0.000647
-0.000584
0.000000
-0.000000
0.000000
0.000000
-0.000000
-0.000000
0.000000
-0.000000
-0.000000
-0.000000
-0.000000
0.000000
0.000000
-0.000000
-0.000000
0.000000
-0.000000
0.000000
0.000000
-0.000000
-0.000000
-0.000000
0.000000
0.915734
-0.270855
-0.222243
0.053944
0.137548
-0.031100
0.016204
0.072446
-0.062586
-0.027624
0.043617
-0.026980
-0.044876
0.029775
0.010846
0.003069
-0.003800
-0.001913
-0.002275
-0.002681
0.000544
0.000000
-0.000000
0.000000
-0.000000
-0.000000
-0.000000
0.000000
-0.000000
0.000000
-0.000000
-0.000000
0.000000
-0.000000
-0.000000
-0.000000
-0.000000
0.000000
-0.000000
-0.000000
0.000000
0.000000
-0.000000
-0.000000
0.882518
-0.361155
-0.098730
0.258342
-0.104290
-0.033725
-0.014666
0.010904
0.016718
0.020048
-0.023394
-0.017107
-0.003993
0.004138
-0.017544
-0.001865
-0.004281
-0.002721
0.001093
0.000570
0.000033
-0.000000
0.000000
0.000000
-0.000000
0.000000
-0.000000
-0.000000
0.000000
-0.000000
0.000000
0.000000
0.000000
0.000000
-0.000000
-0.000000
0.000000
-0.000000
0.000000
0.000000
-0.000000
0.000000
-0.000000
-0.000000
0.965268
0.241541
-0.047882
0.048432
-0.043780
-0.030988
0.009092
0.028070
0.002398
-0.025968
-0.021326
-0.013982
0.010046
-0.008755
-0.000721
0.004300
-0.000909
-0.001215
0.000014
0.000218
-0.000043
-0.000000
-0.000000
0.000000
-0.000000
0.000000
0.000000
-0.000000
-0.000000
0.000000
-0.000000
-0.000000
0.000000
-0.000000
0.000000
-0.000000
0.000000
-0.000000
0.000000
-0.000000
0.000000
-0.000000
-0.000000
-0.000000
0.975315
-0.018584
0.169302
-0.045129
0.019244
0.049095
-0.029674
-0.063975
0.080383
-0.006911
0.051914
0.025262
0.006971
-0.004714
-0.005588
0.001063
-0.002089
-0.001550
-0.002818
0.000760
0.000464
0.000000
0.000000
-0.000000
-0.000000
-0.000000
0.000000
-0.000000
-0.000000
0.000000
-0.000000
-0.000000
0.000000
0.000000
-0.000000
-0.000000
0.000000
-0.000000
-0.000000
0.000000
-0.000000
0.000000
0.000000
0.000000
0.876453
-0.388234
0.263406
-0.069362
0.049127
0.000088
-0.043331
0.030057
-0.030002
0.007357
-0.010622
0.018759
-0.013871
-0.002531
0.000548
-0.009091
0.003381
0.002168
0.000250
-0.000062
-0.000012
0.000000
-0.000000
-0.000000
-0.000000
0.000000
0.000000
-0.000000
0.000000
-0.000000
0.000000
0.000000
-0.000000
-0.000000
-0.000000
0.000000
-0.000000
-0.000000
0.000000
0.000000
-0.000000
-0.000000
-0.000000
-0.000000
0.856828
0.398457
-0.129007
-0.015780
0.173889
0.018352
0.202193
-0.099393
0.057992
0.071312
0.016230
-0.004674
0.003598
0.004840
0.004349
-0.006348
-0.003529
0.002509
0.001427
-0.001086
-0.000058
0.000000
0.000000
-0.000000
-0.000000
-0.000000
0.000000
0.000000
0.000000
-0.000000
0.000000
0.000000
0.000000
-0.000000
0.000000
-0.000000
-0.000000
0.000000
0.000000
0.000000
-0.000000
-0.000000
-0.000000
0.000000
0.982953
0.025626
0.155165
-0.065932
0.022494
0.010868
-0.001631
-0.052158
0.025957
-0.010943
-0.007358
0.018941
-0.004973
-0.007194
0.008977
0.000928
-0.000212
-0.002618
0.001257
-0.001658
-0.000594
0.000000
-0.000000
-0.000000
0.000000
-0.000000
-0.000000
0.000000
0.000000
-0.000000
-0.000000
-0.000000
0.000000
0.000000
0.000000
0.000000
0.000000
-0.000000
-0.000000
-0.000000
0.000000
0.000000
-0.000000
-0.000000
0.965615
-0.159836
-0.007836
0.180813
-0.076023
-0.033213
0.006354
0.027138
0.024759
0.004384
-0.019717
-0.023931
0.002091
-0.004348
-0.002179
0.000460
-0.000981
0.001244
-0.000379
0.000670
0.000247
-0.000000
0.000000
0.000000
0.000000
-0.000000
0.000000
0.000000
-0.000000
-0.000000
0.000000
-0.000000
-0.000000
0.000000
0.000000
0.000000
-0.000000
0.000000
-0.000000
0.000000
0.000000
0.000000
-0.000000
0.000000
0.962175
-0.158763
-0.173163
-0.056121
0.083048
0.015312
-0.000641
0.035543
0.010556
-0.046444
-0.016416
-0.009486
0.059093
0.033656
-0.014325
0.001014
0.002751
0.003232
0.001648
-0.001711
-0.000079
-0.000000
0.000000
-0.000000
0.000000
0.000000
-0.000000
-0.000000
-0.000000
-0.000000
-0.000000
-0.000000
0.000000
0.000000
-0.000000
0.000000
0.000000
0.000000
-0.000000
0.000000
-0.000000
-0.000000
-0.000000
-0.000000
0.976357
-0.149369
-0.093514
-0.112420
-0.023334
0.004370
-0.003935
-0.027229
0.014612
-0.019941
-0.003918
0.025217
-0.015051
-0.008621
-0.009650
0.001627
0.006541
0.002985
0.000407
-0.000598
0.000576
0.000000
0.000000
0.000000
0.000000
0.000000
-0.000000
0.000000
-0.000000
0.000000
-0.000000
-0.000000
-0.000000
-0.000000
-0.000000
-0.000000
0.000000
-0.000000
-0.000000
0.000000
0.000000
0.000000
0.000000
-0.000000
0.920155
-0.369413
0.043326
-0.097344
0.047619
0.002728
-0.018638
-0.022757
0.022368
-0.019256
-0.027421
-0.021505
-0.010919
0.001322
0.010173
-0.004823
0.004541
-0.001001
-0.000186
0.000787
0.000502
-0.000000
0.000000
0.000000
0.000000
-0.000000
0.000000
0.000000
0.000000
-0.000000
-0.000000
-0.000000
0.000000
-0.000000
0.000000
0.000000
0.000000
-0.000000
0.000000
0.000000
-0.000000
0.000000
-0.000000
0.000000
0.990864
-0.085605
0.087531
-0.022963
0.007328
0.013026
-0.010077
-0.028094
0.035901
-0.008909
0.006636
0.011435
0.002041
-0.002973
-0.001229
0.000089
0.000385
-0.000234
-0.000331
-0.000308
0.000062
0.000000
0.000000
-0.000000
-0.000000
0.000000
-0.000000
0.000000
-0.000000
-0.000000
0.000000
0.000000
-0.000000
0.000000
0.000000
0.000000
-0.000000
-0.000000
0.000000
0.000000
0.000000
0.000000
0.000000
0.000000
0.972513
-0.067166
-0.055287
0.002579
0.172403
0.001408
-0.024822
-0.112962
-0.035785
0.029915
0.007184
-0.026042
0.011655
-0.010613
0.019096
0.001967
-0.002950
0.002875
0.001346
0.000861
0.000858
-0.000000
-0.000000
0.000000
-0.000000
0.000000
-0.000000
-0.000000
-0.000000
0.000000
-0.000000
0.000000
0.000000
0.000000
-0.000000
0.000000
-0.000000
-0.000000
-0.000000
-0.000000
0.000000
-0.000000
-0.000000
-0.000000
0.997030
0.063017
0.026849
0.009411
-0.015876
-0.006945
-0.001476
-0.002878
0.021126
-0.016873
-0.006084
-0.000039
0.005757
-0.005684
-0.001010
0.002020
-0.000204
-0.000689
-0.000175
-0.000068
0.000014
0.000000
-0.000000
-0.000000
-0.000000
-0.000000
-0.000000
0.000000
-0.000000
0.000000
-0.000000
0.000000
-0.000000
-0.000000
-0.000000
0.000000
-0.000000
0.000000
0.000000
0.000000
-0.000000
0.000000
-0.000000
-0.000000
0.992327
-0.106008
0.056020
0.011361
-0.010751
-0.007900
-0.008061
-0.011604
0.019332
-0.003892
0.001374
0.001832
-0.001449
0.000358
-0.002492
-0.000461
0.000035
-0.001043
0.000193
0.000088
-0.000006
-0.000000
0.000000
0.000000
0.000000
-0.000000
0.000000
-0.000000
0.000000
-0.000000
-0.000000
-0.000000
0.000000
-0.000000
-0.000000
0.000000
0.000000
0.000000
0.000000
-0.000000
0.000000
0.000000
0.000000
-0.000000
0.953625
-0.018368
-0.107964
0.215110
-0.157444
-0.057992
0.016841
0.034927
-0.016043
0.036302
0.018388
0.019519
0.000036
0.009387
-0.015844
-0.005881
0.001603
-0.001960
0.001465
0.000704
0.000486
0.000000
0.000000
-0.000000
-0.000000
-0.000000
-0.000000
0.000000
-0.000000
-0.000000
-0.000000
0.000000
0.000000
-0.000000
0.000000
0.000000
0.000000
-0.000000
-0.000000
-0.000000
-0.000000
-0.000000
-0.000000
-0.000000
0.948122
-0.250660
-0.114753
-0.004637
-0.064713
0.080537
0.044657
0.022420
-0.060055
-0.017161
0.020345
0.060414
0.058252
0.005031
0.021635
-0.002611
-0.003638
0.000667
-0.001503
0.000330
-0.000098
0.000000
-0.000000
0.000000
0.000000
-0.000000
-0.000000
-0.000000
0.000000
-0.000000
0.000000
0.000000
-0.000000
0.000000
-0.000000
-0.000000
0.000000
0.000000
0.000000
-0.000000
0.000000
-0.000000
-0.000000
0.000000
0.667026
0.474578
-0.342002
0.276591
0.155562
0.221599
-0.193086
-0.101765
-0.097755
-0.069445
0.009159
0.024168
-0.015430
-0.003596
-0.010857
-0.004552
0.001752
0.000378
0.000304
0.000273
-0.000249
-0.000000
0.000000
-0.000000
0.000000
-0.000000
0.000000
0.000000
0.000000
-0.000000
0.000000
0.000000
-0.000000
-0.000000
0.000000
0.000000
-0.000000
0.000000
0.000000
0.000000
0.000000
0.000000
0.000000
0.000000
0.987114
0.013138
-0.053598
-0.073963
-0.020629
0.018197
-0.002099
-0.053400
0.092291
-0.032566
-0.060534
0.007684
-0.011129
-0.000192
-0.005091
-0.003131
-0.000111
-0.003832
0.000296
-0.000994
0.000110
-0.000000
0.000000
0.000000
0.000000
0.000000
0.000000
-0.000000
0.000000
0.000000
-0.000000
0.000000
-0.000000
0.000000
-0.000000
0.000000
-0.000000
-0.000000
-0.000000
-0.000000
-0.000000
-0.000000
0.000000
0.000000
0.481849
-0.833896
0.049146
0.187842
-0.072982
-0.045328
-0.139214
-0.027454
0.066960
-0.004939
0.003112
-0.046970
-0.005428
-0.012754
0.014623
-0.008453
0.000410
0.004445
-0.000792
-0.000861
-0.000892
0.000000
0.000000
0.000000
-0.000000
-0.000000
-0.000000
-0.000000
-0.000000
0.000000
0.000000
0.000000
0.000000
-0.000000
-0.000000
-0.000000
0.000000
0.000000
-0.000000
-0.000000
-0.000000
-0.000000
-0.000000
0.000000
0.525666
0.084215
0.824595
0.129489
0.055359
0.039477
-0.073744
0.027576
-0.066135
0.050500
-0.039106
0.015542
0.012311
0.006486
-0.011737
0.002530
0.001578
0.000969
-0.000135
-0.001200
0.000494
-0.000000
0.000000
0.000000
-0.000000
-0.000000
0.000000
0.000000
0.000000
0.000000
0.000000
0.000000
0.000000
-0.000000
0.000000
-0.000000
0.000000
0.000000
-0.000000
-0.000000
-0.000000
0.000000
0.000000
0.000000
0.779071
-0.081624
0.031204
-0.090340
-0.396006
0.457220
0.088895
0.001527
-0.033262
0.032677
0.008728
-0.032606
-0.008882
-0.000738
0.008124
-0.004108
0.000165
0.000046
0.000044
-0.000408
0.000007
-0.000000
-0.000000
-0.000000
-0.000000
0.000000
0.000000
-0.000000
-0.000000
0.000000
-0.000000
-0.000000
0.000000
-0.000000
-0.000000
0.000000
-0.000000
-0.000000
-0.000000
0.000000
-0.000000
0.000000
0.000000
-0.000000
0.627782
0.699807
0.233987
0.101796
0.126435
0.081559
-0.016044
0.094506
0.074457
0.016293
0.114521
-0.013206
0.008930
-0.003696
-0.001251
-0.000336
0.005178
-0.000050
0.000251
-0.000140
-0.000287
0.000000
0.000000
0.000000
0.000000
0.000000
-0.000000
-0.000000
0.000000
-0.000000
-0.000000
0.000000
-0.000000
0.000000
0.000000
0.000000
-0.000000
-0.000000
-0.000000
0.000000
0.000000
0.000000
0.000000
0.000000
0.982378
-0.136134
0.037879
0.087917
-0.069844
-0.001912
-0.024390
-0.008911
0.034882
0.001423
-0.018668
0.008154
0.000999
0.001790
-0.004195
-0.004683
0.000541
-0.001309
0.000333
-0.000424
0.000069
0.000000
-0.000000
0.000000
-0.000000
-0.000000
-0.000000
-0.000000
0.000000
0.000000
-0.000000
-0.000000
-0.000000
0.000000
0.000000
0.000000
-0.000000
0.000000
0.000000
0.000000
0.000000
-0.000000
0.000000
0.000000
0.498719
0.737039
-0.197780
-0.130663
-0.210552
-0.155734
-0.259540
-0.058392
-0.028564
0.101669
0.005699
-0.021659
0.018998
0.014753
0.015890
0.003860
0.001922
-0.001757
-0.000523
-0.000751
0.000029
0.000000
0.000000
-0.000000
0.000000
0.000000
0.000000
-0.000000
-0.000000
-0.000000
0.000000
0.000000
-0.000000
0.000000
-0.000000
-0.000000
0.000000
-0.000000
0.000000
0.000000
-0.000000
0.000000
0.000000
-0.000000
0.951863
0.036613
0.072219
0.281614
-0.023898
-0.060963
0.044771
0.019543
-0.019582
0.017771
0.015024
-0.005305
0.003561
-0.013130
0.004997
0.015134
-0.004643
0.002657
0.000325
0.000093
-0.000037
0.000000
-0.000000
-0.000000
0.000000
-0.000000
0.000000
0.000000
0.000000
0.000000
-0.000000
-0.000000
-0.000000
0.000000
-0.000000
0.000000
0.000000
-0.000000
0.000000
0.000000
-0.000000
-0.000000
0.000000
-0.000000
0.972929
-0.162554
-0.093039
-0.091519
0.039675
-0.002947
-0.020901
-0.012883
0.046578
0.006967
0.067925
-0.014799
-0.006273
0.016741
-0.019796
-0.001885
0.000257
-0.000643
0.000223
0.001250
-0.000072
-0.000000
-0.000000
0.000000
0.000000
-0.000000
-0.000000
-0.000000
-0.000000
0.000000
0.000000
0.000000
-0.000000
0.000000
-0.000000
0.000000
-0.000000
-0.000000
-0.000000
-0.000000
-0.000000
-0.000000
-0.000000
-0.000000
0.927192
-0.306737
-0.043724
0.058082
-0.113399
-0.136287
0.025431
0.041178
-0.015714
-0.001156
0.034545
0.062109
-0.026196
0.001160
0.034133
-0.000997
0.002344
-0.001366
0.002438
0.000069
-0.000178
-0.000000
0.000000
-0.000000
-0.000000
-0.000000
0.000000
-0.000000
-0.000000
0.000000
-0.000000
0.000000
0.000000
-0.000000
0.000000
0.000000
-0.000000
-0.000000
-0.000000
0.000000
-0.000000
0.000000
0.000000
-0.000000
0.978782
-0.058743
0.178075
-0.049658
0.055238
-0.012532
-0.026137
-0.005845
-0.004787
-0.008005
0.006495
0.002659
0.000370
-0.011283
0.012640
0.002410
0.000807
-0.001016
-0.000835
0.000415
-0.000118
-0.000000
0.000000
-0.000000
-0.000000
0.000000
-0.000000
0.000000
0.000000
-0.000000
-0.000000
-0.000000
-0.000000
-0.000000
-0.000000
-0.000000
-0.000000
-0.000000
-0.000000
-0.000000
0.000000
-0.000000
-0.000000
-0.000000
0.979408
0.005410
0.167010
-0.084995
0.031210
-0.018073
0.047403
-0.029967
-0.019803
-0.014598
-0.017152
0.003231
-0.009704
0.004754
0.008053
0.008333
-0.002655
0.000636
0.000249
0.000308
-0.000072
0.000000
0.000000
-0.000000
0.000000
0.000000
-0.000000
-0.000000
0.000000
0.000000
0.000000
-0.000000
0.000000
-0.000000
0.000000
0.000000
0.000000
0.000000
-0.000000
0.000000
-0.000000
0.000000
-0.000000
-0.000000
0.956030
0.078687
-0.117126
-0.158187
-0.048500
-0.157228
0.033185
0.045131
-0.080693
-0.004737
0.025513
-0.018718
0.006589
-0.045429
-0.017462
-0.030188
-0.001261
0.000968
-0.000407
-0.000678
0.000204
-0.000000
0.000000
-0.000000
0.000000
0.000000
0.000000
-0.000000
0.000000
0.000000
0.000000
0.000000
-0.000000
0.000000
0.000000
0.000000
0.000000
0.000000
-0.000000
0.000000
0.000000
-0.000000
0.000000
0.000000
0.989673
-0.078885
0.078236
-0.074652
0.040455
-0.013664
-0.001603
-0.014621
0.007876
-0.004797
0.021353
-0.002533
-0.005268
0.003054
0.000276
0.002484
-0.000394
-0.000413
-0.000113
0.000676
-0.000110
-0.000000
-0.000000
0.000000
-0.000000
0.000000
0.000000
0.000000
0.000000
-0.000000
0.000000
-0.000000
-0.000000
-0.000000
-0.000000
-0.000000
0.000000
0.000000
-0.000000
0.000000
-0.000000
-0.000000
0.000000
-0.000000
0.944153
-0.023704
-0.131450
0.139105
-0.006541
-0.102647
0.215759
-0.082459
-0.060996
0.053090
-0.023132
0.003192
-0.006393
0.004897
-0.012620
0.007849
0.008619
0.000114
-0.002973
0.000110
-0.000573
-0.000000
-0.000000
0.000000
-0.000000
0.000000
-0.000000
-0.000000
0.000000
-0.000000
-0.000000
0.000000
0.000000
0.000000
0.000000
0.000000
0.000000
-0.000000
-0.000000
0.000000
0.000000
-0.000000
0.000000
-0.000000
0.992578
-0.101252
0.058096
0.011178
-0.014953
-0.009832
-0.012492
-0.011434
0.020174
-0.000856
0.001992
0.002456
-0.001988
0.002151
-0.001723
-0.000660
-0.000029
-0.000782
0.000120
0.000126
-0.000026
-0.000000
-0.000000
0.000000
0.000000
-0.000000
0.000000
-0.000000
-0.000000
-0.000000
0.000000
-0.000000
-0.000000
0.000000
0.000000
-0.000000
-0.000000
0.000000
0.000000
-0.000000
-0.000000
0.000000
0.000000
-0.000000
