0.825333
0.115975
0.003854
0.045191
0.000367
0.000032
0.000001
0.000422
0.006131
0.000001
0.000797
0.000883
0.000048
0.000031
0.000346
0.000583
0.000000
0.000001
0.000004
0.000000
0.000000
0.000000
0.000000
0.000000
0.000000
0.000000
0.000000
0.000000
0.000000
0.000000
0.000000
0.000000
0.000000
0.000000
0.000000
0.000000
0.000000
0.000000
0.000000
0.000000
0.000000
0.000000
0.000000
0.000000
0.662242
0.030986
0.121325
0.000901
0.122833
0.027208
0.002202
0.016559
0.000261
0.011282
0.003795
0.000082
0.000001
0.000249
0.000058
0.000010
0.000001
0.000005
0.000000
0.000000
0.000000
0.000000
0.000000
0.000000
0.000000
0.000000
0.000000
0.000000
0.000000
0.000000
0.000000
0.000000
0.000000
0.000000
0.000000
0.000000
0.000000
0.000000
0.000000
0.000000
0.000000
0.000000
0.000000
0.000000
0.901317
0.088679
0.000614
0.002731
0.000054
0.002679
0.000000
0.000052
0.000542
0.000506
0.000030
0.000140
0.002359
0.000238
0.000000
0.000051
0.000000
0.000007
0.000000
0.000001
0.000000
0.000000
0.000000
0.000000
0.000000
0.000000
0.000000
0.000000
0.000000
0.000000
0.000000
0.000000
0.000000
0.000000
0.000000
0.000000
0.000000
0.000000
0.000000
0.000000
0.000000
0.000000
0.000000
0.000000
0.671127
0.322856
0.000675
0.000158
0.000703
0.000344
0.000350
0.001217
0.000012
0.001549
0.000433
0.000116
0.000009
0.000341
0.000032
0.000079
0.000000
0.000000
0.000000
0.000000
0.000000
0.000000
0.000000
0.000000
0.000000
0.000000
0.000000
0.000000
0.000000
0.000000
0.000000
0.000000
0.000000
0.000000
0.000000
0.000000
0.000000
0.000000
0.000000
0.000000
0.000000
0.000000
0.000000
0.000000
0.736733
0.246948
0.003531
0.000425
0.001747
0.000362
0.000203
0.004637
0.000689
0.000947
0.001369
0.000419
0.000395
0.001185
0.000332
0.000047
0.000009
0.000019
0.000000
0.000003
0.000000
0.000000
0.000000
0.000000
0.000000
0.000000
0.000000
0.000000
0.000000
0.000000
0.000000
0.000000
0.000000
0.000000
0.000000
0.000000
0.000000
0.000000
0.000000
0.000000
0.000000
0.000000
0.000000
0.000000
0.682311
0.307590
0.000634
0.002340
0.000912
0.000161
0.000021
0.001887
0.002288
0.000308
0.001403
0.000027
0.000015
0.000003
0.000057
0.000025
0.000018
0.000000
0.000000
0.000000
0.000000
0.000000
0.000000
0.000000
0.000000
0.000000
0.000000
0.000000
0.000000
0.000000
0.000000
0.000000
0.000000
0.000000
0.000000
0.000000
0.000000
0.000000
0.000000
0.000000
0.000000
0.000000
0.000000
0.000000
0.385400
0.583561
0.016805
0.000794
0.004875
0.001147
0.002360
0.001283
0.000091
0.002346
0.000282
0.000043
0.000050
0.000759
0.000120
0.000075
0.000008
0.000000
0.000000
0.000000
0.000000
0.000000
0.000000
0.000000
0.000000
0.000000
0.000000
0.000000
0.000000
0.000000
0.000000
0.000000
0.000000
0.000000
0.000000
0.000000
0.000000
0.000000
0.000000
0.000000
0.000000
0.000000
0.000000
0.000000
0.884865
0.039092
0.035588
0.025905
0.008802
0.000029
0.002533
0.000105
0.002131
0.000300
0.000055
0.000386
0.000036
0.000038
0.000000
0.000130
0.000004
0.000000
0.000000
0.000001
0.000000
0.000000
0.000000
0.000000
0.000000
0.000000
0.000000
0.000000
0.000000
0.000000
0.000000
0.000000
0.000000
0.000000
0.000000
0.000000
0.000000
0.000000
0.000000
0.000000
0.000000
0.000000
0.000000
0.000000
0.850082
0.071668
0.017950
0.031604
0.013368
0.000558
0.006689
0.001173
0.000607
0.001119
0.000153
0.003419
0.000991
0.000049
0.000500
0.000006
0.000034
0.000027
0.000001
0.000000
0.000000
0.000000
0.000000
0.000000
0.000000
0.000000
0.000000
0.000000
0.000000
0.000000
0.000000
0.000000
0.000000
0.000000
0.000000
0.000000
0.000000
0.000000
0.000000
0.000000
0.000000
0.000000
0.000000
0.000000
0.335808
0.525628
0.121408
0.000543
0.004265
0.001463
0.003468
0.000625
0.004795
0.000235
0.000211
0.000310
0.000356
0.000443
0.000004
0.000425
0.000009
0.000003
0.000001
0.000000
0.000000
0.000000
0.000000
0.000000
0.000000
0.000000
0.000000
0.000000
0.000000
0.000000
0.000000
0.000000
0.000000
0.000000
0.000000
0.000000
0.000000
0.000000
0.000000
0.000000
0.000000
0.000000
0.000000
0.000000
0.838569
0.073363
0.049392
0.002910
0.018919
0.000967
0.000263
0.005248
0.003917
0.000763
0.001902
0.000728
0.002014
0.000887
0.000118
0.000009
0.000014
0.000004
0.000005
0.000007
0.000000
0.000000
0.000000
0.000000
0.000000
0.000000
0.000000
0.000000
0.000000
0.000000
0.000000
0.000000
0.000000
0.000000
0.000000
0.000000
0.000000
0.000000
0.000000
0.000000
0.000000
0.000000
0.000000
0.000000
0.778838
0.130433
0.009748
0.066740
0.010876
0.001137
0.000215
0.000119
0.000280
0.000402
0.000547
0.000293
0.000016
0.000017
0.000308
0.000003
0.000018
0.000007
0.000001
0.000000
0.000000
0.000000
0.000000
0.000000
0.000000
0.000000
0.000000
0.000000
0.000000
0.000000
0.000000
0.000000
0.000000
0.000000
0.000000
0.000000
0.000000
0.000000
0.000000
0.000000
0.000000
0.000000
0.000000
0.000000
0.931743
0.058342
0.002293
0.002346
0.001917
0.000960
0.000083
0.000788
0.000006
0.000674
0.000455
0.000196
0.000101
0.000077
0.000001
0.000018
0.000001
0.000001
0.000000
0.000000
0.000000
0.000000
0.000000
0.000000
0.000000
0.000000
0.000000
0.000000
0.000000
0.000000
0.000000
0.000000
0.000000
0.000000
0.000000
0.000000
0.000000
0.000000
0.000000
0.000000
0.000000
0.000000
0.000000
0.000000
0.951240
0.000345
0.028663
0.002037
0.000370
0.002410
0.000881
0.004093
0.006461
0.000048
0.002695
0.000638
0.000049
0.000022
0.000031
0.000001
0.000004
0.000002
0.000008
0.000001
0.000000
0.000000
0.000000
0.000000
0.000000
0.000000
0.000000
0.000000
0.000000
0.000000
0.000000
0.000000
0.000000
0.000000
0.000000
0.000000
0.000000
0.000000
0.000000
0.000000
0.000000
0.000000
0.000000
0.000000
0.768169
0.150726
0.069383
0.004811
0.002413
0.000000
0.001878
0.000903
0.000900
0.000054
0.000113
0.000352
0.000192
0.000006
0.000000
0.000083
0.000011
0.000005
0.000000
0.000000
0.000000
0.000000
0.000000
0.000000
0.000000
0.000000
0.000000
0.000000
0.000000
0.000000
0.000000
0.000000
0.000000
0.000000
0.000000
0.000000
0.000000
0.000000
0.000000
0.000000
0.000000
0.000000
0.000000
0.000000
0.734154
0.158768
0.016643
0.000249
0.030237
0.000337
0.040882
0.009879
0.003363
0.005085
0.000263
0.000022
0.000013
0.000023
0.000019
0.000040
0.000012
0.000006
0.000002
0.000001
0.000000
0.000000
0.000000
0.000000
0.000000
0.000000
0.000000
0.000000
0.000000
0.000000
0.000000
0.000000
0.000000
0.000000
0.000000
0.000000
0.000000
0.000000
0.000000
0.000000
0.000000
0.000000
0.000000
0.000000
0.966197
0.000657
0.024076
0.004347
0.000506
0.000118
0.000003
0.002720
0.000674
0.000120
0.000054
0.000359
0.000025
0.000052
0.000081
0.000001
0.000000
0.000007
0.000002
0.000003
0.000000
0.000000
0.000000
0.000000
0.000000
0.000000
0.000000
0.000000
0.000000
0.000000
0.000000
0.000000
0.000000
0.000000
0.000000
0.000000
0.000000
0.000000
0.000000
0.000000
0.000000
0.000000
0.000000
0.000000
0.932413
0.025548
0.000061
0.032693
0.005780
0.001103
0.000040
0.000736
0.000613
0.000019
0.000389
0.000573
0.000004
0.000019
0.000005
0.000000
0.000001
0.000002
0.000000
0.000000
0.000000
0.000000
0.000000
0.000000
0.000000
0.000000
0.000000
0.000000
0.000000
0.000000
0.000000
0.000000
0.000000
0.000000
0.000000
0.000000
0.000000
0.000000
0.000000
0.000000
0.000000
0.000000
0.000000
0.000000
0.925781
0.025206
0.029985
0.003150
0.006897
0.000234
0.000000
0.001263
0.000111
0.002157
0.000269
0.000090
0.003492
0.001133
0.000205
0.000001
0.000008
0.000010
0.000003
0.000003
0.000000
0.000000
0.000000
0.000000
0.000000
0.000000
0.000000
0.000000
0.000000
0.000000
0.000000
0.000000
0.000000
0.000000
0.000000
0.000000
0.000000
0.000000
0.000000
0.000000
0.000000
0.000000
0.000000
0.000000
0.953274
0.022311
0.008745
0.012638
0.000544
0.000019
0.000015
0.000741
0.000213
0.000398
0.000015
0.000636
0.000227
0.000074
0.000093
0.000003
0.000043
0.000009
0.000000
0.000000
0.000000
0.000000
0.000000
0.000000
0.000000
0.000000
0.000000
0.000000
0.000000
0.000000
0.000000
0.000000
0.000000
0.000000
0.000000
0.000000
0.000000
0.000000
0.000000
0.000000
0.000000
0.000000
0.000000
0.000000
0.846685
0.136466
0.001877
0.009476
0.002268
0.000007
0.000347
0.000518
0.000500
0.000371
0.000752
0.000462
0.000119
0.000002
0.000103
0.000023
0.000021
0.000001
0.000000
0.000001
0.000000
0.000000
0.000000
0.000000
0.000000
0.000000
0.000000
0.000000
0.000000
0.000000
0.000000
0.000000
0.000000
0.000000
0.000000
0.000000
0.000000
0.000000
0.000000
0.000000
0.000000
0.000000
0.000000
0.000000
0.981811
0.007328
0.007662
0.000527
0.000054
0.000170
0.000102
0.000789
0.001289
0.000079
0.000044
0.000131
0.000004
0.000009
0.000002
0.000000
0.000000
0.000000
0.000000
0.000000
0.000000
0.000000
0.000000
0.000000
0.000000
0.000000
0.000000
0.000000
0.000000
0.000000
0.000000
0.000000
0.000000
0.000000
0.000000
0.000000
0.000000
0.000000
0.000000
0.000000
0.000000
0.000000
0.000000
0.000000
0.945781
0.004511
0.003057
0.000007
0.029723
0.000002
0.000616
0.012760
0.001281
0.000895
0.000052
0.000678
0.000136
0.000113
0.000365
0.000004
0.000009
0.000008
0.000002
0.000001
0.000001
0.000000
0.000000
0.000000
0.000000
0.000000
0.000000
0.000000
0.000000
0.000000
0.000000
0.000000
0.000000
0.000000
0.000000
0.000000
0.000000
0.000000
0.000000
0.000000
0.000000
0.000000
0.000000
0.000000
0.994070
0.003971
0.000721
0.000089
0.000252
0.000048
0.000002
0.000008
0.000446
0.000285
0.000037
0.000000
0.000033
0.000032
0.000001
0.000004
0.000000
0.000000
0.000000
0.000000
0.000000
0.000000
0.000000
0.000000
0.000000
0.000000
0.000000
0.000000
0.000000
0.000000
0.000000
0.000000
0.000000
0.000000
0.000000
0.000000
0.000000
0.000000
0.000000
0.000000
0.000000
0.000000
0.000000
0.000000
0.984713
0.011238
0.003138
0.000129
0.000116
0.000062
0.000065
0.000135
0.000374
0.000015
0.000002
0.000003
0.000002
0.000000
0.000006
0.000000
0.000000
0.000001
0.000000
0.000000
0.000000
0.000000
0.000000
0.000000
0.000000
0.000000
0.000000
0.000000
0.000000
0.000000
0.000000
0.000000
0.000000
0.000000
0.000000
0.000000
0.000000
0.000000
0.000000
0.000000
0.000000
0.000000
0.000000
0.000000
0.909402
0.000337
0.011656
0.046272
0.024789
0.003363
0.000284
0.001220
0.000257
0.001318
0.000338
0.000381
0.000000
0.000088
0.000251
0.000035
0.000003
0.000004
0.000002
0.000000
0.000000
0.000000
0.000000
0.000000
0.000000
0.000000
0.000000
0.000000
0.000000
0.000000
0.000000
0.000000
0.000000
0.000000
0.000000
0.000000
0.000000
0.000000
0.000000
0.000000
0.000000
0.000000
0.000000
0.000000
0.898934
0.062831
0.013168
0.000022
0.004188
0.006486
0.001994
0.000503
0.003607
0.000295
0.000414
0.003650
0.003393
0.000025
0.000468
0.000007
0.000013
0.000000
0.000002
0.000000
0.000000
0.000000
0.000000
0.000000
0.000000
0.000000
0.000000
0.000000
0.000000
0.000000
0.000000
0.000000
0.000000
0.000000
0.000000
0.000000
0.000000
0.000000
0.000000
0.000000
0.000000
0.000000
0.000000
0.000000
0.444924
0.225224
0.116965
0.076503
0.024199
0.049106
0.037282
0.010356
0.009556
0.004823
0.000084
0.000584
0.000238
0.000013
0.000118
0.000021
0.000003
0.000000
0.000000
0.000000
0.000000
0.000000
0.000000
0.000000
0.000000
0.000000
0.000000
0.000000
0.000000
0.000000
0.000000
0.000000
0.000000
0.000000
0.000000
0.000000
0.000000
0.000000
0.000000
0.000000
0.000000
0.000000
0.000000
0.000000
0.974394
0.000173
0.002873
0.005471
0.000426
0.000331
0.000004
0.002852
0.008518
0.001061
0.003664
0.000059
0.000124
0.000000
0.000026
0.000010
0.000000
0.000015
0.000000
0.000001
0.000000
0.000000
0.000000
0.000000
0.000000
0.000000
0.000000
0.000000
0.000000
0.000000
0.000000
0.000000
0.000000
0.000000
0.000000
0.000000
0.000000
0.000000
0.000000
0.000000
0.000000
0.000000
0.000000
0.000000
0.232178
0.695383
0.002415
0.035285
0.005326
0.002055
0.019381
0.000754
0.004484
0.000024
0.000010
0.002206
0.000029
0.000163
0.000214
0.000071
0.000000
0.000020
0.000001
0.000001
0.000001
0.000000
0.000000
0.000000
0.000000
0.000000
0.000000
0.000000
0.000000
0.000000
0.000000
0.000000
0.000000
0.000000
0.000000
0.000000
0.000000
0.000000
0.000000
0.000000
0.000000
0.000000
0.000000
0.000000
0.276324
0.007092
0.679956
0.016768
0.003065
0.001558
0.005438
0.000760
0.004374
0.002550
0.001529
0.000242
0.000152
0.000042
0.000138
0.000006
0.000002
0.000001
0.000000
0.000001
0.000000
0.000000
0.000000
0.000000
0.000000
0.000000
0.000000
0.000000
0.000000
0.000000
0.000000
0.000000
0.000000
0.000000
0.000000
0.000000
0.000000
0.000000
0.000000
0.000000
0.000000
0.000000
0.000000
0.000000
0.606951
0.006662
0.000974
0.008161
0.156821
0.209050
0.007902
0.000002
0.001106
0.001068
0.000076
0.001063
0.000079
0.000001
0.000066
0.000017
0.000000
0.000000
0.000000
0.000000
0.000000
0.000000
0.000000
0.000000
0.000000
0.000000
0.000000
0.000000
0.000000
0.000000
0.000000
0.000000
0.000000
0.000000
0.000000
0.000000
0.000000
0.000000
0.000000
0.000000
0.000000
0.000000
0.000000
0.000000
0.394111
0.489730
0.054750
0.010362
0.015986
0.006652
0.000257
0.008931
0.005544
0.000265
0.013115
0.000174
0.000080
0.000014
0.000002
0.000000
0.000027
0.000000
0.000000
0.000000
0.000000
0.000000
0.000000
0.000000
0.000000
0.000000
0.000000
0.000000
0.000000
0.000000
0.000000
0.000000
0.000000
0.000000
0.000000
0.000000
0.000000
0.000000
0.000000
0.000000
0.000000
0.000000
0.000000
0.000000
0.965067
0.018532
0.001435
0.007729
0.004878
0.000004
0.000595
0.000079
0.001217
0.000002
0.000349
0.000066
0.000001
0.000003
0.000018
0.000022
0.000000
0.000002
0.000000
0.000000
0.000000
0.000000
0.000000
0.000000
0.000000
0.000000
0.000000
0.000000
0.000000
0.000000
0.000000
0.000000
0.000000
0.000000
0.000000
0.000000
0.000000
0.000000
0.000000
0.000000
0.000000
0.000000
0.000000
0.000000
0.248721
0.543226
0.039117
0.017073
0.044332
0.024253
0.067361
0.003410
0.000816
0.010337
0.000032
0.000469
0.000361
0.000218
0.000253
0.000015
0.000004
0.000003
0.000000
0.000001
0.000000
0.000000
0.000000
0.000000
0.000000
0.000000
0.000000
0.000000
0.000000
0.000000
0.000000
0.000000
0.000000
0.000000
0.000000
0.000000
0.000000
0.000000
0.000000
0.000000
0.000000
0.000000
0.000000
0.000000
0.906042
0.001341
0.005216
0.079307
0.000571
0.003717
0.002004
0.000382
0.000383
0.000316
0.000226
0.000028
0.000013
0.000172
0.000025
0.000229
0.000022
0.000007
0.000000
0.000000
0.000000
0.000000
0.000000
0.000000
0.000000
0.000000
0.000000
0.000000
0.000000
0.000000
0.000000
0.000000
0.000000
0.000000
0.000000
0.000000
0.000000
0.000000
0.000000
0.000000
0.000000
0.000000
0.000000
0.000000
0.946590
0.026424
0.008656
0.008376
0.001574
0.000009
0.000437
0.000166
0.002170
0.000049
0.004614
0.000219
0.000039
0.000280
0.000392
0.000004
0.000000
0.000000
0.000000
0.000002
0.000000
0.000000
0.000000
0.000000
0.000000
0.000000
0.000000
0.000000
0.000000
0.000000
0.000000
0.000000
0.000000
0.000000
0.000000
0.000000
0.000000
0.000000
0.000000
0.000000
0.000000
0.000000
0.000000
0.000000
0.859686
0.094087
0.001912
0.003374
0.012859
0.018574
0.000647
0.001696
0.000247
0.000001
0.001193
0.003858
0.000686
0.000001
0.001165
0.000001
0.000005
0.000002
0.000006
0.000000
0.000000
0.000000
0.000000
0.000000
0.000000
0.000000
0.000000
0.000000
0.000000
0.000000
0.000000
0.000000
0.000000
0.000000
0.000000
0.000000
0.000000
0.000000
0.000000
0.000000
0.000000
0.000000
0.000000
0.000000
0.958015
0.003451
0.031711
0.002466
0.003051
0.000157
0.000683
0.000034
0.000023
0.000064
0.000042
0.000007
0.000000
0.000127
0.000160
0.000006
0.000001
0.000001
0.000001
0.000000
0.000000
0.000000
0.000000
0.000000
0.000000
0.000000
0.000000
0.000000
0.000000
0.000000
0.000000
0.000000
0.000000
0.000000
0.000000
0.000000
0.000000
0.000000
0.000000
0.000000
0.000000
0.000000
0.000000
0.000000
0.959240
0.000029
0.027892
0.007224
0.000974
0.000327
0.002247
0.000898
0.000392
0.000213
0.000294
0.000010
0.000094
0.000023
0.000065
0.000069
0.000007
0.000000
0.000000
0.000000
0.000000
0.000000
0.000000
0.000000
0.000000
0.000000
0.000000
0.000000
0.000000
0.000000
0.000000
0.000000
0.000000
0.000000
0.000000
0.000000
0.000000
0.000000
0.000000
0.000000
0.000000
0.000000
0.000000
0.000000
0.913994
0.006192
0.013718
0.025023
0.002352
0.024721
0.001101
0.002037
0.006511
0.000022
0.000651
0.000350
0.000043
0.002064
0.000305
0.000911
0.000002
0.000001
0.000000
0.000000
0.000000
0.000000
0.000000
0.000000
0.000000
0.000000
0.000000
0.000000
0.000000
0.000000
0.000000
0.000000
0.000000
0.000000
0.000000
0.000000
0.000000
0.000000
0.000000
0.000000
0.000000
0.000000
0.000000
0.000000
0.979452
0.006223
0.006121
0.005573
0.001637
0.000187
0.000003
0.000214
0.000062
0.000023
0.000456
0.000006
0.000028
0.000009
0.000000
0.000006
0.000000
0.000000
0.000000
0.000000
0.000000
0.000000
0.000000
0.000000
0.000000
0.000000
0.000000
0.000000
0.000000
0.000000
0.000000
0.000000
0.000000
0.000000
0.000000
0.000000
0.000000
0.000000
0.000000
0.000000
0.000000
0.000000
0.000000
0.000000
0.891425
0.000562
0.017279
0.019350
0.000043
0.010536
0.046552
0.006800
0.003720
0.002819
0.000535
0.000010
0.000041
0.000024
0.000159
0.000062
0.000074
0.000000
0.000009
0.000000
0.000000
0.000000
0.000000
0.000000
0.000000
0.000000
0.000000
0.000000
0.000000
0.000000
0.000000
0.000000
0.000000
0.000000
0.000000
0.000000
0.000000
0.000000
0.000000
0.000000
0.000000
0.000000
0.000000
0.000000
0.985210
0.010252
0.003375
0.000125
0.000224
0.000097
0.000156
0.000131
0.000407
0.000001
0.000004
0.000006
0.000004
0.000005
0.000003
0.000000
0.000000
0.000001
0.000000
0.000000
0.000000
0.000000
0.000000
0.000000
0.000000
0.000000
0.000000
0.000000
0.000000
0.000000
0.000000
0.000000
0.000000
0.000000
0.000000
0.000000
0.000000
0.000000
0.000000
0.000000
0.000000
0.000000
0.000000
0.000000
