0.755515
0.231930
0.009464
0.000444
0.000423
0.001775
0.000124
0.000230
0.000034
0.000022
0.000020
0.000000
0.000008
0.000010
0.000000
0.000000
0.000000
0.000000
0.000000
0.000000
0.000000
0.000000
0.000000
0.000000
0.000000
0.000000
0.000000
0.000000
0.000000
0.000000
0.000000
0.000000
0.000000
0.000000
0.000000
0.000000
0.000000
0.000000
0.000000
0.000000
0.000000
0.000000
0.000000
0.000000
0.825511
0.010865
0.035630
0.002579
0.018187
0.016061
0.003158
0.050308
0.017928
0.012956
0.006563
0.000060
0.000017
0.000160
0.000003
0.000006
0.000001
0.000006
0.000001
0.000000
0.000001
0.000000
0.000000
0.000000
0.000000
0.000000
0.000000
0.000000
0.000000
0.000000
0.000000
0.000000
0.000000
0.000000
0.000000
0.000000
0.000000
0.000000
0.000000
0.000000
0.000000
0.000000
0.000000
0.000000
0.126769
0.115738
0.228690
0.168999
0.167060
0.050011
0.069455
0.061087
0.006921
0.002657
0.000881
0.000227
0.000849
0.000610
0.000031
0.000007
0.000002
0.000005
0.000001
0.000000
0.000002
0.000000
0.000000
0.000000
0.000000
0.000000
0.000000
0.000000
0.000000
0.000000
0.000000
0.000000
0.000000
0.000000
0.000000
0.000000
0.000000
0.000000
0.000000
0.000000
0.000000
0.000000
0.000000
0.000000
0.942611
0.003178
0.015459
0.000247
0.000612
0.010097
0.000028
0.001682
0.004659
0.013711
0.000070
0.000947
0.004218
0.002450
0.000000
0.000028
0.000000
0.000001
0.000000
0.000000
0.000001
0.000000
0.000000
0.000000
0.000000
0.000000
0.000000
0.000000
0.000000
0.000000
0.000000
0.000000
0.000000
0.000000
0.000000
0.000000
0.000000
0.000000
0.000000
0.000000
0.000000
0.000000
0.000000
0.000000
0.619249
0.307875
0.000474
0.011762
0.028734
0.026320
0.003606
0.000116
0.000232
0.000696
0.000312
0.000001
0.000238
0.000354
0.000001
0.000023
0.000002
0.000005
0.000000
0.000000
0.000000
0.000000
0.000000
0.000000
0.000000
0.000000
0.000000
0.000000
0.000000
0.000000
0.000000
0.000000
0.000000
0.000000
0.000000
0.000000
0.000000
0.000000
0.000000
0.000000
0.000000
0.000000
0.000000
0.000000
0.968092
0.006619
0.009143
0.000716
0.000016
0.000088
0.000095
0.000759
0.000086
0.002530
0.000316
0.000238
0.009620
0.001669
0.000007
0.000000
0.000003
0.000004
0.000000
0.000000
0.000000
0.000000
0.000000
0.000000
0.000000
0.000000
0.000000
0.000000
0.000000
0.000000
0.000000
0.000000
0.000000
0.000000
0.000000
0.000000
0.000000
0.000000
0.000000
0.000000
0.000000
0.000000
0.000000
0.000000
0.243765
0.021979
0.013564
0.161198
0.170457
0.112952
0.232888
0.004912
0.000085
0.034527
0.000227
0.000355
0.000750
0.002230
0.000041
0.000057
0.000006
0.000006
0.000000
0.000000
0.000000
0.000000
0.000000
0.000000
0.000000
0.000000
0.000000
0.000000
0.000000
0.000000
0.000000
0.000000
0.000000
0.000000
0.000000
0.000000
0.000000
0.000000
0.000000
0.000000
0.000000
0.000000
0.000000
0.000000
0.981574
0.002499
0.005311
0.000486
0.000008
0.001227
0.000153
0.001582
0.000215
0.001202
0.000964
0.000001
0.000127
0.000550
0.003521
0.000570
0.000000
0.000012
0.000000
0.000000
0.000000
0.000000
0.000000
0.000000
0.000000
0.000000
0.000000
0.000000
0.000000
0.000000
0.000000
0.000000
0.000000
0.000000
0.000000
0.000000
0.000000
0.000000
0.000000
0.000000
0.000000
0.000000
0.000000
0.000000
0.985463
0.005917
0.004539
0.000833
0.000045
0.000480
0.000008
0.000138
0.000376
0.000149
0.000011
0.000002
0.000099
0.000857
0.000113
0.000891
0.000019
0.000055
0.000002
0.000000
0.000000
0.000000
0.000000
0.000000
0.000000
0.000000
0.000000
0.000000
0.000000
0.000000
0.000000
0.000000
0.000000
0.000000
0.000000
0.000000
0.000000
0.000000
0.000000
0.000000
0.000000
0.000000
0.000000
0.000000
0.441856
0.166570
0.003944
0.008925
0.019640
0.031011
0.270687
0.037720
0.000321
0.014910
0.002275
0.000006
0.000711
0.001347
0.000015
0.000049
0.000008
0.000005
0.000000
0.000000
0.000000
0.000000
0.000000
0.000000
0.000000
0.000000
0.000000
0.000000
0.000000
0.000000
0.000000
0.000000
0.000000
0.000000
0.000000
0.000000
0.000000
0.000000
0.000000
0.000000
0.000000
0.000000
0.000000
0.000000
0.971548
0.001688
0.011074
0.003640
0.002638
0.000022
0.000014
0.000002
0.001893
0.001475
0.000698
0.000044
0.000024
0.000803
0.002880
0.001540
0.000016
0.000001
0.000000
0.000000
0.000000
0.000000
0.000000
0.000000
0.000000
0.000000
0.000000
0.000000
0.000000
0.000000
0.000000
0.000000
0.000000
0.000000
0.000000
0.000000
0.000000
0.000000
0.000000
0.000000
0.000000
0.000000
0.000000
0.000000
0.912064
0.079416
0.000411
0.005921
0.002059
0.000019
0.000020
0.000040
0.000016
0.000006
0.000001
0.000016
0.000000
0.000005
0.000002
0.000003
0.000001
0.000000
0.000001
0.000000
0.000000
0.000000
0.000000
0.000000
0.000000
0.000000
0.000000
0.000000
0.000000
0.000000
0.000000
0.000000
0.000000
0.000000
0.000000
0.000000
0.000000
0.000000
0.000000
0.000000
0.000000
0.000000
0.000000
0.000000
0.871573
0.113277
0.001221
0.009720
0.000009
0.002873
0.000110
0.000661
0.000403
0.000069
0.000028
0.000044
0.000001
0.000002
0.000003
0.000001
0.000000
0.000001
0.000003
0.000000
0.000000
0.000000
0.000000
0.000000
0.000000
0.000000
0.000000
0.000000
0.000000
0.000000
0.000000
0.000000
0.000000
0.000000
0.000000
0.000000
0.000000
0.000000
0.000000
0.000000
0.000000
0.000000
0.000000
0.000000
0.985519
0.009067
0.004112
0.000179
0.000061
0.000375
0.000004
0.000026
0.000142
0.000018
0.000121
0.000006
0.000024
0.000002
0.000079
0.000004
0.000256
0.000004
0.000000
0.000002
0.000000
0.000000
0.000000
0.000000
0.000000
0.000000
0.000000
0.000000
0.000000
0.000000
0.000000
0.000000
0.000000
0.000000
0.000000
0.000000
0.000000
0.000000
0.000000
0.000000
0.000000
0.000000
0.000000
0.000000
0.953432
0.019017
0.003183
0.001160
0.001006
0.000707
0.000235
0.000103
0.000352
0.000639
0.000128
0.019261
0.000669
0.000006
0.000014
0.000055
0.000005
0.000027
0.000001
0.000000
0.000000
0.000000
0.000000
0.000000
0.000000
0.000000
0.000000
0.000000
0.000000
0.000000
0.000000
0.000000
0.000000
0.000000
0.000000
0.000000
0.000000
0.000000
0.000000
0.000000
0.000000
0.000000
0.000000
0.000000
0.608165
0.207731
0.037767
0.030326
0.088476
0.018495
0.000075
0.002164
0.005620
0.000060
0.000330
0.000763
0.000002
0.000009
0.000001
0.000005
0.000001
0.000008
0.000001
0.000000
0.000000
0.000000
0.000000
0.000000
0.000000
0.000000
0.000000
0.000000
0.000000
0.000000
0.000000
0.000000
0.000000
0.000000
0.000000
0.000000
0.000000
0.000000
0.000000
0.000000
0.000000
0.000000
0.000000
0.000000
0.745907
0.099190
0.000620
0.024309
0.000684
0.011971
0.004518
0.022108
0.060308
0.010175
0.012063
0.007803
0.000000
0.000229
0.000011
0.000058
0.000006
0.000034
0.000004
0.000001
0.000000
0.000000
0.000000
0.000000
0.000000
0.000000
0.000000
0.000000
0.000000
0.000000
0.000000
0.000000
0.000000
0.000000
0.000000
0.000000
0.000000
0.000000
0.000000
0.000000
0.000000
0.000000
0.000000
0.000000
0.562413
0.045084
0.000095
0.013237
0.156965
0.196518
0.009462
0.000216
0.009787
0.003473
0.000525
0.001777
0.000189
0.000134
0.000085
0.000021
0.000001
0.000017
0.000002
0.000000
0.000000
0.000000
0.000000
0.000000
0.000000
0.000000
0.000000
0.000000
0.000000
0.000000
0.000000
0.000000
0.000000
0.000000
0.000000
0.000000
0.000000
0.000000
0.000000
0.000000
0.000000
0.000000
0.000000
0.000000
0.162030
0.093190
0.011604
0.600087
0.043426
0.060061
0.000926
0.019183
0.007419
0.001138
0.000406
0.000395
0.000002
0.000003
0.000010
0.000067
0.000025
0.000001
0.000019
0.000007
0.000000
0.000000
0.000000
0.000000
0.000000
0.000000
0.000000
0.000000
0.000000
0.000000
0.000000
0.000000
0.000000
0.000000
0.000000
0.000000
0.000000
0.000000
0.000000
0.000000
0.000000
0.000000
0.000000
0.000000
0.091848
0.069954
0.792071
0.001913
0.028929
0.005516
0.001696
0.000082
0.002668
0.000019
0.005099
0.000058
0.000000
0.000066
0.000062
0.000004
0.000003
0.000000
0.000003
0.000007
0.000000
0.000000
0.000000
0.000000
0.000000
0.000000
0.000000
0.000000
0.000000
0.000000
0.000000
0.000000
0.000000
0.000000
0.000000
0.000000
0.000000
0.000000
0.000000
0.000000
0.000000
0.000000
0.000000
0.000000
0.958465
0.000001
0.000992
0.000052
0.002587
0.000534
0.001169
0.000012
0.014152
0.000086
0.021314
0.000287
0.000000
0.000065
0.000272
0.000000
0.000001
0.000000
0.000003
0.000007
0.000000
0.000000
0.000000
0.000000
0.000000
0.000000
0.000000
0.000000
0.000000
0.000000
0.000000
0.000000
0.000000
0.000000
0.000000
0.000000
0.000000
0.000000
0.000000
0.000000
0.000000
0.000000
0.000000
0.000000
0.006159
0.033242
0.910261
0.002631
0.020773
0.001725
0.007509
0.000004
0.008414
0.000067
0.008896
0.000069
0.000011
0.000118
0.000103
0.000001
0.000003
0.000001
0.000004
0.000009
0.000000
0.000000
0.000000
0.000000
0.000000
0.000000
0.000000
0.000000
0.000000
0.000000
0.000000
0.000000
0.000000
0.000000
0.000000
0.000000
0.000000
0.000000
0.000000
0.000000
0.000000
0.000000
0.000000
0.000000
0.000099
0.000013
0.000239
0.000005
0.000035
0.000333
0.000072
0.000744
0.000622
0.000449
0.000068
0.000949
0.000093
0.000169
0.000651
0.000479
0.000106
0.000050
0.000795
0.000409
0.000001
0.027905
0.010692
0.024507
0.002670
0.015146
0.000064
0.027448
0.060485
0.000473
0.006790
0.017790
0.022578
0.001447
0.009429
0.213371
0.190991
0.003378
0.000000
0.000000
0.000000
0.000000
0.000000
0.000016
0.000099
0.000013
0.000239
0.000005
0.000035
0.000333
0.000072
0.000744
0.000622
0.000449
0.000068
0.000949
0.000093
0.000169
0.000651
0.000479
0.000106
0.000050
0.000795
0.000409
0.000001
0.027905
0.012418
0.025778
0.000121
0.000212
0.002134
0.000405
0.000560
0.002228
0.000113
0.001755
0.000524
0.000992
0.014868
0.000009
0.008006
0.006989
0.043354
0.025515
0.255356
0.014771
0.191150
0.000016
0.000099
0.000013
0.000239
0.000005
0.000035
0.000333
0.000072
0.000744
0.000622
0.000449
0.000068
0.000949
0.000093
0.000169
0.000651
0.000479
0.000106
0.000050
0.000795
0.000409
0.000001
0.027905
0.012418
0.025778
0.000121
0.000212
0.002134
0.000405
0.000560
0.002228
0.000113
0.001755
0.000524
0.000992
0.014868
0.000009
0.008006
0.006989
0.020341
0.038045
0.000432
0.441399
0.029929
0.000016
0.000099
0.000013
0.000239
0.000005
0.000035
0.000333
0.000072
0.000744
0.000622
0.000449
0.000068
0.000949
0.000093
0.000169
0.000651
0.000479
0.000106
0.000050
0.000795
0.000409
0.000001
0.027905
0.012418
0.025778
0.000121
0.000212
0.002134
0.000405
0.000560
0.002228
0.000113
0.001755
0.000524
0.000992
0.014868
0.000009
0.008006
0.006989
0.135873
0.033401
0.269669
0.090186
0.001017
0.000016
0.000099
0.000013
0.000239
0.000005
0.000035
0.000333
0.000072
0.000744
0.000622
0.000449
0.000068
0.000949
0.000093
0.000169
0.000651
0.000479
0.000106
0.000050
0.000795
0.000409
0.000001
0.027905
0.012418
0.025778
0.000121
0.000212
0.002134
0.000405
0.000560
0.002228
0.000113
0.001755
0.000524
0.000992
0.014868
0.000009
0.008006
0.006989
0.021767
0.175684
0.057669
0.035406
0.239620
0.000016
0.000099
0.000013
0.000239
0.000005
0.000035
0.000333
0.000072
0.000744
0.000622
0.000449
0.000068
0.000949
0.000093
0.000169
0.000651
0.000479
0.000106
0.000050
0.000795
0.000409
0.000001
0.027905
0.012418
0.025778
0.000121
0.000212
0.002134
0.000405
0.000560
0.002228
0.000113
0.001755
0.000524
0.000992
0.014868
0.000009
0.008006
0.006989
0.086338
0.231754
0.052488
0.018362
0.141204
0.000016
0.000099
0.000013
0.000239
0.000005
0.000035
0.000333
0.000072
0.000744
0.000622
0.000449
0.000068
0.000949
0.000093
0.000169
0.000651
0.000479
0.000106
0.000050
0.000795
0.000409
0.000001
0.027905
0.012418
0.025778
0.000121
0.000212
0.002134
0.000405
0.000560
0.002228
0.000113
0.001755
0.000524
0.000992
0.014868
0.000009
0.008006
0.006989
0.328502
0.131777
0.000562
0.036051
0.033255
0.000016
0.000099
0.000013
0.000239
0.000005
0.000035
0.000333
0.000072
0.000744
0.000622
0.000449
0.000068
0.000949
0.000093
0.000169
0.000651
0.000479
0.000106
0.000050
0.000795
0.000409
0.000001
0.027905
0.053596
0.000134
0.002961
0.017978
0.090514
0.001313
0.000375
0.001979
0.056381
0.105239
0.001359
0.000018
0.022722
0.099806
0.057506
0.095376
0.000000
0.000000
0.000000
0.000000
0.000000
0.000016
0.000099
0.000013
0.000239
0.000005
0.000035
0.000333
0.000072
0.000744
0.000622
0.000449
0.000068
0.000949
0.000093
0.000169
0.000651
0.000479
0.000106
0.000050
0.000795
0.000409
0.000001
0.027905
0.001361
0.024248
0.026427
0.031729
0.018079
0.010428
0.026068
0.013158
0.025154
0.017942
0.002188
0.000031
0.280392
0.021181
0.000612
0.108260
0.000000
0.000000
0.000000
0.000000
0.000000
0.000016
0.000099
0.000013
0.000239
0.000005
0.000035
0.000333
0.000072
0.000744
0.000622
0.000449
0.000068
0.000949
0.000093
0.000169
0.000651
0.000479
0.000106
0.000050
0.000795
0.000409
0.000001
0.027905
0.003849
0.000383
0.061563
0.161078
0.000133
0.005366
0.008754
0.004433
0.016710
0.103826
0.001017
0.000504
0.018968
0.012504
0.004329
0.203842
0.000000
0.000000
0.000000
0.000000
0.000000
0.000016
0.000099
0.000013
0.000239
0.000005
0.000035
0.000333
0.000072
0.000744
0.000622
0.000449
0.000068
0.000949
0.000093
0.000169
0.000651
0.000479
0.000106
0.000050
0.000795
0.000409
0.000001
0.027905
0.000101
0.000567
0.003378
0.072273
0.039760
0.088376
0.006220
0.186844
0.006896
0.036180
0.002135
0.087578
0.002188
0.018509
0.051060
0.005194
0.000000
0.000000
0.000000
0.000000
0.000000
0.000016
0.000099
0.000013
0.000239
0.000005
0.000035
0.000333
0.000072
0.000744
0.000622
0.000449
0.000068
0.000949
0.000093
0.000169
0.000651
0.000479
0.000106
0.000050
0.000795
0.000409
0.000001
0.027905
0.209057
0.053763
0.024360
0.008487
0.012646
0.054613
0.034989
0.001423
0.001163
0.014137
0.106228
0.030663
0.023620
0.016164
0.014451
0.001495
0.000000
0.000000
0.000000
0.000000
0.000000
0.000016
0.000099
0.000013
0.000239
0.000005
0.000035
0.000333
0.000072
0.000744
0.000622
0.000449
0.000068
0.000949
0.000093
0.000169
0.000651
0.000479
0.000106
0.000050
0.000795
0.000409
0.000001
0.027905
0.035525
0.012241
0.005589
0.045157
0.021888
0.163027
0.122310
0.029333
0.104337
0.003647
0.010183
0.005327
0.018313
0.001026
0.003410
0.025946
0.000000
0.000000
0.000000
0.000000
0.000000
0.000016
0.000099
0.000013
0.000239
0.000005
0.000035
0.000333
0.000072
0.000744
0.000622
0.000449
0.000068
0.000949
0.000093
0.000169
0.000651
0.000479
0.000106
0.000050
0.000795
0.000409
0.000001
0.027905
0.001965
0.002498
0.056070
0.001843
0.130695
0.002393
0.005134
0.005944
0.055702
0.080456
0.030194
0.010254
0.110762
0.008076
0.039700
0.065572
0.000000
0.000000
0.000000
0.000000
0.000000
0.000016
0.000099
0.000013
0.000239
0.000005
0.000035
0.000333
0.000072
0.000744
0.000622
0.000449
0.000068
0.000949
0.000093
0.000169
0.000651
0.000479
0.000106
0.000050
0.000795
0.000409
0.000001
0.027905
0.051577
0.001551
0.001757
0.012947
0.025858
0.013076
0.166529
0.067166
0.080884
0.000063
0.027043
0.015298
0.008027
0.093571
0.022823
0.019086
0.000000
0.000000
0.000000
0.000000
0.000000
0.000016
0.000099
0.000013
0.000239
0.000005
0.000035
0.000333
0.000072
0.000744
0.000622
0.000449
0.000068
0.000949
0.000093
0.000169
0.000651
0.000479
0.000106
0.000050
0.000795
0.000409
0.000001
0.027905
0.005699
0.018137
0.038465
0.009716
0.099288
0.081606
0.005207
0.110185
0.153249
0.033641
0.014656
0.023995
0.005884
0.003437
0.003984
0.000108
0.000000
0.000000
0.000000
0.000000
0.000000
0.000016
0.000099
0.000013
0.000239
0.000005
0.000035
0.000333
0.000072
0.000744
0.000622
0.000449
0.000068
0.000949
0.000093
0.000169
0.000651
0.000479
0.000106
0.000050
0.000795
0.000409
0.000001
0.027905
0.000086
0.005064
0.020136
0.018649
0.105660
0.000047
0.093765
0.016745
0.062127
0.081436
0.086615
0.049251
0.000000
0.012539
0.049324
0.005816
0.000000
0.000000
0.000000
0.000000
0.000000
0.000016
0.000099
0.000013
0.000239
0.000005
0.000035
0.000333
0.000072
0.000744
0.000622
0.000449
0.000068
0.000949
0.000093
0.000169
0.000651
0.000479
0.000106
0.000050
0.000795
0.000409
0.000001
0.027905
0.071027
0.006762
0.011847
0.036541
0.000008
0.049003
0.014222
0.032660
0.003360
0.000125
0.133971
0.170678
0.004460
0.021717
0.047651
0.003226
0.000000
0.000000
0.000000
0.000000
0.000000
0.000016
0.000099
0.000013
0.000239
0.000005
0.000035
0.000333
0.000072
0.000744
0.000622
0.000449
0.000068
0.000949
0.000093
0.000169
0.000651
0.000479
0.000106
0.000050
0.000795
0.000409
0.000001
0.027905
0.004838
0.115465
0.086985
0.002047
0.025845
0.012622
0.006811
0.011061
0.001415
0.036897
0.129906
0.069345
0.004131
0.081767
0.010822
0.007302
0.000000
0.000000
0.000000
0.000000
0.000000
0.000016
0.000099
0.000013
0.000239
0.000005
0.000035
0.000333
0.000072
0.000744
0.000622
0.000449
0.000068
0.000949
0.000093
0.000169
0.000651
0.000479
0.000106
0.000050
0.000795
0.000409
0.000001
0.027905
0.060830
0.135660
0.166741
0.072753
0.003471
0.022861
0.000687
0.018231
0.000838
0.000001
0.023146
0.034487
0.015494
0.005342
0.005154
0.041561
0.000000
0.000000
0.000000
0.000000
0.000000
0.000016
0.000099
0.000013
0.000239
0.000005
0.000035
0.000333
0.000072
0.000744
0.000622
0.000449
0.000068
0.000949
0.000093
0.000169
0.000651
0.000479
0.000106
0.000050
0.000795
0.000409
0.000001
0.027905
0.050999
0.010219
0.047305
0.001605
0.022954
0.048145
0.073667
0.058450
0.058570
0.075262
0.041153
0.009869
0.022473
0.000621
0.085518
0.000448
0.000000
0.000000
0.000000
0.000000
0.000000
0.000016
0.000099
0.000013
0.000239
0.000005
0.000035
0.000333
0.000072
0.000744
0.000622
0.000449
0.000068
0.000949
0.000093
0.000169
0.000651
0.000479
0.000106
0.000050
0.000795
0.000409
0.000001
0.027905
0.000466
0.070308
0.079193
0.126958
0.026509
0.053423
0.007592
0.064720
0.001922
0.019003
0.000658
0.121477
0.000106
0.026489
0.000803
0.007632
0.000000
0.000000
0.000000
0.000000
0.000000
0.000016
