0.210380
0.421117
0.056745
0.006858
0.007122
0.042731
0.004677
0.020281
0.003556
0.003874
0.004489
0.000107
0.005054
0.010457
0.000081
0.000885
0.001454
0.017999
0.006578
0.006205
0.123897
0.001591
0.000000
0.000000
0.000000
0.000000
0.000000
0.000000
0.000000
0.000000
0.000000
0.000000
0.000000
0.000000
0.000000
0.000000
0.000000
0.000000
0.000000
0.000000
0.000000
0.000000
0.000000
0.043863
0.015688
0.001346
0.014580
0.002721
0.020889
0.026388
0.008114
0.302937
0.129831
0.155287
0.099279
0.001636
0.000687
0.011634
0.000256
0.001332
0.001548
0.022242
0.007095
0.005779
0.125279
0.001591
0.000000
0.000000
0.000000
0.000000
0.000000
0.000000
0.000000
0.000000
0.000000
0.000000
0.000000
0.000000
0.000000
0.000000
0.000000
0.000000
0.000000
0.000000
0.000000
0.000000
0.000000
0.043863
0.001502
0.008942
0.058349
0.111168
0.119643
0.051232
0.111262
0.229356
0.031252
0.019854
0.008306
0.003846
0.021774
0.027722
0.001944
0.000890
0.001828
0.010799
0.004152
0.006265
0.124458
0.001591
0.000000
0.000000
0.000000
0.000000
0.000000
0.000000
0.000000
0.000000
0.000000
0.000000
0.000000
0.000000
0.000000
0.000000
0.000000
0.000000
0.000000
0.000000
0.000000
0.000000
0.000000
0.043863
0.022630
0.000497
0.007992
0.000329
0.000888
0.020958
0.000091
0.012794
0.042626
0.207608
0.001340
0.032479
0.219098
0.225636
0.000000
0.007568
0.000069
0.006172
0.006458
0.013266
0.126047
0.001591
0.000000
0.000000
0.000000
0.000000
0.000000
0.000000
0.000000
0.000000
0.000000
0.000000
0.000000
0.000000
0.000000
0.000000
0.000000
0.000000
0.000000
0.000000
0.000000
0.000000
0.000000
0.043863
0.042609
0.138131
0.000702
0.044929
0.119498
0.156572
0.033540
0.002522
0.006094
0.030191
0.017093
0.000147
0.035439
0.093418
0.000265
0.017824
0.014284
0.062549
0.011986
0.004270
0.122483
0.001591
0.000000
0.000000
0.000000
0.000000
0.000000
0.000000
0.000000
0.000000
0.000000
0.000000
0.000000
0.000000
0.000000
0.000000
0.000000
0.000000
0.000000
0.000000
0.000000
0.000000
0.000000
0.043863
0.028869
0.001287
0.005871
0.001185
0.000028
0.000226
0.000383
0.007176
0.000974
0.047591
0.007498
0.010132
0.620714
0.190940
0.001071
0.000136
0.006822
0.021216
0.002394
0.000030
0.000001
0.001591
0.000000
0.000000
0.000000
0.000000
0.000000
0.000000
0.000000
0.000000
0.000000
0.000000
0.000000
0.000000
0.000000
0.000000
0.000000
0.000000
0.000000
0.000000
0.000000
0.000000
0.000000
0.043863
0.002372
0.001394
0.002842
0.087066
0.100236
0.095009
0.306327
0.015144
0.000315
0.211863
0.001759
0.004937
0.015780
0.083251
0.002123
0.006155
0.005571
0.011471
0.000766
0.000155
0.000011
0.001591
0.000000
0.000000
0.000000
0.000000
0.000000
0.000000
0.000000
0.000000
0.000000
0.000000
0.000000
0.000000
0.000000
0.000000
0.000000
0.000000
0.000000
0.000000
0.000000
0.000000
0.000000
0.043863
0.028310
0.000470
0.003298
0.000778
0.000014
0.003060
0.000596
0.014456
0.002360
0.021869
0.022140
0.000035
0.007898
0.060815
0.534797
0.183622
0.000245
0.064355
0.005162
0.000180
0.000087
0.001591
0.000000
0.000000
0.000000
0.000000
0.000000
0.000000
0.000000
0.000000
0.000000
0.000000
0.000000
0.000000
0.000000
0.000000
0.000000
0.000000
0.000000
0.000000
0.000000
0.000000
0.000000
0.043863
0.031689
0.001241
0.003143
0.001488
0.000088
0.001335
0.000035
0.001405
0.004612
0.003012
0.000292
0.000103
0.006899
0.105755
0.019098
0.320440
0.054183
0.337727
0.052223
0.009706
0.000072
0.001591
0.000000
0.000000
0.000000
0.000000
0.000000
0.000000
0.000000
0.000000
0.000000
0.000000
0.000000
0.000000
0.000000
0.000000
0.000000
0.000000
0.000000
0.000000
0.000000
0.000000
0.000000
0.043863
0.005630
0.013839
0.001082
0.006313
0.015125
0.034162
0.466296
0.152295
0.001557
0.119822
0.023072
0.000105
0.019591
0.065869
0.000985
0.007013
0.008657
0.012667
0.000355
0.000109
0.000000
0.001591
0.000000
0.000000
0.000000
0.000000
0.000000
0.000000
0.000000
0.000000
0.000000
0.000000
0.000000
0.000000
0.000000
0.000000
0.000000
0.000000
0.000000
0.000000
0.000000
0.000000
0.000000
0.043863
0.022589
0.000256
0.005544
0.004698
0.003707
0.000044
0.000044
0.000015
0.016775
0.021632
0.012913
0.001471
0.001195
0.071657
0.352560
0.400291
0.033109
0.005828
0.000031
0.000128
0.000057
0.001591
0.000000
0.000000
0.000000
0.000000
0.000000
0.000000
0.000000
0.000000
0.000000
0.000000
0.000000
0.000000
0.000000
0.000000
0.000000
0.000000
0.000000
0.000000
0.000000
0.000000
0.000000
0.043863
0.295813
0.167951
0.002869
0.106619
0.040362
0.000527
0.000875
0.004078
0.001940
0.001143
0.000174
0.007289
0.000184
0.006674
0.003969
0.009226
0.024471
0.003905
0.157370
0.097358
0.021749
0.001591
0.000000
0.000000
0.000000
0.000000
0.000000
0.000000
0.000000
0.000000
0.000000
0.000000
0.000000
0.000000
0.000000
0.000000
0.000000
0.000000
0.000000
0.000000
0.000000
0.000000
0.000000
0.043863
0.156172
0.132350
0.004710
0.096686
0.000101
0.044508
0.002675
0.037519
0.027511
0.007821
0.004019
0.011307
0.000300
0.001079
0.003258
0.002061
0.007971
0.039902
0.320720
0.052716
0.001159
0.001591
0.000000
0.000000
0.000000
0.000000
0.000000
0.000000
0.000000
0.000000
0.000000
0.000000
0.000000
0.000000
0.000000
0.000000
0.000000
0.000000
0.000000
0.000000
0.000000
0.000000
0.000000
0.043863
0.033159
0.001989
0.002979
0.000334
0.000123
0.001090
0.000020
0.000274
0.001823
0.000388
0.003248
0.000276
0.001729
0.000260
0.014056
0.001448
0.773117
0.027103
0.000017
0.070668
0.020443
0.001591
0.000000
0.000000
0.000000
0.000000
0.000000
0.000000
0.000000
0.000000
0.000000
0.000000
0.000000
0.000000
0.000000
0.000000
0.000000
0.000000
0.000000
0.000000
0.000000
0.000000
0.000000
0.043863
0.022786
0.002963
0.001638
0.001539
0.001453
0.001460
0.000759
0.000778
0.003205
0.009632
0.002426
0.657562
0.034604
0.000586
0.001748
0.014740
0.010438
0.123693
0.021102
0.008523
0.032911
0.001591
0.000000
0.000000
0.000000
0.000000
0.000000
0.000000
0.000000
0.000000
0.000000
0.000000
0.000000
0.000000
0.000000
0.000000
0.000000
0.000000
0.000000
0.000000
0.000000
0.000000
0.000000
0.043863
0.031242
0.069582
0.041776
0.086485
0.274706
0.082143
0.000518
0.035227
0.110028
0.001953
0.013499
0.056007
0.000173
0.001836
0.000221
0.002819
0.004677
0.074963
0.026641
0.006454
0.033595
0.001591
0.000000
0.000000
0.000000
0.000000
0.000000
0.000000
0.000000
0.000000
0.000000
0.000000
0.000000
0.000000
0.000000
0.000000
0.000000
0.000000
0.000000
0.000000
0.000000
0.000000
0.000000
0.043863
0.009369
0.008123
0.000168
0.016950
0.000519
0.013000
0.007671
0.087986
0.288658
0.080599
0.120593
0.140001
0.000002
0.011060
0.000707
0.008192
0.007148
0.082502
0.030584
0.007591
0.033121
0.001591
0.000000
0.000000
0.000000
0.000000
0.000000
0.000000
0.000000
0.000000
0.000000
0.000000
0.000000
0.000000
0.000000
0.000000
0.000000
0.000000
0.000000
0.000000
0.000000
0.000000
0.000000
0.043863
0.011492
0.006007
0.000042
0.015015
0.193847
0.347155
0.026137
0.001399
0.076205
0.044758
0.008531
0.051864
0.008370
0.010516
0.009176
0.004804
0.002431
0.066496
0.029159
0.007627
0.033517
0.001591
0.000000
0.000000
0.000000
0.000000
0.000000
0.000000
0.000000
0.000000
0.000000
0.000000
0.000000
0.000000
0.000000
0.000000
0.000000
0.000000
0.000000
0.000000
0.000000
0.000000
0.000000
0.043863
0.001962
0.007359
0.003026
0.403449
0.031787
0.062885
0.001517
0.073611
0.034242
0.008688
0.003916
0.006834
0.000061
0.000116
0.000626
0.009042
0.026885
0.002976
0.160639
0.093850
0.021074
0.001591
0.000000
0.000000
0.000000
0.000000
0.000000
0.000000
0.000000
0.000000
0.000000
0.000000
0.000000
0.000000
0.000000
0.000000
0.000000
0.000000
0.000000
0.000000
0.000000
0.000000
0.000000
0.043863
0.002233
0.011091
0.414691
0.002582
0.042513
0.011595
0.005575
0.000632
0.024721
0.000297
0.098674
0.002001
0.000007
0.006176
0.007949
0.001094
0.006642
0.002211
0.051405
0.202878
0.059581
0.001591
0.000000
0.000000
0.000000
0.000000
0.000000
0.000000
0.000000
0.000000
0.000000
0.000000
0.000000
0.000000
0.000000
0.000000
0.000000
0.000000
0.000000
0.000000
0.000000
0.000000
0.000000
0.043863
0.023390
0.000000
0.000521
0.000070
0.003816
0.001126
0.003858
0.000093
0.131607
0.001330
0.414006
0.010007
0.000001
0.006075
0.034914
0.000118
0.003162
0.000821
0.055304
0.203885
0.060442
0.001591
0.000000
0.000000
0.000000
0.000000
0.000000
0.000000
0.000000
0.000000
0.000000
0.000000
0.000000
0.000000
0.000000
0.000000
0.000000
0.000000
0.000000
0.000000
0.000000
0.000000
0.000000
0.043863
0.000115
0.004063
0.367432
0.002738
0.023536
0.002796
0.019031
0.000022
0.060109
0.000788
0.132734
0.001853
0.000439
0.008466
0.010196
0.000300
0.005288
0.002402
0.049861
0.202358
0.060018
0.001591
0.000000
0.000000
0.000000
0.000000
0.000000
0.000000
0.000000
0.000000
0.000000
0.000000
0.000000
0.000000
0.000000
0.000000
0.000000
0.000000
0.000000
0.000000
0.000000
0.000000
0.000000
0.043863
0.000000
0.000000
0.000000
0.000000
0.000000
0.000000
0.000000
0.000000
0.000000
0.000000
0.000000
0.000000
0.000000
0.000000
0.000000
0.000000
0.000000
0.000000
0.000000
0.000000
0.000000
0.043863
0.016807
0.038523
0.004197
0.023808
0.000101
0.043145
0.095075
0.000743
0.010673
0.027965
0.035489
0.002275
0.014821
0.335397
0.300218
0.005310
0.000000
0.000000
0.000000
0.000000
0.000000
0.001591
0.000000
0.000000
0.000000
0.000000
0.000000
0.000000
0.000000
0.000000
0.000000
0.000000
0.000000
0.000000
0.000000
0.000000
0.000000
0.000000
0.000000
0.000000
0.000000
0.000000
0.000000
0.043863
0.019519
0.040520
0.000191
0.000332
0.003355
0.000636
0.000880
0.003503
0.000177
0.002759
0.000824
0.001559
0.023371
0.000015
0.012585
0.010985
0.068148
0.040107
0.401392
0.023219
0.300467
0.001591
0.000000
0.000000
0.000000
0.000000
0.000000
0.000000
0.000000
0.000000
0.000000
0.000000
0.000000
0.000000
0.000000
0.000000
0.000000
0.000000
0.000000
0.000000
0.000000
0.000000
0.000000
0.043863
0.019519
0.040520
0.000191
0.000332
0.003355
0.000636
0.000880
0.003503
0.000177
0.002759
0.000824
0.001559
0.023371
0.000015
0.012585
0.010985
0.031975
0.059803
0.000678
0.693832
0.047046
0.001591
0.000000
0.000000
0.000000
0.000000
0.000000
0.000000
0.000000
0.000000
0.000000
0.000000
0.000000
0.000000
0.000000
0.000000
0.000000
0.000000
0.000000
0.000000
0.000000
0.000000
0.000000
0.043863
0.019519
0.040520
0.000191
0.000332
0.003355
0.000636
0.000880
0.003503
0.000177
0.002759
0.000824
0.001559
0.023371
0.000015
0.012585
0.010985
0.213577
0.052503
0.423891
0.141764
0.001599
0.001591
0.000000
0.000000
0.000000
0.000000
0.000000
0.000000
0.000000
0.000000
0.000000
0.000000
0.000000
0.000000
0.000000
0.000000
0.000000
0.000000
0.000000
0.000000
0.000000
0.000000
0.000000
0.043863
0.019519
0.040520
0.000191
0.000332
0.003355
0.000636
0.000880
0.003503
0.000177
0.002759
0.000824
0.001559
0.023371
0.000015
0.012585
0.010985
0.034215
0.276157
0.090650
0.055655
0.376657
0.001591
0.000000
0.000000
0.000000
0.000000
0.000000
0.000000
0.000000
0.000000
0.000000
0.000000
0.000000
0.000000
0.000000
0.000000
0.000000
0.000000
0.000000
0.000000
0.000000
0.000000
0.000000
0.043863
0.019519
0.040520
0.000191
0.000332
0.003355
0.000636
0.000880
0.003503
0.000177
0.002759
0.000824
0.001559
0.023371
0.000015
0.012585
0.010985
0.135715
0.364292
0.082505
0.028863
0.221958
0.001591
0.000000
0.000000
0.000000
0.000000
0.000000
0.000000
0.000000
0.000000
0.000000
0.000000
0.000000
0.000000
0.000000
0.000000
0.000000
0.000000
0.000000
0.000000
0.000000
0.000000
0.000000
0.043863
0.019519
0.040520
0.000191
0.000332
0.003355
0.000636
0.000880
0.003503
0.000177
0.002759
0.000824
0.001559
0.023371
0.000015
0.012585
0.010985
0.516370
0.207139
0.000883
0.056668
0.052273
0.001591
0.000000
0.000000
0.000000
0.000000
0.000000
0.000000
0.000000
0.000000
0.000000
0.000000
0.000000
0.000000
0.000000
0.000000
0.000000
0.000000
0.000000
0.000000
0.000000
0.000000
0.000000
0.043863
0.084247
0.000211
0.004654
0.028260
0.142278
0.002064
0.000589
0.003111
0.088625
0.165425
0.002137
0.000029
0.035716
0.156885
0.090393
0.149921
0.000000
0.000000
0.000000
0.000000
0.000000
0.001591
0.000000
0.000000
0.000000
0.000000
0.000000
0.000000
0.000000
0.000000
0.000000
0.000000
0.000000
0.000000
0.000000
0.000000
0.000000
0.000000
0.000000
0.000000
0.000000
0.000000
0.000000
0.043863
0.002140
0.038116
0.041540
0.049874
0.028419
0.016391
0.040977
0.020684
0.039540
0.028203
0.003439
0.000048
0.440746
0.033294
0.000961
0.170173
0.000000
0.000000
0.000000
0.000000
0.000000
0.001591
0.000000
0.000000
0.000000
0.000000
0.000000
0.000000
0.000000
0.000000
0.000000
0.000000
0.000000
0.000000
0.000000
0.000000
0.000000
0.000000
0.000000
0.000000
0.000000
0.000000
0.000000
0.043863
0.006051
0.000601
0.096770
0.253198
0.000209
0.008436
0.013760
0.006968
0.026266
0.163203
0.001599
0.000792
0.029816
0.019655
0.006805
0.320417
0.000000
0.000000
0.000000
0.000000
0.000000
0.001591
0.000000
0.000000
0.000000
0.000000
0.000000
0.000000
0.000000
0.000000
0.000000
0.000000
0.000000
0.000000
0.000000
0.000000
0.000000
0.000000
0.000000
0.000000
0.000000
0.000000
0.000000
0.043863
0.000158
0.000892
0.005310
0.113605
0.062498
0.138917
0.009778
0.293699
0.010839
0.056872
0.003355
0.137664
0.003439
0.029094
0.080260
0.008164
0.000000
0.000000
0.000000
0.000000
0.000000
0.001591
0.000000
0.000000
0.000000
0.000000
0.000000
0.000000
0.000000
0.000000
0.000000
0.000000
0.000000
0.000000
0.000000
0.000000
0.000000
0.000000
0.000000
0.000000
0.000000
0.000000
0.000000
0.043863
0.328616
0.084509
0.038291
0.013341
0.019879
0.085846
0.054999
0.002236
0.001828
0.022221
0.166979
0.048199
0.037128
0.025408
0.022715
0.002350
0.000000
0.000000
0.000000
0.000000
0.000000
0.001591
0.000000
0.000000
0.000000
0.000000
0.000000
0.000000
0.000000
0.000000
0.000000
0.000000
0.000000
0.000000
0.000000
0.000000
0.000000
0.000000
0.000000
0.000000
0.000000
0.000000
0.000000
0.043863
0.055842
0.019241
0.008785
0.070982
0.034405
0.256261
0.192258
0.046109
0.164006
0.005732
0.016007
0.008373
0.028787
0.001612
0.005360
0.040785
0.000000
0.000000
0.000000
0.000000
0.000000
0.001591
0.000000
0.000000
0.000000
0.000000
0.000000
0.000000
0.000000
0.000000
0.000000
0.000000
0.000000
0.000000
0.000000
0.000000
0.000000
0.000000
0.000000
0.000000
0.000000
0.000000
0.000000
0.043863
0.003088
0.003926
0.088137
0.002897
0.205439
0.003761
0.008071
0.009344
0.087557
0.126469
0.047461
0.016119
0.174106
0.012694
0.062404
0.103073
0.000000
0.000000
0.000000
0.000000
0.000000
0.001591
0.000000
0.000000
0.000000
0.000000
0.000000
0.000000
0.000000
0.000000
0.000000
0.000000
0.000000
0.000000
0.000000
0.000000
0.000000
0.000000
0.000000
0.000000
0.000000
0.000000
0.000000
0.043863
0.081074
0.002437
0.002763
0.020352
0.040647
0.020554
0.261766
0.105578
0.127142
0.000099
0.042508
0.024047
0.012618
0.147084
0.035876
0.030001
0.000000
0.000000
0.000000
0.000000
0.000000
0.001591
0.000000
0.000000
0.000000
0.000000
0.000000
0.000000
0.000000
0.000000
0.000000
0.000000
0.000000
0.000000
0.000000
0.000000
0.000000
0.000000
0.000000
0.000000
0.000000
0.000000
0.000000
0.043863
0.008958
0.028509
0.060463
0.015272
0.156070
0.128277
0.008184
0.173200
0.240891
0.052880
0.023038
0.037718
0.009249
0.005403
0.006263
0.000170
0.000000
0.000000
0.000000
0.000000
0.000000
0.001591
0.000000
0.000000
0.000000
0.000000
0.000000
0.000000
0.000000
0.000000
0.000000
0.000000
0.000000
0.000000
0.000000
0.000000
0.000000
0.000000
0.000000
0.000000
0.000000
0.000000
0.000000
0.043863
0.000135
0.007961
0.031651
0.029314
0.166086
0.000074
0.147389
0.026321
0.097656
0.128008
0.136149
0.077417
0.000000
0.019710
0.077532
0.009142
0.000000
0.000000
0.000000
0.000000
0.000000
0.001591
0.000000
0.000000
0.000000
0.000000
0.000000
0.000000
0.000000
0.000000
0.000000
0.000000
0.000000
0.000000
0.000000
0.000000
0.000000
0.000000
0.000000
0.000000
0.000000
0.000000
0.000000
0.043863
0.111647
0.010630
0.018622
0.057439
0.000012
0.077027
0.022355
0.051338
0.005282
0.000197
0.210588
0.268287
0.007011
0.034137
0.074903
0.005072
0.000000
0.000000
0.000000
0.000000
0.000000
0.001591
0.000000
0.000000
0.000000
0.000000
0.000000
0.000000
0.000000
0.000000
0.000000
0.000000
0.000000
0.000000
0.000000
0.000000
0.000000
0.000000
0.000000
0.000000
0.000000
0.000000
0.000000
0.043863
0.007605
0.181498
0.136731
0.003217
0.040625
0.019840
0.010706
0.017387
0.002224
0.057998
0.204199
0.109004
0.006493
0.128529
0.017011
0.011478
0.000000
0.000000
0.000000
0.000000
0.000000
0.001591
0.000000
0.000000
0.000000
0.000000
0.000000
0.000000
0.000000
0.000000
0.000000
0.000000
0.000000
0.000000
0.000000
0.000000
0.000000
0.000000
0.000000
0.000000
0.000000
0.000000
0.000000
0.043863
0.095619
0.213243
0.262099
0.114359
0.005456
0.035935
0.001081
0.028657
0.001318
0.000002
0.036382
0.054211
0.024355
0.008397
0.008101
0.065330
0.000000
0.000000
0.000000
0.000000
0.000000
0.001591
0.000000
0.000000
0.000000
0.000000
0.000000
0.000000
0.000000
0.000000
0.000000
0.000000
0.000000
0.000000
0.000000
0.000000
0.000000
0.000000
0.000000
0.000000
0.000000
0.000000
0.000000
0.043863
0.080165
0.016064
0.074359
0.002523
0.036081
0.075679
0.115797
0.091877
0.092066
0.118304
0.064688
0.015514
0.035325
0.000976
0.134425
0.000704
0.000000
0.000000
0.000000
0.000000
0.000000
0.001591
0.000000
0.000000
0.000000
0.000000
0.000000
0.000000
0.000000
0.000000
0.000000
0.000000
0.000000
0.000000
0.000000
0.000000
0.000000
0.000000
0.000000
0.000000
0.000000
0.000000
0.000000
0.043863
0.000733
0.110517
0.124482
0.199564
0.041669
0.083976
0.011934
0.101733
0.003022
0.029870
0.001034
0.190950
0.000166
0.041637
0.001262
0.011997
0.000000
0.000000
0.000000
0.000000
0.000000
0.001591
