0.000699
0.275311
0.723910
0.000051
0.000029
0.000000
0.000000
0.000000
0.000000
0.000000
0.000000
0.000000
0.000000
0.000000
0.000000
0.000000
0.000000
0.000000
0.000000
0.000000
0.000000
0.000000
0.000000
0.000000
0.000000
0.000000
0.000000
0.000000
0.000000
0.000000
0.000000
0.000000
0.000000
0.000000
0.000000
0.000000
0.000000
0.000000
0.000000
0.000000
0.000000
0.000000
0.000000
0.000000
0.932715
0.063681
0.002252
0.001352
0.000001
0.000000
0.000000
0.000000
0.000000
0.000000
0.000000
0.000000
0.000000
0.000000
0.000000
0.000000
0.000000
0.000000
0.000000
0.000000
0.000000
0.000000
0.000000
0.000000
0.000000
0.000000
0.000000
0.000000
0.000000
0.000000
0.000000
0.000000
0.000000
0.000000
0.000000
0.000000
0.000000
0.000000
0.000000
0.000000
0.000000
0.000000
0.000000
0.000000
0.225144
0.501122
0.260644
0.008106
0.001929
0.003043
0.000012
0.000000
0.000000
0.000000
0.000000
0.000000
0.000000
0.000000
0.000000
0.000000
0.000000
0.000000
0.000000
0.000000
0.000000
0.000000
0.000000
0.000000
0.000000
0.000000
0.000000
0.000000
0.000000
0.000000
0.000000
0.000000
0.000000
0.000000
0.000000
0.000000
0.000000
0.000000
0.000000
0.000000
0.000000
0.000000
0.000000
0.000000
0.170283
0.518860
0.295295
0.007769
0.007004
0.000786
0.000000
0.000002
0.000000
0.000000
0.000000
0.000000
0.000000
0.000000
0.000000
0.000000
0.000000
0.000000
0.000000
0.000000
0.000000
0.000000
0.000000
0.000000
0.000000
0.000000
0.000000
0.000000
0.000000
0.000000
0.000000
0.000000
0.000000
0.000000
0.000000
0.000000
0.000000
0.000000
0.000000
0.000000
0.000000
0.000000
0.000000
0.000000
0.856003
0.055880
0.015263
0.035882
0.036475
0.000484
0.000013
0.000000
0.000000
0.000000
0.000000
0.000000
0.000000
0.000000
0.000000
0.000000
0.000000
0.000000
0.000000
0.000000
0.000000
0.000000
0.000000
0.000000
0.000000
0.000000
0.000000
0.000000
0.000000
0.000000
0.000000
0.000000
0.000000
0.000000
0.000000
0.000000
0.000000
0.000000
0.000000
0.000000
0.000000
0.000000
0.000000
0.000000
0.056189
0.531393
0.326862
0.005126
0.076927
0.003468
0.000034
0.000001
0.000000
0.000000
0.000000
0.000000
0.000000
0.000000
0.000000
0.000000
0.000000
0.000000
0.000000
0.000000
0.000000
0.000000
0.000000
0.000000
0.000000
0.000000
0.000000
0.000000
0.000000
0.000000
0.000000
0.000000
0.000000
0.000000
0.000000
0.000000
0.000000
0.000000
0.000000
0.000000
0.000000
0.000000
0.000000
0.000000
0.863072
0.092212
0.001159
0.036020
0.005804
0.001710
0.000022
0.000000
0.000000
0.000000
0.000000
0.000000
0.000000
0.000000
0.000000
0.000000
0.000000
0.000000
0.000000
0.000000
0.000000
0.000000
0.000000
0.000000
0.000000
0.000000
0.000000
0.000000
0.000000
0.000000
0.000000
0.000000
0.000000
0.000000
0.000000
0.000000
0.000000
0.000000
0.000000
0.000000
0.000000
0.000000
0.000000
0.000000
0.858954
0.103764
0.000308
0.033889
0.002826
0.000202
0.000055
0.000000
0.000000
0.000000
0.000000
0.000000
0.000000
0.000000
0.000000
0.000000
0.000000
0.000000
0.000000
0.000000
0.000000
0.000000
0.000000
0.000000
0.000000
0.000000
0.000000
0.000000
0.000000
0.000000
0.000000
0.000000
0.000000
0.000000
0.000000
0.000000
0.000000
0.000000
0.000000
0.000000
0.000000
0.000000
0.000000
0.000000
0.379268
0.440543
0.009577
0.170582
0.000030
0.000001
0.000000
0.000000
0.000000
0.000000
0.000000
0.000000
0.000000
0.000000
0.000000
0.000000
0.000000
0.000000
0.000000
0.000000
0.000000
0.000000
0.000000
0.000000
0.000000
0.000000
0.000000
0.000000
0.000000
0.000000
0.000000
0.000000
0.000000
0.000000
0.000000
0.000000
0.000000
0.000000
0.000000
0.000000
0.000000
0.000000
0.000000
0.000000
0.000005
0.000063
0.000006
0.000035
0.000033
0.000148
0.000156
0.001870
0.023626
0.040245
0.014486
0.000080
0.000003
0.000249
0.000332
0.000075
0.000015
0.000050
0.000007
0.000011
0.000101
0.000000
0.000000
0.000000
0.000000
0.000000
0.000000
0.000000
0.000000
0.000000
0.000000
0.000000
0.000000
0.000000
0.000000
0.000000
0.000000
0.000000
0.000000
0.000000
0.000000
0.000000
0.021159
0.000065
0.000005
0.000063
0.000006
0.000035
0.000033
0.000148
0.000156
0.001870
0.000439
0.001068
0.000049
0.000071
0.000056
0.000005
0.000000
0.000001
0.000005
0.000010
0.000000
0.000000
0.000001
0.089093
0.005541
0.000140
0.000530
0.000463
0.000014
0.001030
0.000244
0.000076
0.000016
0.000013
0.000044
0.000045
0.000004
0.000000
0.000000
0.000000
0.000000
0.000000
0.000000
0.000000
0.000196
0.000065
0.000005
0.000063
0.000006
0.000035
0.000033
0.000148
0.000156
0.001870
0.000439
0.001068
0.000049
0.000071
0.000056
0.000005
0.000000
0.000001
0.000005
0.000010
0.000000
0.000000
0.000001
0.000086
0.020006
0.052457
0.018146
0.004072
0.000000
0.001068
0.000064
0.000123
0.000712
0.000050
0.000070
0.000377
0.000021
0.000000
0.000000
0.000000
0.000000
0.000000
0.000000
0.000000
0.000196
0.000065
0.000005
0.000063
0.000006
0.000035
0.000033
0.000148
0.000156
0.001870
0.000439
0.001068
0.000049
0.000071
0.000056
0.000005
0.000000
0.000001
0.000005
0.000010
0.000000
0.000000
0.000001
0.004656
0.033093
0.000976
0.007846
0.002097
0.000114
0.039568
0.002784
0.005659
0.000014
0.000061
0.000369
0.000003
0.000000
0.000004
0.000007
0.000000
0.000000
0.000000
0.000000
0.000000
0.000196
0.000065
0.000005
0.000063
0.000006
0.000035
0.000033
0.000148
0.000156
0.001870
0.000439
0.001068
0.000049
0.000071
0.000056
0.000005
0.000000
0.000001
0.000005
0.000010
0.000000
0.000000
0.000001
0.001629
0.011230
0.004325
0.028382
0.017814
0.000941
0.025940
0.004478
0.000014
0.000209
0.001643
0.000566
0.000064
0.000004
0.000008
0.000005
0.000000
0.000000
0.000000
0.000000
0.000000
0.000196
0.000065
0.000005
0.000063
0.000006
0.000035
0.000033
0.000148
0.000156
0.001870
0.000439
0.001068
0.000049
0.000071
0.000056
0.000005
0.000000
0.000001
0.000005
0.000010
0.000000
0.000000
0.000001
0.000012
0.015514
0.030187
0.001962
0.008667
0.000845
0.007940
0.009491
0.000555
0.000085
0.015237
0.006427
0.000320
0.000005
0.000009
0.000000
0.000000
0.000000
0.000000
0.000000
0.000000
0.000196
0.000065
0.000005
0.000063
0.000006
0.000035
0.000033
0.000148
0.000156
0.001870
0.000439
0.001068
0.000049
0.000071
0.000056
0.000005
0.000000
0.000001
0.000005
0.000010
0.000000
0.000000
0.000001
0.000000
0.001009
0.000847
0.003470
0.017675
0.000910
0.000181
0.010753
0.046070
0.007858
0.000039
0.000849
0.006799
0.000786
0.000005
0.000002
0.000000
0.000000
0.000000
0.000000
0.000000
0.000196
0.000065
0.000005
0.000063
0.000006
0.000035
0.000033
0.000148
0.000156
0.001870
0.000439
0.001068
0.000049
0.000071
0.000056
0.000005
0.000000
0.000001
0.000005
0.000010
0.000000
0.000000
0.000001
0.000273
0.000118
0.003609
0.018254
0.026667
0.018569
0.001889
0.001438
0.016612
0.005110
0.002895
0.000352
0.001333
0.000134
0.000001
0.000000
0.000000
0.000000
0.000000
0.000000
0.000000
0.000196
0.000065
0.000005
0.000063
0.000006
0.000035
0.000033
0.000148
0.000156
0.001870
0.000439
0.001068
0.000049
0.000071
0.000056
0.000005
0.000000
0.000001
0.000005
0.000010
0.000000
0.000000
0.000001
0.000041
0.004552
0.004075
0.001390
0.009562
0.000030
0.009717
0.001211
0.000204
0.000796
0.044758
0.010721
0.009457
0.000680
0.000055
0.000002
0.000000
0.000000
0.000000
0.000000
0.000000
0.000196
0.000065
0.000005
0.000063
0.000006
0.000035
0.000033
0.000148
0.000156
0.001870
0.000439
0.001068
0.000049
0.000071
0.000056
0.000005
0.000000
0.000001
0.000005
0.000010
0.000000
0.000000
0.000001
0.000342
0.001903
0.001545
0.002871
0.001367
0.018526
0.001836
0.000142
0.002413
0.000524
0.006774
0.056864
0.001790
0.000019
0.000306
0.000033
0.000000
0.000000
0.000000
0.000000
0.000000
0.000196
0.000065
0.000005
0.000063
0.000006
0.000035
0.000033
0.000148
0.000156
0.001870
0.000439
0.001068
0.000049
0.000071
0.000056
0.000005
0.000000
0.000001
0.000005
0.000010
0.000000
0.000000
0.000001
0.000354
0.000000
0.000669
0.000404
0.008978
0.041047
0.000262
0.000224
0.002729
0.022306
0.000279
0.016008
0.003414
0.000473
0.000048
0.000058
0.000000
0.000000
0.000000
0.000000
0.000000
0.000196
0.000065
0.000005
0.000063
0.000006
0.000035
0.000033
0.000148
0.000156
0.001870
0.000439
0.001068
0.000049
0.000071
0.000056
0.000005
0.000000
0.000001
0.000005
0.000010
0.000000
0.000000
0.000001
0.000456
0.000064
0.000172
0.001101
0.000372
0.000164
0.000648
0.021311
0.002790
0.026204
0.014846
0.000243
0.026832
0.001948
0.000082
0.000021
0.000000
0.000000
0.000000
0.000000
0.000000
0.000196
0.000065
0.000005
0.000063
0.000006
0.000035
0.000033
0.000148
0.000156
0.001870
0.000439
0.001068
0.000049
0.000071
0.000056
0.000005
0.000000
0.000001
0.000005
0.000010
0.000000
0.000000
0.000001
0.000474
0.001261
0.001233
0.000408
0.001669
0.002407
0.002019
0.021988
0.005417
0.009110
0.003202
0.004896
0.039136
0.003997
0.000027
0.000009
0.000000
0.000000
0.000000
0.000000
0.000000
0.000196
0.000065
0.000005
0.000063
0.000006
0.000035
0.000033
0.000148
0.000156
0.001870
0.000439
0.001068
0.000049
0.000071
0.000056
0.000005
0.000000
0.000001
0.000005
0.000010
0.000000
0.000000
0.000001
0.000630
0.002034
0.000613
0.006155
0.001700
0.015366
0.006318
0.015957
0.016734
0.027651
0.000109
0.002146
0.001344
0.000482
0.000013
0.000001
0.000000
0.000000
0.000000
0.000000
0.000000
0.000196
0.000065
0.000005
0.000063
0.000006
0.000035
0.000033
0.000148
0.000156
0.001870
0.000439
0.001068
0.000049
0.000071
0.000056
0.000005
0.000000
0.000001
0.000005
0.000010
0.000000
0.000000
0.000001
0.000424
0.000636
0.000124
0.001301
0.000070
0.000202
0.000470
0.001449
0.000312
0.000050
0.001194
0.000192
0.000656
0.000798
0.003470
0.001002
0.080314
0.002684
0.000003
0.000658
0.001245
0.000196
0.000065
0.000005
0.000063
0.000006
0.000035
0.000033
0.000148
0.000156
0.001870
0.000439
0.001068
0.000049
0.000071
0.000056
0.000005
0.000000
0.000001
0.000005
0.000010
0.000000
0.000000
0.000001
0.000424
0.000636
0.000124
0.001301
0.000070
0.000202
0.000470
0.001449
0.000312
0.000050
0.001194
0.000192
0.000656
0.000798
0.003470
0.001002
0.000056
0.049588
0.006075
0.011422
0.017763
0.000196
0.000065
0.000005
0.000063
0.000006
0.000035
0.000033
0.000148
0.000156
0.001870
0.000439
0.001068
0.000049
0.000071
0.000056
0.000005
0.000000
0.000001
0.000005
0.000010
0.000000
0.000000
0.000001
0.000424
0.000636
0.000124
0.001301
0.000070
0.000202
0.000470
0.001449
0.000312
0.000050
0.001194
0.000192
0.000656
0.000798
0.003470
0.001002
0.004648
0.041687
0.002141
0.014658
0.021770
0.000196
0.000065
0.000005
0.000063
0.000006
0.000035
0.000033
0.000148
0.000156
0.001870
0.000439
0.001068
0.000049
0.000071
0.000056
0.000005
0.000000
0.000001
0.000005
0.000010
0.000000
0.000000
0.000001
0.000424
0.000636
0.000124
0.001301
0.000070
0.000202
0.000470
0.001449
0.000312
0.000050
0.001194
0.000192
0.000656
0.000798
0.003470
0.001002
0.004323
0.001811
0.015747
0.057906
0.005117
0.000196
0.000065
0.000005
0.000063
0.000006
0.000035
0.000033
0.000148
0.000156
0.001870
0.000439
0.001068
0.000049
0.000071
0.000056
0.000005
0.000000
0.000001
0.000005
0.000010
0.000000
0.000000
0.000001
0.000424
0.000636
0.000124
0.001301
0.000070
0.000202
0.000470
0.001449
0.000312
0.000050
0.001194
0.000192
0.000656
0.000798
0.003470
0.001002
0.007925
0.003568
0.057241
0.005136
0.011034
0.000196
0.000065
0.000005
0.000063
0.000006
0.000035
0.000033
0.000148
0.000156
0.001870
0.000439
0.001068
0.000049
0.000071
0.000056
0.000005
0.000000
0.000001
0.000005
0.000010
0.000000
0.000000
0.000001
0.000424
0.000636
0.000124
0.001301
0.000070
0.000202
0.000470
0.001449
0.000312
0.000050
0.001194
0.000192
0.000656
0.000798
0.003470
0.001002
0.004619
0.002547
0.020678
0.012105
0.044955
0.000196
0.000065
0.000005
0.000063
0.000006
0.000035
0.000033
0.000148
0.000156
0.001870
0.000439
0.001068
0.000049
0.000071
0.000056
0.000005
0.000000
0.000001
0.000005
0.000010
0.000000
0.000000
0.000001
0.000424
0.000557
0.000102
0.001143
0.000095
0.000549
0.000274
0.001328
0.000363
0.000518
0.001688
0.000458
0.003741
0.017356
0.032575
0.036083
0.000000
0.000000
0.000000
0.000000
0.000000
0.000196
0.000065
0.000005
0.000063
0.000006
0.000035
0.000033
0.000148
0.000156
0.001870
0.000439
0.001068
0.000049
0.000071
0.000056
0.000005
0.000000
0.000001
0.000005
0.000010
0.000000
0.000000
0.000001
0.000435
0.000594
0.000097
0.001039
0.000151
0.000665
0.000152
0.000809
0.000105
0.000183
0.001310
0.000243
0.003050
0.055976
0.002678
0.029768
0.000000
0.000000
0.000000
0.000000
0.000000
0.000196
0.000065
0.000005
0.000063
0.000006
0.000035
0.000033
0.000148
0.000156
0.001870
0.000439
0.001068
0.000049
0.000071
0.000056
0.000005
0.000000
0.000001
0.000005
0.000010
0.000000
0.000000
0.000001
0.000435
0.000594
0.000094
0.000977
0.000116
0.000524
0.000222
0.000969
0.000151
0.000289
0.001816
0.000475
0.000245
0.015210
0.045250
0.029887
0.000000
0.000000
0.000000
0.000000
0.000000
0.000196
0.000065
0.000005
0.000063
0.000006
0.000035
0.000033
0.000148
0.000156
0.001870
0.000066
0.015447
0.063505
0.001458
0.000328
0.007683
0.000030
0.001568
0.002609
0.005164
0.000217
0.000001
0.000953
0.000000
0.000000
0.000000
0.000000
0.000000
0.000000
0.000000
0.000000
0.000000
0.000000
0.000000
0.000000
0.000000
0.000000
0.000000
0.000000
0.000000
0.000000
0.000000
0.000000
0.000000
0.000002
0.000065
0.000005
0.000063
0.000006
0.000035
0.000033
0.000148
0.000156
0.001870
0.000514
0.003269
0.000004
0.000564
0.000003
0.005768
0.002645
0.011463
0.000005
0.000114
0.001432
0.014988
0.057110
0.000000
0.000000
0.000000
0.000000
0.000000
0.000000
0.000000
0.000000
0.000000
0.000000
0.000000
0.000000
0.000000
0.000000
0.000000
0.000000
0.000000
0.000000
0.000000
0.000000
0.000000
0.000854
0.000065
0.000005
0.000063
0.000006
0.000035
0.000033
0.000148
0.000156
0.001870
0.001337
0.002775
0.000096
0.000014
0.009868
0.009786
0.039380
0.003964
0.004506
0.018199
0.006460
0.000115
0.000251
0.000000
0.000000
0.000000
0.000000
0.000000
0.000000
0.000000
0.000000
0.000000
0.000000
0.000000
0.000000
0.000000
0.000000
0.000000
0.000000
0.000000
0.000000
0.000000
0.000000
0.000000
0.001848
0.000065
0.000005
0.000063
0.000006
0.000035
0.000033
0.000148
0.000156
0.001870
0.001516
0.000007
0.006278
0.000116
0.000741
0.000007
0.000025
0.037616
0.027985
0.000611
0.012433
0.000004
0.009181
0.000000
0.000000
0.000000
0.000000
0.000000
0.000000
0.000000
0.000000
0.000000
0.000000
0.000000
0.000000
0.000000
0.000000
0.000000
0.000000
0.000000
0.000000
0.000000
0.000000
0.000000
0.002055
0.000065
0.000005
0.000063
0.000006
0.000035
0.000033
0.000148
0.000156
0.001870
0.001691
0.000914
0.002685
0.003182
0.000000
0.000724
0.000453
0.006980
0.001478
0.001481
0.044013
0.032547
0.000148
0.000000
0.000000
0.000000
0.000000
0.000000
0.000000
0.000000
0.000000
0.000000
0.000000
0.000000
0.000000
0.000000
0.000000
0.000000
0.000000
0.000000
0.000000
0.000000
0.000000
0.000000
0.002256
0.000065
0.000005
0.000063
0.000006
0.000035
0.000033
0.000148
0.000156
0.001870
0.001621
0.000824
0.001938
0.003006
0.008620
0.001377
0.009658
0.023220
0.024462
0.012438
0.000630
0.006354
0.002240
0.000000
0.000000
0.000000
0.000000
0.000000
0.000000
0.000000
0.000000
0.000000
0.000000
0.000000
0.000000
0.000000
0.000000
0.000000
0.000000
0.000000
0.000000
0.000000
0.000000
0.000000
0.002176
0.000065
0.000005
0.000063
0.000006
0.000035
0.000033
0.000148
0.000156
0.001870
0.001652
0.000934
0.001428
0.005557
0.003777
0.000019
0.000457
0.003357
0.038541
0.020397
0.018427
0.001746
0.000056
0.000000
0.000000
0.000000
0.000000
0.000000
0.000000
0.000000
0.000000
0.000000
0.000000
0.000000
0.000000
0.000000
0.000000
0.000000
0.000000
0.000000
0.000000
0.000000
0.000000
0.000000
0.002211
0.000065
0.000005
0.000063
0.000006
0.000035
0.000033
0.000148
0.000156
0.001870
0.001688
0.000757
0.002124
0.005004
0.004494
0.000120
0.000143
0.001510
0.000410
0.000390
0.013684
0.043344
0.022635
0.000000
0.000000
0.000000
0.000000
0.000000
0.000000
0.000000
0.000000
0.000000
0.000000
0.000000
0.000000
0.000000
0.000000
0.000000
0.000000
0.000000
0.000000
0.000000
0.000000
0.000000
0.002253
0.000065
0.000005
0.000063
0.000006
0.000035
0.000033
0.000148
0.000156
0.001870
0.001375
0.000290
0.000603
0.019245
0.000845
0.006693
0.040561
0.008074
0.000740
0.012040
0.001591
0.000026
0.004621
0.000000
0.000000
0.000000
0.000000
0.000000
0.000000
0.000000
0.000000
0.000000
0.000000
0.000000
0.000000
0.000000
0.000000
0.000000
0.000000
0.000000
0.000000
0.000000
0.000000
0.000000
0.001892
0.000065
0.000005
0.000063
0.000006
0.000035
0.000033
0.000148
0.000156
0.001870
0.005627
0.011416
0.000516
0.043669
0.014492
0.001854
0.004927
0.000712
0.000417
0.007008
0.000359
0.000505
0.000153
0.000000
0.000000
0.000000
0.000000
0.000000
0.000000
0.000000
0.000000
0.000000
0.000000
0.000000
0.000000
0.000000
0.000000
0.000000
0.000000
0.000000
0.000000
0.000000
0.000000
0.000000
0.006571
0.000065
0.000005
0.000063
0.000006
0.000035
0.000033
0.000148
0.000156
0.001870
0.002242
0.000004
0.004322
0.015379
0.039983
0.002944
0.002921
0.001656
0.000073
0.022710
0.002237
0.000729
0.000415
0.000000
0.000000
0.000000
0.000000
0.000000
0.000000
0.000000
0.000000
0.000000
0.000000
0.000000
0.000000
0.000000
0.000000
0.000000
0.000000
0.000000
0.000000
0.000000
0.000000
0.000000
0.002880
0.000065
0.000005
0.000063
0.000006
0.000035
0.000033
0.000148
0.000156
0.001870
0.000003
0.001496
0.002831
0.003054
0.017498
0.064552
0.000344
0.001668
0.000527
0.001069
0.000393
0.001514
0.003995
0.000000
0.000000
0.000000
0.000000
0.000000
0.000000
0.000000
0.000000
0.000000
0.000000
0.000000
0.000000
0.000000
0.000000
0.000000
0.000000
0.000000
0.000000
0.000000
0.000000
0.000000
0.000025
0.000065
