0.000120
0.182694
0.705081
0.000262
0.000729
0.000002
0.000000
0.000000
0.094361
0.000000
0.000000
0.000000
0.000000
0.000000
0.000000
0.000000
0.000000
0.000000
0.000000
0.000000
0.000000
0.000000
0.000000
0.000000
0.000000
0.000000
0.000000
0.000000
0.000000
0.000000
0.000000
0.000000
0.000000
0.000000
0.000000
0.000000
0.000000
0.000000
0.000000
0.000000
0.000000
0.000000
0.016306
0.000444
0.672637
0.177800
0.009227
0.029149
0.000057
0.000017
0.000001
0.000000
0.094361
0.000000
0.000000
0.000000
0.000000
0.000000
0.000000
0.000000
0.000000
0.000000
0.000000
0.000000
0.000000
0.000000
0.000000
0.000000
0.000000
0.000000
0.000000
0.000000
0.000000
0.000000
0.000000
0.000000
0.000000
0.000000
0.000000
0.000000
0.000000
0.000000
0.000000
0.000000
0.000000
0.000000
0.016306
0.000444
0.016927
0.145869
0.111358
0.018220
0.021136
0.370190
0.079039
0.126149
0.094361
0.000000
0.000000
0.000000
0.000000
0.000000
0.000000
0.000000
0.000000
0.000000
0.000000
0.000000
0.000000
0.000000
0.000000
0.000000
0.000000
0.000000
0.000000
0.000000
0.000000
0.000000
0.000000
0.000000
0.000000
0.000000
0.000000
0.000000
0.000000
0.000000
0.000000
0.000000
0.000000
0.000000
0.016306
0.000444
0.010198
0.120302
0.100492
0.013910
0.061146
0.076188
0.000495
0.506158
0.094361
0.000000
0.000000
0.000000
0.000000
0.000000
0.000000
0.000000
0.000000
0.000000
0.000000
0.000000
0.000000
0.000000
0.000000
0.000000
0.000000
0.000000
0.000000
0.000000
0.000000
0.000000
0.000000
0.000000
0.000000
0.000000
0.000000
0.000000
0.000000
0.000000
0.000000
0.000000
0.000000
0.000000
0.016306
0.000444
0.068849
0.017401
0.006976
0.086278
0.427645
0.063034
0.090220
0.128487
0.094361
0.000000
0.000000
0.000000
0.000000
0.000000
0.000000
0.000000
0.000000
0.000000
0.000000
0.000000
0.000000
0.000000
0.000000
0.000000
0.000000
0.000000
0.000000
0.000000
0.000000
0.000000
0.000000
0.000000
0.000000
0.000000
0.000000
0.000000
0.000000
0.000000
0.000000
0.000000
0.000000
0.000000
0.016306
0.000444
0.001795
0.065725
0.059338
0.004895
0.358236
0.179281
0.094336
0.125283
0.094361
0.000000
0.000000
0.000000
0.000000
0.000000
0.000000
0.000000
0.000000
0.000000
0.000000
0.000000
0.000000
0.000000
0.000000
0.000000
0.000000
0.000000
0.000000
0.000000
0.000000
0.000000
0.000000
0.000000
0.000000
0.000000
0.000000
0.000000
0.000000
0.000000
0.000000
0.000000
0.000000
0.000000
0.016306
0.000444
0.085430
0.035338
0.000652
0.106587
0.083749
0.273937
0.189653
0.113543
0.094361
0.000000
0.000000
0.000000
0.000000
0.000000
0.000000
0.000000
0.000000
0.000000
0.000000
0.000000
0.000000
0.000000
0.000000
0.000000
0.000000
0.000000
0.000000
0.000000
0.000000
0.000000
0.000000
0.000000
0.000000
0.000000
0.000000
0.000000
0.000000
0.000000
0.000000
0.000000
0.000000
0.000000
0.016306
0.000444
0.097511
0.045606
0.000199
0.115013
0.046771
0.037155
0.546255
0.000379
0.094361
0.000000
0.000000
0.000000
0.000000
0.000000
0.000000
0.000000
0.000000
0.000000
0.000000
0.000000
0.000000
0.000000
0.000000
0.000000
0.000000
0.000000
0.000000
0.000000
0.000000
0.000000
0.000000
0.000000
0.000000
0.000000
0.000000
0.000000
0.000000
0.000000
0.000000
0.000000
0.000000
0.000000
0.016306
0.000444
0.046534
0.209266
0.006677
0.625685
0.000530
0.000196
0.000002
0.000000
0.094361
0.000000
0.000000
0.000000
0.000000
0.000000
0.000000
0.000000
0.000000
0.000000
0.000000
0.000000
0.000000
0.000000
0.000000
0.000000
0.000000
0.000000
0.000000
0.000000
0.000000
0.000000
0.000000
0.000000
0.000000
0.000000
0.000000
0.000000
0.000000
0.000000
0.000000
0.000000
0.000000
0.000000
0.016306
0.000444
0.000000
0.000000
0.000000
0.000000
0.000000
0.000000
0.000000
0.000000
0.067683
0.395010
0.142178
0.000785
0.000031
0.002440
0.003262
0.000737
0.000143
0.000491
0.000072
0.000108
0.000996
0.000000
0.000000
0.000000
0.000000
0.000000
0.000000
0.000000
0.000000
0.000000
0.000000
0.000000
0.000000
0.000000
0.000000
0.000000
0.000000
0.000000
0.000000
0.000000
0.000000
0.000000
0.357606
0.028457
0.000000
0.000000
0.000000
0.000000
0.000000
0.000000
0.000000
0.000000
0.001258
0.010486
0.000477
0.000694
0.000551
0.000048
0.000003
0.000009
0.000053
0.000096
0.000001
0.000001
0.000011
0.874450
0.054389
0.001373
0.005204
0.004546
0.000134
0.010108
0.002392
0.000745
0.000162
0.000124
0.000428
0.000445
0.000042
0.000001
0.000003
0.000000
0.000000
0.000000
0.000000
0.000000
0.003307
0.028457
0.000000
0.000000
0.000000
0.000000
0.000000
0.000000
0.000000
0.000000
0.001258
0.010486
0.000477
0.000694
0.000551
0.000048
0.000003
0.000009
0.000053
0.000096
0.000001
0.000001
0.000011
0.000848
0.196359
0.514870
0.178106
0.039968
0.000000
0.010483
0.000627
0.001211
0.006987
0.000490
0.000684
0.003700
0.000211
0.000001
0.000001
0.000000
0.000000
0.000000
0.000000
0.000000
0.003307
0.028457
0.000000
0.000000
0.000000
0.000000
0.000000
0.000000
0.000000
0.000000
0.001258
0.010486
0.000477
0.000694
0.000551
0.000048
0.000003
0.000009
0.000053
0.000096
0.000001
0.000001
0.000011
0.045696
0.324810
0.009579
0.077012
0.020578
0.001124
0.388365
0.027327
0.055545
0.000141
0.000601
0.003623
0.000031
0.000003
0.000038
0.000071
0.000000
0.000000
0.000000
0.000000
0.000000
0.003307
0.028457
0.000000
0.000000
0.000000
0.000000
0.000000
0.000000
0.000000
0.000000
0.001258
0.010486
0.000477
0.000694
0.000551
0.000048
0.000003
0.000009
0.000053
0.000096
0.000001
0.000001
0.000011
0.015991
0.110219
0.042446
0.278574
0.174847
0.009240
0.254604
0.043956
0.000142
0.002050
0.016125
0.005557
0.000627
0.000040
0.000082
0.000046
0.000000
0.000000
0.000000
0.000000
0.000000
0.003307
0.028457
0.000000
0.000000
0.000000
0.000000
0.000000
0.000000
0.000000
0.000000
0.001258
0.010486
0.000477
0.000694
0.000551
0.000048
0.000003
0.000009
0.000053
0.000096
0.000001
0.000001
0.000011
0.000114
0.152266
0.296283
0.019253
0.085067
0.008296
0.077927
0.093154
0.005443
0.000838
0.149547
0.063077
0.003144
0.000048
0.000088
0.000000
0.000000
0.000000
0.000000
0.000000
0.000000
0.003307
0.028457
0.000000
0.000000
0.000000
0.000000
0.000000
0.000000
0.000000
0.000000
0.001258
0.010486
0.000477
0.000694
0.000551
0.000048
0.000003
0.000009
0.000053
0.000096
0.000001
0.000001
0.000011
0.000004
0.009905
0.008315
0.034059
0.173480
0.008929
0.001772
0.105543
0.452174
0.077131
0.000383
0.008332
0.066730
0.007716
0.000049
0.000024
0.000000
0.000000
0.000000
0.000000
0.000000
0.003307
0.028457
0.000000
0.000000
0.000000
0.000000
0.000000
0.000000
0.000000
0.000000
0.001258
0.010486
0.000477
0.000694
0.000551
0.000048
0.000003
0.000009
0.000053
0.000096
0.000001
0.000001
0.000011
0.002679
0.001162
0.035423
0.179160
0.261740
0.182252
0.018542
0.014111
0.163044
0.050156
0.028417
0.003456
0.013087
0.001311
0.000006
0.000001
0.000000
0.000000
0.000000
0.000000
0.000000
0.003307
0.028457
0.000000
0.000000
0.000000
0.000000
0.000000
0.000000
0.000000
0.000000
0.001258
0.010486
0.000477
0.000694
0.000551
0.000048
0.000003
0.000009
0.000053
0.000096
0.000001
0.000001
0.000011
0.000404
0.044681
0.039993
0.013643
0.093854
0.000299
0.095376
0.011885
0.002001
0.007817
0.439301
0.105230
0.092823
0.006676
0.000544
0.000016
0.000000
0.000000
0.000000
0.000000
0.000000
0.003307
0.028457
0.000000
0.000000
0.000000
0.000000
0.000000
0.000000
0.000000
0.000000
0.001258
0.010486
0.000477
0.000694
0.000551
0.000048
0.000003
0.000009
0.000053
0.000096
0.000001
0.000001
0.000011
0.003355
0.018678
0.015166
0.028175
0.013413
0.181833
0.018017
0.001389
0.023686
0.005146
0.066491
0.558120
0.017565
0.000182
0.003004
0.000323
0.000000
0.000000
0.000000
0.000000
0.000000
0.003307
0.028457
0.000000
0.000000
0.000000
0.000000
0.000000
0.000000
0.000000
0.000000
0.001258
0.010486
0.000477
0.000694
0.000551
0.000048
0.000003
0.000009
0.000053
0.000096
0.000001
0.000001
0.000011
0.003473
0.000000
0.006565
0.003968
0.088122
0.402875
0.002576
0.002197
0.026784
0.218931
0.002737
0.157123
0.033511
0.004642
0.000473
0.000567
0.000000
0.000000
0.000000
0.000000
0.000000
0.003307
0.028457
0.000000
0.000000
0.000000
0.000000
0.000000
0.000000
0.000000
0.000000
0.001258
0.010486
0.000477
0.000694
0.000551
0.000048
0.000003
0.000009
0.000053
0.000096
0.000001
0.000001
0.000011
0.004472
0.000626
0.001687
0.010810
0.003646
0.001611
0.006361
0.209168
0.027385
0.257193
0.145712
0.002388
0.263360
0.019121
0.000804
0.000201
0.000000
0.000000
0.000000
0.000000
0.000000
0.003307
0.028457
0.000000
0.000000
0.000000
0.000000
0.000000
0.000000
0.000000
0.000000
0.001258
0.010486
0.000477
0.000694
0.000551
0.000048
0.000003
0.000009
0.000053
0.000096
0.000001
0.000001
0.000011
0.004653
0.012381
0.012102
0.004000
0.016385
0.023620
0.019817
0.215810
0.053168
0.089411
0.031431
0.048051
0.384124
0.039235
0.000266
0.000092
0.000000
0.000000
0.000000
0.000000
0.000000
0.003307
0.028457
0.000000
0.000000
0.000000
0.000000
0.000000
0.000000
0.000000
0.000000
0.001258
0.010486
0.000477
0.000694
0.000551
0.000048
0.000003
0.000009
0.000053
0.000096
0.000001
0.000001
0.000011
0.006185
0.019966
0.006017
0.060407
0.016685
0.150817
0.062014
0.156621
0.164247
0.271397
0.001072
0.021067
0.013188
0.004727
0.000130
0.000005
0.000000
0.000000
0.000000
0.000000
0.000000
0.003307
0.028457
0.000000
0.000000
0.000000
0.000000
0.000000
0.000000
0.000000
0.000000
0.001258
0.010486
0.000477
0.000694
0.000551
0.000048
0.000003
0.000009
0.000053
0.000096
0.000001
0.000001
0.000011
0.004163
0.006240
0.001217
0.012771
0.000687
0.001986
0.004613
0.014222
0.003057
0.000486
0.011720
0.001887
0.006435
0.007834
0.034062
0.009830
0.788283
0.026342
0.000026
0.006463
0.012220
0.003307
0.028457
0.000000
0.000000
0.000000
0.000000
0.000000
0.000000
0.000000
0.000000
0.001258
0.010486
0.000477
0.000694
0.000551
0.000048
0.000003
0.000009
0.000053
0.000096
0.000001
0.000001
0.000011
0.004163
0.006240
0.001217
0.012771
0.000687
0.001986
0.004613
0.014222
0.003057
0.000486
0.011720
0.001887
0.006435
0.007834
0.034062
0.009830
0.000553
0.486708
0.059627
0.112102
0.174342
0.003307
0.028457
0.000000
0.000000
0.000000
0.000000
0.000000
0.000000
0.000000
0.000000
0.001258
0.010486
0.000477
0.000694
0.000551
0.000048
0.000003
0.000009
0.000053
0.000096
0.000001
0.000001
0.000011
0.004163
0.006240
0.001217
0.012771
0.000687
0.001986
0.004613
0.014222
0.003057
0.000486
0.011720
0.001887
0.006435
0.007834
0.034062
0.009830
0.045621
0.409159
0.021011
0.143865
0.213678
0.003307
0.028457
0.000000
0.000000
0.000000
0.000000
0.000000
0.000000
0.000000
0.000000
0.001258
0.010486
0.000477
0.000694
0.000551
0.000048
0.000003
0.000009
0.000053
0.000096
0.000001
0.000001
0.000011
0.004163
0.006240
0.001217
0.012771
0.000687
0.001986
0.004613
0.014222
0.003057
0.000486
0.011720
0.001887
0.006435
0.007834
0.034062
0.009830
0.042427
0.017779
0.154562
0.568346
0.050220
0.003307
0.028457
0.000000
0.000000
0.000000
0.000000
0.000000
0.000000
0.000000
0.000000
0.001258
0.010486
0.000477
0.000694
0.000551
0.000048
0.000003
0.000009
0.000053
0.000096
0.000001
0.000001
0.000011
0.004163
0.006240
0.001217
0.012771
0.000687
0.001986
0.004613
0.014222
0.003057
0.000486
0.011720
0.001887
0.006435
0.007834
0.034062
0.009830
0.077783
0.035017
0.561819
0.050412
0.108303
0.003307
0.028457
0.000000
0.000000
0.000000
0.000000
0.000000
0.000000
0.000000
0.000000
0.001258
0.010486
0.000477
0.000694
0.000551
0.000048
0.000003
0.000009
0.000053
0.000096
0.000001
0.000001
0.000011
0.004163
0.006240
0.001217
0.012771
0.000687
0.001986
0.004613
0.014222
0.003057
0.000486
0.011720
0.001887
0.006435
0.007834
0.034062
0.009830
0.045333
0.024995
0.202955
0.118812
0.441238
0.003307
0.028457
0.000000
0.000000
0.000000
0.000000
0.000000
0.000000
0.000000
0.000000
0.001258
0.010486
0.000477
0.000694
0.000551
0.000048
0.000003
0.000009
0.000053
0.000096
0.000001
0.000001
0.000011
0.004164
0.005464
0.000997
0.011221
0.000928
0.005391
0.002689
0.013038
0.003562
0.005086
0.016568
0.004495
0.036715
0.170347
0.319723
0.354158
0.000000
0.000000
0.000000
0.000000
0.000000
0.003307
0.028457
0.000000
0.000000
0.000000
0.000000
0.000000
0.000000
0.000000
0.000000
0.001258
0.010486
0.000477
0.000694
0.000551
0.000048
0.000003
0.000009
0.000053
0.000096
0.000001
0.000001
0.000011
0.004266
0.005832
0.000954
0.010194
0.001481
0.006524
0.001492
0.007937
0.001034
0.001794
0.012857
0.002383
0.029934
0.549410
0.026282
0.292171
0.000000
0.000000
0.000000
0.000000
0.000000
0.003307
0.028457
0.000000
0.000000
0.000000
0.000000
0.000000
0.000000
0.000000
0.000000
0.001258
0.010486
0.000477
0.000694
0.000551
0.000048
0.000003
0.000009
0.000053
0.000096
0.000001
0.000001
0.000011
0.004265
0.005825
0.000925
0.009587
0.001135
0.005139
0.002178
0.009514
0.001484
0.002840
0.017823
0.004667
0.002404
0.149288
0.444133
0.293339
0.000000
0.000000
0.000000
0.000000
0.000000
0.003307
0.028457
0.000000
0.000000
0.000000
0.000000
0.000000
0.000000
0.000000
0.000000
0.000190
0.151613
0.623303
0.014311
0.003221
0.075406
0.000296
0.015386
0.025603
0.050686
0.002134
0.000007
0.009357
0.000000
0.000000
0.000000
0.000000
0.000000
0.000000
0.000000
0.000000
0.000000
0.000000
0.000000
0.000000
0.000000
0.000000
0.000000
0.000000
0.000000
0.000000
0.000000
0.000000
0.000000
0.000028
0.028457
0.000000
0.000000
0.000000
0.000000
0.000000
0.000000
0.000000
0.000000
0.001473
0.032087
0.000036
0.005540
0.000026
0.056611
0.025962
0.112513
0.000046
0.001121
0.014051
0.147107
0.560532
0.000000
0.000000
0.000000
0.000000
0.000000
0.000000
0.000000
0.000000
0.000000
0.000000
0.000000
0.000000
0.000000
0.000000
0.000000
0.000000
0.000000
0.000000
0.000000
0.000000
0.000000
0.014438
0.028457
0.000000
0.000000
0.000000
0.000000
0.000000
0.000000
0.000000
0.000000
0.003831
0.027241
0.000940
0.000136
0.096850
0.096051
0.386519
0.038905
0.044224
0.178622
0.063406
0.001130
0.002460
0.000000
0.000000
0.000000
0.000000
0.000000
0.000000
0.000000
0.000000
0.000000
0.000000
0.000000
0.000000
0.000000
0.000000
0.000000
0.000000
0.000000
0.000000
0.000000
0.000000
0.000000
0.031228
0.028457
0.000000
0.000000
0.000000
0.000000
0.000000
0.000000
0.000000
0.000000
0.004343
0.000070
0.061617
0.001142
0.007272
0.000072
0.000245
0.369205
0.274670
0.005995
0.122030
0.000036
0.090116
0.000000
0.000000
0.000000
0.000000
0.000000
0.000000
0.000000
0.000000
0.000000
0.000000
0.000000
0.000000
0.000000
0.000000
0.000000
0.000000
0.000000
0.000000
0.000000
0.000000
0.000000
0.034730
0.028457
0.000000
0.000000
0.000000
0.000000
0.000000
0.000000
0.000000
0.000000
0.004845
0.008972
0.026357
0.031234
0.000002
0.007110
0.004451
0.068513
0.014505
0.014533
0.431994
0.319446
0.001451
0.000000
0.000000
0.000000
0.000000
0.000000
0.000000
0.000000
0.000000
0.000000
0.000000
0.000000
0.000000
0.000000
0.000000
0.000000
0.000000
0.000000
0.000000
0.000000
0.000000
0.000000
0.038131
0.028457
0.000000
0.000000
0.000000
0.000000
0.000000
0.000000
0.000000
0.000000
0.004644
0.008091
0.019018
0.029501
0.084601
0.013519
0.094791
0.227903
0.240100
0.122075
0.006181
0.062362
0.021985
0.000000
0.000000
0.000000
0.000000
0.000000
0.000000
0.000000
0.000000
0.000000
0.000000
0.000000
0.000000
0.000000
0.000000
0.000000
0.000000
0.000000
0.000000
0.000000
0.000000
0.000000
0.036770
0.028457
0.000000
0.000000
0.000000
0.000000
0.000000
0.000000
0.000000
0.000000
0.004732
0.009165
0.014018
0.054543
0.037068
0.000186
0.004485
0.032947
0.378284
0.200197
0.180858
0.017135
0.000554
0.000000
0.000000
0.000000
0.000000
0.000000
0.000000
0.000000
0.000000
0.000000
0.000000
0.000000
0.000000
0.000000
0.000000
0.000000
0.000000
0.000000
0.000000
0.000000
0.000000
0.000000
0.037370
0.028457
0.000000
0.000000
0.000000
0.000000
0.000000
0.000000
0.000000
0.000000
0.004836
0.007427
0.020851
0.049110
0.044106
0.001175
0.001401
0.014825
0.004028
0.003827
0.134308
0.425418
0.222161
0.000000
0.000000
0.000000
0.000000
0.000000
0.000000
0.000000
0.000000
0.000000
0.000000
0.000000
0.000000
0.000000
0.000000
0.000000
0.000000
0.000000
0.000000
0.000000
0.000000
0.000000
0.038070
0.028457
0.000000
0.000000
0.000000
0.000000
0.000000
0.000000
0.000000
0.000000
0.003939
0.002849
0.005915
0.188886
0.008289
0.065688
0.398111
0.079246
0.007262
0.118170
0.015613
0.000253
0.045354
0.000000
0.000000
0.000000
0.000000
0.000000
0.000000
0.000000
0.000000
0.000000
0.000000
0.000000
0.000000
0.000000
0.000000
0.000000
0.000000
0.000000
0.000000
0.000000
0.000000
0.000000
0.031969
0.028457
0.000000
0.000000
0.000000
0.000000
0.000000
0.000000
0.000000
0.000000
0.016119
0.112052
0.005062
0.428617
0.142240
0.018199
0.048361
0.006993
0.004088
0.068782
0.003520
0.004960
0.001502
0.000000
0.000000
0.000000
0.000000
0.000000
0.000000
0.000000
0.000000
0.000000
0.000000
0.000000
0.000000
0.000000
0.000000
0.000000
0.000000
0.000000
0.000000
0.000000
0.000000
0.000000
0.111049
0.028457
0.000000
0.000000
0.000000
0.000000
0.000000
0.000000
0.000000
0.000000
0.006422
0.000043
0.042421
0.150941
0.392433
0.028898
0.028667
0.016258
0.000715
0.222895
0.021955
0.007156
0.004070
0.000000
0.000000
0.000000
0.000000
0.000000
0.000000
0.000000
0.000000
0.000000
0.000000
0.000000
0.000000
0.000000
0.000000
0.000000
0.000000
0.000000
0.000000
0.000000
0.000000
0.000000
0.048669
0.028457
0.000000
0.000000
0.000000
0.000000
0.000000
0.000000
0.000000
0.000000
0.000009
0.014682
0.027787
0.029979
0.171741
0.633584
0.003376
0.016369
0.005172
0.010493
0.003853
0.014857
0.039213
0.000000
0.000000
0.000000
0.000000
0.000000
0.000000
0.000000
0.000000
0.000000
0.000000
0.000000
0.000000
0.000000
0.000000
0.000000
0.000000
0.000000
0.000000
0.000000
0.000000
0.000000
0.000428
0.028457
