0.989503
0.000153
0.005953
0.004391
0.000000
0.000000
0.000000
0.000000
0.000000
0.000000
0.000000
0.000000
0.000000
0.000000
0.000000
0.000000
0.000000
0.000000
0.000000
0.000000
0.000000
0.000000
0.000000
0.000000
0.000000
0.000000
0.000000
0.000000
0.000000
0.000000
0.000000
0.000000
0.000000
0.000000
0.000000
0.000000
0.000000
0.000000
0.000000
0.000000
0.000000
0.000000
0.000000
0.000000
0.985397
0.005230
0.004010
0.002619
0.002745
0.000000
0.000000
0.000000
0.000000
0.000000
0.000000
0.000000
0.000000
0.000000
0.000000
0.000000
0.000000
0.000000
0.000000
0.000000
0.000000
0.000000
0.000000
0.000000
0.000000
0.000000
0.000000
0.000000
0.000000
0.000000
0.000000
0.000000
0.000000
0.000000
0.000000
0.000000
0.000000
0.000000
0.000000
0.000000
0.000000
0.000000
0.000000
0.000000
0.922203
0.004343
0.033091
0.039908
0.000455
0.000000
0.000000
0.000000
0.000000
0.000000
0.000000
0.000000
0.000000
0.000000
0.000000
0.000000
0.000000
0.000000
0.000000
0.000000
0.000000
0.000000
0.000000
0.000000
0.000000
0.000000
0.000000
0.000000
0.000000
0.000000
0.000000
0.000000
0.000000
0.000000
0.000000
0.000000
0.000000
0.000000
0.000000
0.000000
0.000000
0.000000
0.000000
0.000000
0.651426
0.345600
0.000004
0.002401
0.000569
0.000000
0.000000
0.000000
0.000000
0.000000
0.000000
0.000000
0.000000
0.000000
0.000000
0.000000
0.000000
0.000000
0.000000
0.000000
0.000000
0.000000
0.000000
0.000000
0.000000
0.000000
0.000000
0.000000
0.000000
0.000000
0.000000
0.000000
0.000000
0.000000
0.000000
0.000000
0.000000
0.000000
0.000000
0.000000
0.000000
0.000000
0.000000
0.000000
0.556876
0.208237
0.187604
0.045052
0.002231
0.000000
0.000000
0.000000
0.000000
0.000000
0.000000
0.000000
0.000000
0.000000
0.000000
0.000000
0.000000
0.000000
0.000000
0.000000
0.000000
0.000000
0.000000
0.000000
0.000000
0.000000
0.000000
0.000000
0.000000
0.000000
0.000000
0.000000
0.000000
0.000000
0.000000
0.000000
0.000000
0.000000
0.000000
0.000000
0.000000
0.000000
0.000000
0.000000
0.788362
0.084521
0.082321
0.042616
0.002180
0.000000
0.000000
0.000000
0.000000
0.000000
0.000000
0.000000
0.000000
0.000000
0.000000
0.000000
0.000000
0.000000
0.000000
0.000000
0.000000
0.000000
0.000000
0.000000
0.000000
0.000000
0.000000
0.000000
0.000000
0.000000
0.000000
0.000000
0.000000
0.000000
0.000000
0.000000
0.000000
0.000000
0.000000
0.000000
0.000000
0.000000
0.000000
0.000000
0.000001
0.000001
0.000001
0.000067
0.000518
0.000049
0.060568
0.015633
0.022084
0.007353
0.000615
0.000297
0.000010
0.000076
0.000034
0.000000
0.000000
0.000000
0.000000
0.000000
0.000000
0.000000
0.000000
0.000000
0.000000
0.000000
0.000000
0.000000
0.000000
0.000000
0.000000
0.000000
0.000000
0.000000
0.000000
0.000000
0.000000
0.000000
0.000000
0.000000
0.000000
0.000000
0.000000
0.000069
0.000001
0.000001
0.000001
0.000067
0.000518
0.000049
0.000039
0.000540
0.000337
0.000275
0.000123
0.000006
0.000010
0.000000
0.000000
0.074139
0.011130
0.006851
0.009931
0.000233
0.000030
0.000412
0.000023
0.000336
0.002235
0.000019
0.000000
0.000000
0.000000
0.000000
0.000000
0.000000
0.000000
0.000000
0.000000
0.000000
0.000000
0.000000
0.000000
0.000000
0.000000
0.000000
0.000000
0.000069
0.000001
0.000001
0.000001
0.000067
0.000518
0.000049
0.000039
0.000540
0.000337
0.000275
0.000123
0.000006
0.000010
0.000000
0.000000
0.000092
0.002918
0.028688
0.019236
0.048040
0.000270
0.000488
0.003598
0.000665
0.000616
0.000726
0.000001
0.000000
0.000000
0.000000
0.000000
0.000000
0.000000
0.000000
0.000000
0.000000
0.000000
0.000000
0.000000
0.000000
0.000000
0.000000
0.000000
0.000069
0.000001
0.000001
0.000001
0.000067
0.000518
0.000049
0.000039
0.000540
0.000337
0.000275
0.000123
0.000006
0.000010
0.000000
0.000000
0.010217
0.015340
0.037793
0.036197
0.005019
0.000007
0.000426
0.000166
0.000017
0.000127
0.000029
0.000000
0.000000
0.000000
0.000000
0.000000
0.000000
0.000000
0.000000
0.000000
0.000000
0.000000
0.000000
0.000000
0.000000
0.000000
0.000000
0.000000
0.000069
0.000001
0.000001
0.000001
0.000067
0.000518
0.000049
0.000039
0.000540
0.000337
0.000275
0.000123
0.000006
0.000010
0.000000
0.000000
0.017973
0.038194
0.000888
0.009029
0.010824
0.016733
0.000618
0.001883
0.000605
0.008587
0.000004
0.000000
0.000000
0.000000
0.000000
0.000000
0.000000
0.000000
0.000000
0.000000
0.000000
0.000000
0.000000
0.000000
0.000000
0.000000
0.000000
0.000000
0.000069
0.000001
0.000001
0.000001
0.000067
0.000518
0.000049
0.000039
0.000540
0.000337
0.000275
0.000123
0.000006
0.000010
0.000000
0.000000
0.005757
0.012137
0.002408
0.004485
0.012707
0.034828
0.010660
0.006557
0.002393
0.006314
0.007082
0.000010
0.000000
0.000000
0.000000
0.000000
0.000000
0.000000
0.000000
0.000000
0.000000
0.000000
0.000000
0.000000
0.000000
0.000000
0.000000
0.000000
0.000069
0.000001
0.000001
0.000001
0.000067
0.000518
0.000049
0.000039
0.000540
0.000337
0.000275
0.000123
0.000006
0.000010
0.000000
0.000000
0.000191
0.002948
0.000364
0.001120
0.000218
0.001551
0.004875
0.068924
0.000837
0.015095
0.009204
0.000011
0.000000
0.000000
0.000000
0.000000
0.000000
0.000000
0.000000
0.000000
0.000000
0.000000
0.000000
0.000000
0.000000
0.000000
0.000000
0.000000
0.000069
0.000001
0.000001
0.000001
0.000067
0.000518
0.000049
0.000039
0.000540
0.000337
0.000275
0.000123
0.000006
0.000010
0.000000
0.000000
0.000079
0.004536
0.015783
0.014569
0.023175
0.038621
0.000013
0.000005
0.001957
0.001465
0.005132
0.000003
0.000000
0.000000
0.000000
0.000000
0.000000
0.000000
0.000000
0.000000
0.000000
0.000000
0.000000
0.000000
0.000000
0.000000
0.000000
0.000000
0.000069
0.000001
0.000001
0.000001
0.000067
0.000518
0.000049
0.000039
0.000540
0.000337
0.000275
0.000123
0.000006
0.000010
0.000000
0.000000
0.000001
0.000116
0.000121
0.002693
0.000937
0.000329
0.081218
0.000931
0.006676
0.006689
0.005616
0.000011
0.000000
0.000000
0.000000
0.000000
0.000000
0.000000
0.000000
0.000000
0.000000
0.000000
0.000000
0.000000
0.000000
0.000000
0.000000
0.000000
0.000069
0.000001
0.000001
0.000001
0.000067
0.000518
0.000049
0.000039
0.000540
0.000337
0.000275
0.000123
0.000006
0.000010
0.000000
0.000000
0.000001
0.000123
0.000160
0.000405
0.000424
0.000884
0.003765
0.009542
0.065505
0.023302
0.000063
0.001165
0.000000
0.000000
0.000000
0.000000
0.000000
0.000000
0.000000
0.000000
0.000000
0.000000
0.000000
0.000000
0.000000
0.000000
0.000000
0.000000
0.000069
0.000001
0.000001
0.000001
0.000067
0.000518
0.000049
0.000039
0.000540
0.000337
0.000275
0.000123
0.000006
0.000010
0.000000
0.000000
0.000004
0.000169
0.000308
0.000234
0.000151
0.000107
0.000065
0.000127
0.001250
0.000015
0.000010
0.001772
0.000002
0.000000
0.045952
0.015508
0.020391
0.010667
0.000004
0.000963
0.006153
0.000102
0.000219
0.000047
0.000465
0.000647
0.000006
0.000000
0.000069
0.000001
0.000001
0.000001
0.000067
0.000518
0.000049
0.000039
0.000540
0.000337
0.000275
0.000123
0.000006
0.000010
0.000000
0.000000
0.000004
0.000169
0.000308
0.000234
0.000151
0.000107
0.000065
0.000127
0.001250
0.000015
0.000010
0.001772
0.000002
0.000000
0.060579
0.003733
0.016123
0.009466
0.002079
0.000425
0.008099
0.000150
0.000028
0.000001
0.000187
0.000255
0.000000
0.000000
0.000069
0.000001
0.000001
0.000001
0.000067
0.000518
0.000049
0.000039
0.000540
0.000337
0.000275
0.000123
0.000006
0.000010
0.000000
0.000000
0.000004
0.000169
0.000308
0.000234
0.000151
0.000107
0.000065
0.000127
0.001250
0.000015
0.000010
0.001772
0.000002
0.000000
0.001452
0.008893
0.021415
0.000010
0.026894
0.000195
0.030712
0.005357
0.000597
0.000847
0.000008
0.004725
0.000019
0.000000
0.000069
0.000001
0.000001
0.000001
0.000067
0.000518
0.000049
0.000039
0.000540
0.000337
0.000275
0.000123
0.000006
0.000010
0.000000
0.000000
0.000004
0.000169
0.000308
0.000234
0.000151
0.000107
0.000065
0.000127
0.001250
0.000015
0.000010
0.001772
0.000002
0.000000
0.000154
0.038863
0.002588
0.010667
0.017194
0.011229
0.015389
0.002183
0.000448
0.002136
0.000139
0.000026
0.000108
0.000000
0.000069
0.000001
0.000001
0.000001
0.000067
0.000518
0.000049
0.000039
0.000540
0.000337
0.000275
0.000123
0.000006
0.000010
0.000000
0.000000
0.000004
0.000169
0.000308
0.000234
0.000151
0.000107
0.000065
0.000127
0.001250
0.000015
0.000010
0.001772
0.000002
0.000000
0.000421
0.003865
0.000232
0.042474
0.029978
0.004040
0.017173
0.000553
0.001404
0.000175
0.000402
0.000376
0.000031
0.000000
0.000069
0.000001
0.000001
0.000001
0.000067
0.000518
0.000049
0.000039
0.000540
0.000337
0.000275
0.000123
0.000006
0.000010
0.000000
0.000000
0.000004
0.000169
0.000308
0.000234
0.000151
0.000107
0.000065
0.000127
0.001250
0.000015
0.000010
0.001772
0.000002
0.000000
0.000073
0.002630
0.000099
0.002400
0.006919
0.000025
0.005656
0.036430
0.033840
0.004623
0.001543
0.006566
0.000322
0.000000
0.000069
0.000001
0.000001
0.000001
0.000067
0.000518
0.000049
0.000039
0.000540
0.000337
0.000275
0.000123
0.000006
0.000010
0.000000
0.000000
0.000004
0.000169
0.000308
0.000234
0.000151
0.000107
0.000065
0.000127
0.001250
0.000015
0.000010
0.001772
0.000002
0.000000
0.000202
0.016787
0.012205
0.004807
0.001080
0.001273
0.005328
0.007670
0.001634
0.045049
0.003100
0.001985
0.000006
0.000000
0.000069
0.000001
0.000001
0.000001
0.000067
0.000518
0.000049
0.000039
0.000540
0.000337
0.000275
0.000123
0.000006
0.000010
0.000000
0.000000
0.000004
0.000169
0.000308
0.000234
0.000151
0.000107
0.000065
0.000127
0.001250
0.000015
0.000010
0.001772
0.000002
0.000000
0.000017
0.002075
0.005721
0.013117
0.002760
0.001845
0.000471
0.002154
0.056059
0.000531
0.000497
0.015292
0.000585
0.000001
0.000069
0.000001
0.000001
0.000001
0.000067
0.000518
0.000049
0.000039
0.000540
0.000337
0.000275
0.000123
0.000006
0.000010
0.000000
0.000000
0.000004
0.000169
0.000308
0.000234
0.000151
0.000107
0.000065
0.000127
0.001250
0.000015
0.000010
0.001772
0.000002
0.000000
0.000005
0.000121
0.007085
0.004647
0.011870
0.036289
0.001696
0.026832
0.008595
0.000815
0.001267
0.001694
0.000207
0.000002
0.000069
0.000001
0.000001
0.000001
0.000067
0.000518
0.000049
0.000039
0.000540
0.000337
0.000275
0.000123
0.000006
0.000010
0.000000
0.000000
0.000004
0.000169
0.000308
0.000234
0.000151
0.000107
0.000065
0.000127
0.001250
0.000015
0.000010
0.001772
0.000002
0.000000
0.000004
0.001617
0.000119
0.000698
0.000310
0.001887
0.002568
0.001500
0.000696
0.018930
0.015000
0.000207
0.057571
0.000017
0.000069
0.000001
0.000001
0.000001
0.000067
0.000518
0.000049
0.000039
0.000540
0.000337
0.000275
0.000123
0.000006
0.000010
0.000000
0.000000
0.000004
0.000169
0.000308
0.000234
0.000151
0.000107
0.000065
0.000127
0.001250
0.000015
0.000010
0.001772
0.000002
0.000000
0.000011
0.000945
0.000023
0.000134
0.000018
0.003081
0.003630
0.006692
0.000020
0.004427
0.074743
0.006458
0.000936
0.000005
0.000069
0.000001
0.000001
0.000001
0.000067
0.000518
0.000049
0.000039
0.000540
0.000337
0.000275
0.000123
0.000006
0.000010
0.000000
0.000000
0.000004
0.000169
0.000308
0.000234
0.000151
0.000107
0.000065
0.000127
0.001250
0.000015
0.000010
0.001772
0.000002
0.000000
0.000006
0.001053
0.000028
0.000333
0.000112
0.001678
0.003132
0.000216
0.000042
0.011071
0.003820
0.000468
0.026592
0.052573
0.000069
0.000001
0.000001
0.000001
0.000067
0.000518
0.000049
0.000039
0.000540
0.000337
0.000275
0.000123
0.000006
0.000010
0.000000
0.000000
0.000004
0.000169
0.000308
0.000234
0.000151
0.000107
0.000065
0.000127
0.001250
0.000015
0.000010
0.001772
0.000002
0.000000
0.000006
0.001013
0.000042
0.000302
0.000095
0.001571
0.003032
0.000269
0.000049
0.010708
0.003473
0.000450
0.023161
0.056953
0.000069
0.000001
0.000001
0.000001
0.000067
0.000518
0.000049
0.000039
0.000540
0.000337
0.000275
0.000123
0.000006
0.000010
0.000000
0.000000
0.000003
0.000160
0.000301
0.000244
0.000163
0.000122
0.000119
0.000278
0.000297
0.000166
0.000015
0.023777
0.030867
0.048825
0.000000
0.000000
0.000000
0.000000
0.000000
0.000000
0.000000
0.000000
0.000000
0.000000
0.000000
0.000000
0.000000
0.000000
0.000069
0.000001
0.000001
0.000001
0.000067
0.000518
0.000049
0.000039
0.000540
0.000337
0.000275
0.000123
0.000006
0.000010
0.000000
0.000000
0.000003
0.000161
0.000301
0.000245
0.000163
0.000121
0.000114
0.000265
0.000348
0.000147
0.000013
0.021623
0.021264
0.060569
0.000000
0.000000
0.000000
0.000000
0.000000
0.000000
0.000000
0.000000
0.000000
0.000000
0.000000
0.000000
0.000000
0.000000
0.000069
0.000001
0.000001
0.000001
0.000067
0.000518
0.000049
0.000039
0.000540
0.000337
0.000275
0.000123
0.000006
0.000010
0.000000
0.000000
0.000003
0.000161
0.000302
0.000244
0.000162
0.000121
0.000112
0.000265
0.000343
0.000148
0.000012
0.019915
0.028699
0.000075
0.000038
0.005410
0.008245
0.002566
0.000128
0.019352
0.000095
0.006409
0.001820
0.004845
0.000064
0.005802
0.000000
0.000000
0.000069
0.000001
0.000001
0.000001
0.000067
0.000518
0.000049
0.000039
0.000540
0.000337
0.000275
0.000123
0.000006
0.000010
0.000000
0.000000
0.000003
0.000161
0.000302
0.000244
0.000162
0.000121
0.000112
0.000265
0.000343
0.000148
0.000012
0.019915
0.028699
0.000075
0.000038
0.005410
0.008245
0.002566
0.000128
0.019352
0.000095
0.006409
0.001820
0.004845
0.000064
0.005802
0.000000
0.000000
0.000069
0.000001
0.000001
0.000001
0.000067
0.000518
0.000049
0.009848
0.000003
0.027825
0.002426
0.000079
0.000620
0.011010
0.043096
0.011761
0.000000
0.000000
0.000000
0.000000
0.000000
0.000000
0.000000
0.000000
0.000000
0.000000
0.000000
0.000000
0.000000
0.000000
0.000000
0.000000
0.000000
0.000000
0.000000
0.000000
0.000000
0.000000
0.000000
0.000000
0.000000
0.000000
0.000000
0.000000
0.000069
0.000001
0.000001
0.000001
0.000067
0.000518
0.000049
0.000168
0.012732
0.005816
0.010850
0.000038
0.007796
0.002889
0.009343
0.002261
0.000000
0.000000
0.000000
0.000000
0.000000
0.000000
0.000000
0.000000
0.000000
0.000000
0.000000
0.000000
0.000000
0.000000
0.000297
0.000815
0.003495
0.002348
0.004991
0.003172
0.003161
0.003313
0.001141
0.000251
0.002390
0.029398
0.000004
0.000000
0.000069
0.000001
0.000001
0.000001
0.000067
0.000518
0.000049
0.000168
0.012732
0.005816
0.010850
0.000038
0.007796
0.002889
0.009343
0.002261
0.000000
0.000000
0.000000
0.000000
0.000000
0.000000
0.000000
0.000000
0.000000
0.000000
0.000000
0.000000
0.000000
0.000000
0.000297
0.000815
0.003495
0.002348
0.004991
0.003172
0.003161
0.003313
0.001141
0.000251
0.002390
0.029398
0.000004
0.000000
0.000069
0.000001
0.000001
0.000001
0.000067
0.000518
0.000049
0.001419
0.004742
0.020669
0.000142
0.004183
0.018466
0.055506
0.001064
0.000477
0.000000
0.000000
0.000000
0.000000
0.000000
0.000000
0.000000
0.000000
0.000000
0.000000
0.000000
0.000000
0.000000
0.000000
0.000000
0.000000
0.000000
0.000000
0.000000
0.000000
0.000000
0.000000
0.000000
0.000000
0.000000
0.000000
0.000000
0.000000
0.000069
0.000001
0.000001
0.000001
0.000067
0.000518
0.000049
0.000001
0.005754
0.012343
0.043282
0.013574
0.030282
0.000032
0.001327
0.000075
0.000000
0.000000
0.000000
0.000000
0.000000
0.000000
0.000000
0.000000
0.000000
0.000000
0.000000
0.000000
0.000000
0.000000
0.000000
0.000000
0.000000
0.000000
0.000000
0.000000
0.000000
0.000000
0.000000
0.000000
0.000000
0.000000
0.000000
0.000000
0.000069
0.000001
0.000001
0.000001
0.000067
0.000518
0.000049
0.010043
0.012056
0.000206
0.005692
0.000026
0.002397
0.002306
0.000726
0.000181
0.000511
0.011272
0.004019
0.000140
0.002173
0.008878
0.003486
0.006049
0.008438
0.027503
0.000565
0.000001
0.000000
0.000000
0.000000
0.000000
0.000000
0.000000
0.000000
0.000000
0.000000
0.000000
0.000000
0.000000
0.000000
0.000000
0.000000
0.000000
0.000069
0.000001
0.000001
0.000001
0.000067
0.000518
0.000049
0.010043
0.012056
0.000206
0.005692
0.000026
0.002397
0.002306
0.000726
0.000181
0.000000
0.000351
0.000384
0.004596
0.003107
0.000554
0.000167
0.000271
0.003424
0.014895
0.045237
0.000047
0.000000
0.000000
0.000000
0.000000
0.000000
0.000000
0.000000
0.000000
0.000000
0.000000
0.000000
0.000000
0.000000
0.000000
0.000000
0.000000
0.000069
0.000001
0.000001
0.000001
0.000067
0.000518
0.000049
0.010043
0.012056
0.000206
0.005692
0.000026
0.002397
0.002306
0.000726
0.000181
0.000530
0.007645
0.006888
0.003131
0.000083
0.004996
0.002127
0.008880
0.001112
0.001918
0.035689
0.000035
0.000000
0.000000
0.000000
0.000000
0.000000
0.000000
0.000000
0.000000
0.000000
0.000000
0.000000
0.000000
0.000000
0.000000
0.000000
0.000000
0.000069
0.000001
0.000001
0.000001
0.000067
0.000518
0.000049
0.005965
0.007535
0.005407
0.008214
0.017211
0.024145
0.016135
0.014958
0.007099
0.000000
0.000000
0.000000
0.000000
0.000000
0.000000
0.000000
0.000000
0.000000
0.000000
0.000000
0.000000
0.000000
0.000000
0.000000
0.000000
0.000000
0.000000
0.000000
0.000000
0.000000
0.000000
0.000000
0.000000
0.000000
0.000000
0.000000
0.000000
0.000069
0.000001
0.000001
0.000001
0.000067
0.000518
0.000049
0.000198
0.000165
0.000093
0.001137
0.035033
0.008674
0.007750
0.022293
0.031326
0.000000
0.000000
0.000000
0.000000
0.000000
0.000000
0.000000
0.000000
0.000000
0.000000
0.000000
0.000000
0.000000
0.000000
0.000000
0.000000
0.000000
0.000000
0.000000
0.000000
0.000000
0.000000
0.000000
0.000000
0.000000
0.000000
0.000000
0.000000
0.000069
0.000001
0.000001
0.000001
0.000067
0.000518
0.000049
0.000080
0.000046
0.000128
0.001064
0.035495
0.004135
0.006140
0.005865
0.053715
0.000000
0.000000
0.000000
0.000000
0.000000
0.000000
0.000000
0.000000
0.000000
0.000000
0.000000
0.000000
0.000000
0.000000
0.000000
0.000000
0.000000
0.000000
0.000000
0.000000
0.000000
0.000000
0.000000
0.000000
0.000000
0.000000
0.000000
0.000000
0.000069
