0.529562
0.001505
0.135708
0.166552
0.000006
0.165385
0.000000
0.000000
0.000000
0.000000
0.000000
0.000000
0.000000
0.000000
0.000000
0.000000
0.000000
0.000000
0.000000
0.000000
0.000000
0.000000
0.000000
0.000000
0.000000
0.000000
0.000000
0.000000
0.000000
0.000000
0.000000
0.000000
0.000000
0.000000
0.000000
0.000000
0.000000
0.000000
0.000000
0.000000
0.000000
0.000000
0.000000
0.001282
0.183109
0.017837
0.031740
0.034487
0.566161
0.165385
0.000000
0.000000
0.000000
0.000000
0.000000
0.000000
0.000000
0.000000
0.000000
0.000000
0.000000
0.000000
0.000000
0.000000
0.000000
0.000000
0.000000
0.000000
0.000000
0.000000
0.000000
0.000000
0.000000
0.000000
0.000000
0.000000
0.000000
0.000000
0.000000
0.000000
0.000000
0.000000
0.000000
0.000000
0.000000
0.000000
0.000000
0.001282
0.133763
0.011561
0.204458
0.410261
0.073290
0.165385
0.000000
0.000000
0.000000
0.000000
0.000000
0.000000
0.000000
0.000000
0.000000
0.000000
0.000000
0.000000
0.000000
0.000000
0.000000
0.000000
0.000000
0.000000
0.000000
0.000000
0.000000
0.000000
0.000000
0.000000
0.000000
0.000000
0.000000
0.000000
0.000000
0.000000
0.000000
0.000000
0.000000
0.000000
0.000000
0.000000
0.000000
0.001282
0.069635
0.678020
0.000019
0.018191
0.067468
0.165385
0.000000
0.000000
0.000000
0.000000
0.000000
0.000000
0.000000
0.000000
0.000000
0.000000
0.000000
0.000000
0.000000
0.000000
0.000000
0.000000
0.000000
0.000000
0.000000
0.000000
0.000000
0.000000
0.000000
0.000000
0.000000
0.000000
0.000000
0.000000
0.000000
0.000000
0.000000
0.000000
0.000000
0.000000
0.000000
0.000000
0.000000
0.001282
0.025725
0.176546
0.369164
0.147503
0.114395
0.165385
0.000000
0.000000
0.000000
0.000000
0.000000
0.000000
0.000000
0.000000
0.000000
0.000000
0.000000
0.000000
0.000000
0.000000
0.000000
0.000000
0.000000
0.000000
0.000000
0.000000
0.000000
0.000000
0.000000
0.000000
0.000000
0.000000
0.000000
0.000000
0.000000
0.000000
0.000000
0.000000
0.000000
0.000000
0.000000
0.000000
0.000000
0.001282
0.058207
0.114532
0.258911
0.223005
0.178679
0.165385
0.000000
0.000000
0.000000
0.000000
0.000000
0.000000
0.000000
0.000000
0.000000
0.000000
0.000000
0.000000
0.000000
0.000000
0.000000
0.000000
0.000000
0.000000
0.000000
0.000000
0.000000
0.000000
0.000000
0.000000
0.000000
0.000000
0.000000
0.000000
0.000000
0.000000
0.000000
0.000000
0.000000
0.000000
0.000000
0.000000
0.000000
0.001282
0.000000
0.000000
0.000000
0.000000
0.000000
0.000202
0.552877
0.142696
0.201582
0.067116
0.005611
0.002707
0.000087
0.000698
0.000309
0.000000
0.000000
0.000000
0.000000
0.000000
0.000000
0.000000
0.000000
0.000000
0.000000
0.000000
0.000000
0.000000
0.000000
0.000000
0.000000
0.000000
0.000000
0.000000
0.000000
0.000000
0.000000
0.000000
0.000000
0.000000
0.000000
0.000000
0.000000
0.026113
0.000000
0.000000
0.000000
0.000000
0.000000
0.000202
0.000353
0.004931
0.003072
0.002513
0.001126
0.000052
0.000096
0.000003
0.000000
0.676749
0.101592
0.062533
0.090648
0.002127
0.000271
0.003762
0.000210
0.003069
0.020399
0.000177
0.000001
0.000000
0.000000
0.000000
0.000000
0.000000
0.000000
0.000000
0.000000
0.000000
0.000000
0.000000
0.000000
0.000000
0.000000
0.000000
0.000000
0.026113
0.000000
0.000000
0.000000
0.000000
0.000000
0.000202
0.000353
0.004931
0.003072
0.002513
0.001126
0.000052
0.000096
0.000003
0.000000
0.000844
0.026638
0.261864
0.175590
0.438519
0.002463
0.004452
0.032845
0.006074
0.005620
0.006625
0.000005
0.000000
0.000000
0.000000
0.000000
0.000000
0.000000
0.000000
0.000000
0.000000
0.000000
0.000000
0.000000
0.000000
0.000000
0.000000
0.000000
0.026113
0.000000
0.000000
0.000000
0.000000
0.000000
0.000202
0.000353
0.004931
0.003072
0.002513
0.001126
0.000052
0.000096
0.000003
0.000000
0.093259
0.140025
0.344979
0.330409
0.045816
0.000064
0.003885
0.001516
0.000157
0.001163
0.000265
0.000002
0.000000
0.000000
0.000000
0.000000
0.000000
0.000000
0.000000
0.000000
0.000000
0.000000
0.000000
0.000000
0.000000
0.000000
0.000000
0.000000
0.026113
0.000000
0.000000
0.000000
0.000000
0.000000
0.000202
0.000353
0.004931
0.003072
0.002513
0.001126
0.000052
0.000096
0.000003
0.000000
0.164060
0.348636
0.008106
0.082420
0.098806
0.152741
0.005645
0.017184
0.005523
0.078383
0.000032
0.000000
0.000000
0.000000
0.000000
0.000000
0.000000
0.000000
0.000000
0.000000
0.000000
0.000000
0.000000
0.000000
0.000000
0.000000
0.000000
0.000000
0.026113
0.000000
0.000000
0.000000
0.000000
0.000000
0.000202
0.000353
0.004931
0.003072
0.002513
0.001126
0.000052
0.000096
0.000003
0.000000
0.052552
0.110785
0.021981
0.040938
0.115992
0.317915
0.097306
0.059857
0.021840
0.057633
0.064648
0.000091
0.000000
0.000000
0.000000
0.000000
0.000000
0.000000
0.000000
0.000000
0.000000
0.000000
0.000000
0.000000
0.000000
0.000000
0.000000
0.000000
0.026113
0.000000
0.000000
0.000000
0.000000
0.000000
0.000202
0.000353
0.004931
0.003072
0.002513
0.001126
0.000052
0.000096
0.000003
0.000000
0.001740
0.026908
0.003324
0.010219
0.001993
0.014161
0.044499
0.629145
0.007643
0.137789
0.084020
0.000097
0.000000
0.000000
0.000000
0.000000
0.000000
0.000000
0.000000
0.000000
0.000000
0.000000
0.000000
0.000000
0.000000
0.000000
0.000000
0.000000
0.026113
0.000000
0.000000
0.000000
0.000000
0.000000
0.000202
0.000353
0.004931
0.003072
0.002513
0.001126
0.000052
0.000096
0.000003
0.000000
0.000718
0.041401
0.144070
0.132991
0.211541
0.352538
0.000121
0.000046
0.017867
0.013371
0.046842
0.000030
0.000000
0.000000
0.000000
0.000000
0.000000
0.000000
0.000000
0.000000
0.000000
0.000000
0.000000
0.000000
0.000000
0.000000
0.000000
0.000000
0.026113
0.000000
0.000000
0.000000
0.000000
0.000000
0.000202
0.000353
0.004931
0.003072
0.002513
0.001126
0.000052
0.000096
0.000003
0.000000
0.000012
0.001059
0.001109
0.024579
0.008554
0.002999
0.741372
0.008494
0.060939
0.061057
0.051260
0.000104
0.000000
0.000000
0.000000
0.000000
0.000000
0.000000
0.000000
0.000000
0.000000
0.000000
0.000000
0.000000
0.000000
0.000000
0.000000
0.000000
0.026113
0.000000
0.000000
0.000000
0.000000
0.000000
0.000202
0.000353
0.004931
0.003072
0.002513
0.001126
0.000052
0.000096
0.000003
0.000000
0.000011
0.001122
0.001457
0.003699
0.003867
0.008065
0.034366
0.087098
0.597940
0.212704
0.000572
0.010632
0.000000
0.000004
0.000000
0.000000
0.000000
0.000000
0.000000
0.000000
0.000000
0.000000
0.000000
0.000000
0.000000
0.000000
0.000000
0.000000
0.026113
0.000000
0.000000
0.000000
0.000000
0.000000
0.000202
0.000353
0.004931
0.003072
0.002513
0.001126
0.000052
0.000096
0.000003
0.000000
0.000032
0.001545
0.002809
0.002137
0.001377
0.000973
0.000589
0.001159
0.011412
0.000139
0.000094
0.016176
0.000015
0.000004
0.419455
0.141560
0.186135
0.097367
0.000038
0.008789
0.056168
0.000928
0.001999
0.000429
0.004247
0.005906
0.000056
0.000000
0.026113
0.000000
0.000000
0.000000
0.000000
0.000000
0.000202
0.000353
0.004931
0.003072
0.002513
0.001126
0.000052
0.000096
0.000003
0.000000
0.000032
0.001545
0.002809
0.002137
0.001377
0.000973
0.000589
0.001159
0.011412
0.000139
0.000094
0.016176
0.000015
0.000004
0.552970
0.034080
0.147170
0.086408
0.018975
0.003880
0.073927
0.001368
0.000255
0.000005
0.001705
0.002332
0.000002
0.000000
0.026113
0.000000
0.000000
0.000000
0.000000
0.000000
0.000202
0.000353
0.004931
0.003072
0.002513
0.001126
0.000052
0.000096
0.000003
0.000000
0.000032
0.001545
0.002809
0.002137
0.001377
0.000973
0.000589
0.001159
0.011412
0.000139
0.000094
0.016176
0.000015
0.000004
0.013256
0.081177
0.195481
0.000088
0.245489
0.001778
0.280341
0.048901
0.005453
0.007731
0.000076
0.043134
0.000173
0.000000
0.026113
0.000000
0.000000
0.000000
0.000000
0.000000
0.000202
0.000353
0.004931
0.003072
0.002513
0.001126
0.000052
0.000096
0.000003
0.000000
0.000032
0.001545
0.002809
0.002137
0.001377
0.000973
0.000589
0.001159
0.011412
0.000139
0.000094
0.016176
0.000015
0.000004
0.001405
0.354743
0.023626
0.097369
0.156949
0.102504
0.140476
0.019923
0.004086
0.019500
0.001273
0.000237
0.000985
0.000001
0.026113
0.000000
0.000000
0.000000
0.000000
0.000000
0.000202
0.000353
0.004931
0.003072
0.002513
0.001126
0.000052
0.000096
0.000003
0.000000
0.000032
0.001545
0.002809
0.002137
0.001377
0.000973
0.000589
0.001159
0.011412
0.000139
0.000094
0.016176
0.000015
0.000004
0.003844
0.035276
0.002116
0.387706
0.273647
0.036879
0.156759
0.005049
0.012819
0.001601
0.003669
0.003432
0.000280
0.000001
0.026113
0.000000
0.000000
0.000000
0.000000
0.000000
0.000202
0.000353
0.004931
0.003072
0.002513
0.001126
0.000052
0.000096
0.000003
0.000000
0.000032
0.001545
0.002809
0.002137
0.001377
0.000973
0.000589
0.001159
0.011412
0.000139
0.000094
0.016176
0.000015
0.000004
0.000664
0.024008
0.000905
0.021907
0.063156
0.000226
0.051627
0.332534
0.308894
0.042198
0.014082
0.059938
0.002936
0.000001
0.026113
0.000000
0.000000
0.000000
0.000000
0.000000
0.000202
0.000353
0.004931
0.003072
0.002513
0.001126
0.000052
0.000096
0.000003
0.000000
0.000032
0.001545
0.002809
0.002137
0.001377
0.000973
0.000589
0.001159
0.011412
0.000139
0.000094
0.016176
0.000015
0.000004
0.001840
0.153234
0.111405
0.043879
0.009858
0.011623
0.048632
0.070011
0.014916
0.411212
0.028294
0.018120
0.000053
0.000000
0.026113
0.000000
0.000000
0.000000
0.000000
0.000000
0.000202
0.000353
0.004931
0.003072
0.002513
0.001126
0.000052
0.000096
0.000003
0.000000
0.000032
0.001545
0.002809
0.002137
0.001377
0.000973
0.000589
0.001159
0.011412
0.000139
0.000094
0.016176
0.000015
0.000004
0.000157
0.018937
0.052225
0.119735
0.025198
0.016845
0.004296
0.019662
0.511718
0.004843
0.004534
0.139585
0.005336
0.000005
0.026113
0.000000
0.000000
0.000000
0.000000
0.000000
0.000202
0.000353
0.004931
0.003072
0.002513
0.001126
0.000052
0.000096
0.000003
0.000000
0.000032
0.001545
0.002809
0.002137
0.001377
0.000973
0.000589
0.001159
0.011412
0.000139
0.000094
0.016176
0.000015
0.000004
0.000045
0.001102
0.064675
0.042421
0.108353
0.331248
0.015477
0.244931
0.078455
0.007438
0.011562
0.015462
0.001889
0.000019
0.026113
0.000000
0.000000
0.000000
0.000000
0.000000
0.000202
0.000353
0.004931
0.003072
0.002513
0.001126
0.000052
0.000096
0.000003
0.000000
0.000032
0.001545
0.002809
0.002137
0.001377
0.000973
0.000589
0.001159
0.011412
0.000139
0.000094
0.016176
0.000015
0.000004
0.000035
0.014758
0.001084
0.006370
0.002832
0.017222
0.023444
0.013694
0.006352
0.172799
0.136920
0.001894
0.525515
0.000157
0.026113
0.000000
0.000000
0.000000
0.000000
0.000000
0.000202
0.000353
0.004931
0.003072
0.002513
0.001126
0.000052
0.000096
0.000003
0.000000
0.000032
0.001545
0.002809
0.002137
0.001377
0.000973
0.000589
0.001159
0.011412
0.000139
0.000094
0.016176
0.000015
0.000004
0.000105
0.008629
0.000209
0.001228
0.000166
0.028128
0.033139
0.061083
0.000178
0.040408
0.682262
0.058953
0.008545
0.000044
0.026113
0.000000
0.000000
0.000000
0.000000
0.000000
0.000202
0.000353
0.004931
0.003072
0.002513
0.001126
0.000052
0.000096
0.000003
0.000000
0.000032
0.001545
0.002809
0.002137
0.001377
0.000973
0.000589
0.001159
0.011412
0.000139
0.000094
0.016176
0.000015
0.000004
0.000056
0.009611
0.000260
0.003040
0.001019
0.015319
0.028593
0.001974
0.000379
0.101058
0.034867
0.004272
0.242735
0.479894
0.026113
0.000000
0.000000
0.000000
0.000000
0.000000
0.000202
0.000353
0.004931
0.003072
0.002513
0.001126
0.000052
0.000096
0.000003
0.000000
0.000032
0.001545
0.002809
0.002137
0.001377
0.000973
0.000589
0.001159
0.011412
0.000139
0.000094
0.016176
0.000015
0.000004
0.000052
0.009243
0.000386
0.002761
0.000870
0.014344
0.027677
0.002457
0.000445
0.097740
0.031700
0.004107
0.211421
0.519872
0.026113
0.000000
0.000000
0.000000
0.000000
0.000000
0.000202
0.000353
0.004931
0.003072
0.002513
0.001126
0.000052
0.000096
0.000003
0.000000
0.000032
0.001465
0.002744
0.002230
0.001487
0.001112
0.001087
0.002540
0.002714
0.001514
0.000137
0.217036
0.281759
0.445682
0.000000
0.000000
0.000000
0.000000
0.000000
0.000000
0.000000
0.000000
0.000000
0.000000
0.000000
0.000000
0.000000
0.000000
0.026113
0.000000
0.000000
0.000000
0.000000
0.000000
0.000202
0.000353
0.004931
0.003072
0.002513
0.001126
0.000052
0.000096
0.000003
0.000000
0.000032
0.001466
0.002748
0.002232
0.001490
0.001109
0.001039
0.002416
0.003178
0.001342
0.000120
0.197378
0.194103
0.552885
0.000000
0.000000
0.000000
0.000000
0.000000
0.000000
0.000000
0.000000
0.000000
0.000000
0.000000
0.000000
0.000000
0.000000
0.026113
0.000000
0.000000
0.000000
0.000000
0.000000
0.000202
0.000353
0.004931
0.003072
0.002513
0.001126
0.000052
0.000096
0.000003
0.000000
0.000032
0.001467
0.002753
0.002224
0.001478
0.001104
0.001027
0.002420
0.003132
0.001347
0.000109
0.181788
0.261969
0.000689
0.000345
0.049379
0.075262
0.023424
0.001168
0.176652
0.000868
0.058503
0.016612
0.044229
0.000588
0.052965
0.000004
0.000002
0.026113
0.000000
0.000000
0.000000
0.000000
0.000000
0.000202
0.000353
0.004931
0.003072
0.002513
0.001126
0.000052
0.000096
0.000003
0.000000
0.000032
0.001467
0.002753
0.002224
0.001478
0.001104
0.001027
0.002420
0.003132
0.001347
0.000109
0.181788
0.261969
0.000689
0.000345
0.049379
0.075262
0.023424
0.001168
0.176652
0.000868
0.058503
0.016612
0.044229
0.000588
0.052965
0.000004
0.000002
0.026113
0.000000
0.000000
0.000000
0.000000
0.000000
0.000202
0.089895
0.000025
0.253993
0.022144
0.000719
0.005659
0.100505
0.393390
0.107354
0.000000
0.000000
0.000000
0.000000
0.000000
0.000000
0.000000
0.000000
0.000000
0.000000
0.000000
0.000000
0.000000
0.000000
0.000000
0.000000
0.000000
0.000000
0.000000
0.000000
0.000000
0.000000
0.000000
0.000000
0.000000
0.000000
0.000000
0.000000
0.026113
0.000000
0.000000
0.000000
0.000000
0.000000
0.000202
0.001538
0.116217
0.053092
0.099040
0.000344
0.071160
0.026368
0.085282
0.020642
0.000000
0.000000
0.000000
0.000000
0.000000
0.000000
0.000000
0.000000
0.000000
0.000000
0.000000
0.000000
0.000000
0.000000
0.002713
0.007442
0.031900
0.021437
0.045557
0.028956
0.028853
0.030240
0.010413
0.002290
0.021816
0.268349
0.000032
0.000001
0.026113
0.000000
0.000000
0.000000
0.000000
0.000000
0.000202
0.001538
0.116217
0.053092
0.099040
0.000344
0.071160
0.026368
0.085282
0.020642
0.000000
0.000000
0.000000
0.000000
0.000000
0.000000
0.000000
0.000000
0.000000
0.000000
0.000000
0.000000
0.000000
0.000000
0.002713
0.007442
0.031900
0.021437
0.045557
0.028956
0.028853
0.030240
0.010413
0.002290
0.021816
0.268349
0.000032
0.000001
0.026113
0.000000
0.000000
0.000000
0.000000
0.000000
0.000202
0.012957
0.043282
0.188674
0.001293
0.038181
0.168562
0.506670
0.009711
0.004354
0.000000
0.000000
0.000000
0.000000
0.000000
0.000000
0.000000
0.000000
0.000000
0.000000
0.000000
0.000000
0.000000
0.000000
0.000000
0.000000
0.000000
0.000000
0.000000
0.000000
0.000000
0.000000
0.000000
0.000000
0.000000
0.000000
0.000000
0.000000
0.026113
0.000000
0.000000
0.000000
0.000000
0.000000
0.000202
0.000008
0.052522
0.112665
0.395083
0.123901
0.276420
0.000294
0.012109
0.000682
0.000000
0.000000
0.000000
0.000000
0.000000
0.000000
0.000000
0.000000
0.000000
0.000000
0.000000
0.000000
0.000000
0.000000
0.000000
0.000000
0.000000
0.000000
0.000000
0.000000
0.000000
0.000000
0.000000
0.000000
0.000000
0.000000
0.000000
0.000000
0.026113
0.000000
0.000000
0.000000
0.000000
0.000000
0.000202
0.091677
0.110047
0.001883
0.051957
0.000241
0.021885
0.021052
0.006626
0.001651
0.004667
0.102889
0.036688
0.001278
0.019832
0.081040
0.031817
0.055212
0.077025
0.251050
0.005160
0.000009
0.000000
0.000000
0.000000
0.000000
0.000000
0.000000
0.000000
0.000000
0.000000
0.000000
0.000000
0.000000
0.000000
0.000000
0.000000
0.000000
0.026113
0.000000
0.000000
0.000000
0.000000
0.000000
0.000202
0.091677
0.110047
0.001883
0.051957
0.000241
0.021885
0.021052
0.006626
0.001651
0.000002
0.003203
0.003506
0.041950
0.028361
0.005059
0.001524
0.002474
0.031259
0.135965
0.412932
0.000433
0.000000
0.000000
0.000000
0.000000
0.000000
0.000000
0.000000
0.000000
0.000000
0.000000
0.000000
0.000000
0.000000
0.000000
0.000000
0.000000
0.026113
0.000000
0.000000
0.000000
0.000000
0.000000
0.000202
0.091677
0.110047
0.001883
0.051957
0.000241
0.021885
0.021052
0.006626
0.001651
0.004842
0.069786
0.062876
0.028582
0.000761
0.045604
0.019414
0.081059
0.010147
0.017507
0.325771
0.000319
0.000000
0.000000
0.000000
0.000000
0.000000
0.000000
0.000000
0.000000
0.000000
0.000000
0.000000
0.000000
0.000000
0.000000
0.000000
0.000000
0.026113
0.000000
0.000000
0.000000
0.000000
0.000000
0.000202
0.054449
0.068778
0.049360
0.074977
0.157102
0.220398
0.147282
0.136535
0.064803
0.000000
0.000000
0.000000
0.000000
0.000000
0.000000
0.000000
0.000000
0.000000
0.000000
0.000000
0.000000
0.000000
0.000000
0.000000
0.000000
0.000000
0.000000
0.000000
0.000000
0.000000
0.000000
0.000000
0.000000
0.000000
0.000000
0.000000
0.000000
0.026113
0.000000
0.000000
0.000000
0.000000
0.000000
0.000202
0.001803
0.001506
0.000849
0.010375
0.319788
0.079179
0.070740
0.203497
0.285946
0.000000
0.000000
0.000000
0.000000
0.000000
0.000000
0.000000
0.000000
0.000000
0.000000
0.000000
0.000000
0.000000
0.000000
0.000000
0.000000
0.000000
0.000000
0.000000
0.000000
0.000000
0.000000
0.000000
0.000000
0.000000
0.000000
0.000000
0.000000
0.026113
0.000000
0.000000
0.000000
0.000000
0.000000
0.000202
0.000734
0.000420
0.001166
0.009716
0.324006
0.037741
0.056046
0.053541
0.490314
0.000000
0.000000
0.000000
0.000000
0.000000
0.000000
0.000000
0.000000
0.000000
0.000000
0.000000
0.000000
0.000000
0.000000
0.000000
0.000000
0.000000
0.000000
0.000000
0.000000
0.000000
0.000000
0.000000
0.000000
0.000000
0.000000
0.000000
0.000000
0.026113
