0.457801
0.526694
0.003610
0.009606
0.000308
0.000870
0.000925
0.000049
0.000000
0.000122
0.000005
0.000009
0.000000
0.000000
0.000000
0.000000
0.000000
0.000000
0.000000
0.000000
0.000000
0.000000
0.000000
0.000000
0.000000
0.000000
0.000000
0.000000
0.000000
0.000000
0.000000
0.000000
0.000000
0.000000
0.000000
0.000000
0.000000
0.000000
0.000000
0.000000
0.000000
0.000000
0.000000
0.000000
0.467089
0.179788
0.003345
0.224544
0.007355
0.107648
0.008868
0.000092
0.000022
0.001169
0.000019
0.000059
0.000000
0.000000
0.000000
0.000000
0.000000
0.000000
0.000000
0.000000
0.000000
0.000000
0.000000
0.000000
0.000000
0.000000
0.000000
0.000000
0.000000
0.000000
0.000000
0.000000
0.000000
0.000000
0.000000
0.000000
0.000000
0.000000
0.000000
0.000000
0.000000
0.000000
0.000000
0.000000
0.825914
0.001296
0.003891
0.059503
0.000927
0.101637
0.006024
0.000092
0.000091
0.000515
0.000080
0.000031
0.000000
0.000000
0.000000
0.000000
0.000000
0.000000
0.000000
0.000000
0.000000
0.000000
0.000000
0.000000
0.000000
0.000000
0.000000
0.000000
0.000000
0.000000
0.000000
0.000000
0.000000
0.000000
0.000000
0.000000
0.000000
0.000000
0.000000
0.000000
0.000000
0.000000
0.000000
0.000000
0.921677
0.039885
0.000602
0.000849
0.018769
0.000126
0.014764
0.000168
0.002514
0.000281
0.000358
0.000007
0.000000
0.000000
0.000000
0.000000
0.000000
0.000000
0.000000
0.000000
0.000000
0.000000
0.000000
0.000000
0.000000
0.000000
0.000000
0.000000
0.000000
0.000000
0.000000
0.000000
0.000000
0.000000
0.000000
0.000000
0.000000
0.000000
0.000000
0.000000
0.000000
0.000000
0.000000
0.000000
0.037812
0.539869
0.060175
0.358503
0.000031
0.000009
0.000052
0.000000
0.003423
0.000035
0.000000
0.000087
0.000004
0.000000
0.000000
0.000000
0.000000
0.000000
0.000000
0.000000
0.000000
0.000000
0.000000
0.000000
0.000000
0.000000
0.000000
0.000000
0.000000
0.000000
0.000000
0.000000
0.000000
0.000000
0.000000
0.000000
0.000000
0.000000
0.000000
0.000000
0.000000
0.000000
0.000000
0.000000
0.952425
0.034729
0.000015
0.000047
0.007382
0.000031
0.000982
0.000688
0.003388
0.000102
0.000066
0.000146
0.000001
0.000000
0.000000
0.000000
0.000000
0.000000
0.000000
0.000000
0.000000
0.000000
0.000000
0.000000
0.000000
0.000000
0.000000
0.000000
0.000000
0.000000
0.000000
0.000000
0.000000
0.000000
0.000000
0.000000
0.000000
0.000000
0.000000
0.000000
0.000000
0.000000
0.000000
0.000000
0.208089
0.360669
0.055120
0.356576
0.000006
0.000653
0.011277
0.003044
0.003853
0.000643
0.000065
0.000002
0.000002
0.000000
0.000000
0.000000
0.000000
0.000000
0.000000
0.000000
0.000000
0.000000
0.000000
0.000000
0.000000
0.000000
0.000000
0.000000
0.000000
0.000000
0.000000
0.000000
0.000000
0.000000
0.000000
0.000000
0.000000
0.000000
0.000000
0.000000
0.000000
0.000000
0.000000
0.000000
0.988130
0.002603
0.008355
0.000189
0.000707
0.000004
0.000011
0.000001
0.000000
0.000000
0.000000
0.000000
0.000000
0.000000
0.000000
0.000000
0.000000
0.000000
0.000000
0.000000
0.000000
0.000000
0.000000
0.000000
0.000000
0.000000
0.000000
0.000000
0.000000
0.000000
0.000000
0.000000
0.000000
0.000000
0.000000
0.000000
0.000000
0.000000
0.000000
0.000000
0.000000
0.000000
0.000000
0.000000
0.595846
0.017178
0.175862
0.007656
0.187824
0.001683
0.000380
0.012588
0.000572
0.000189
0.000215
0.000008
0.000000
0.000000
0.000000
0.000000
0.000000
0.000000
0.000000
0.000000
0.000000
0.000000
0.000000
0.000000
0.000000
0.000000
0.000000
0.000000
0.000000
0.000000
0.000000
0.000000
0.000000
0.000000
0.000000
0.000000
0.000000
0.000000
0.000000
0.000000
0.000000
0.000000
0.000000
0.000000
0.778910
0.043377
0.085250
0.005449
0.069457
0.000856
0.004029
0.011931
0.000465
0.000041
0.000232
0.000003
0.000000
0.000000
0.000000
0.000000
0.000000
0.000000
0.000000
0.000000
0.000000
0.000000
0.000000
0.000000
0.000000
0.000000
0.000000
0.000000
0.000000
0.000000
0.000000
0.000000
0.000000
0.000000
0.000000
0.000000
0.000000
0.000000
0.000000
0.000000
0.000000
0.000000
0.000000
0.000000
0.938900
0.050821
0.000421
0.000047
0.002686
0.000572
0.002060
0.000281
0.000019
0.003297
0.000873
0.000023
0.000000
0.000000
0.000000
0.000000
0.000000
0.000000
0.000000
0.000000
0.000000
0.000000
0.000000
0.000000
0.000000
0.000000
0.000000
0.000000
0.000000
0.000000
0.000000
0.000000
0.000000
0.000000
0.000000
0.000000
0.000000
0.000000
0.000000
0.000000
0.000000
0.000000
0.000000
0.000000
0.911596
0.076141
0.000117
0.000421
0.006230
0.000004
0.000066
0.000340
0.000212
0.001015
0.003745
0.000112
0.000000
0.000000
0.000000
0.000000
0.000000
0.000000
0.000000
0.000000
0.000000
0.000000
0.000000
0.000000
0.000000
0.000000
0.000000
0.000000
0.000000
0.000000
0.000000
0.000000
0.000000
0.000000
0.000000
0.000000
0.000000
0.000000
0.000000
0.000000
0.000000
0.000000
0.000000
0.000000
0.944873
0.048136
0.000001
0.000275
0.004987
0.000001
0.000002
0.000030
0.000287
0.000305
0.000267
0.000836
0.000000
0.000000
0.000000
0.000000
0.000000
0.000000
0.000000
0.000000
0.000000
0.000000
0.000000
0.000000
0.000000
0.000000
0.000000
0.000000
0.000000
0.000000
0.000000
0.000000
0.000000
0.000000
0.000000
0.000000
0.000000
0.000000
0.000000
0.000000
0.000000
0.000000
0.000000
0.000000
0.848254
0.092456
0.055548
0.001287
0.002426
0.000006
0.000019
0.000002
0.000001
0.000000
0.000001
0.000000
0.000000
0.000000
0.000000
0.000000
0.000000
0.000000
0.000000
0.000000
0.000000
0.000000
0.000000
0.000000
0.000000
0.000000
0.000000
0.000000
0.000000
0.000000
0.000000
0.000000
0.000000
0.000000
0.000000
0.000000
0.000000
0.000000
0.000000
0.000000
0.000000
0.000000
0.000000
0.000000
0.000000
0.000000
0.000016
0.000043
0.000012
0.000817
0.000022
0.000038
0.000008
0.000000
0.000038
0.000072
0.000857
0.012438
0.006709
0.004235
0.000497
0.008231
0.070205
0.000387
0.008761
0.001113
0.035574
0.081766
0.008024
0.137415
0.079118
0.007398
0.000014
0.000000
0.000000
0.000000
0.000000
0.000000
0.000000
0.000000
0.000000
0.000000
0.000000
0.000000
0.000000
0.000000
0.000000
0.000032
0.000000
0.000000
0.000016
0.000043
0.000012
0.000817
0.000022
0.000038
0.000008
0.000000
0.000038
0.000072
0.000857
0.012438
0.005848
0.002487
0.000068
0.000024
0.000007
0.000736
0.001401
0.000334
0.000002
0.001597
0.001605
0.000080
0.002835
0.000687
0.000001
0.277749
0.095461
0.029136
0.002902
0.000020
0.002220
0.000311
0.003195
0.016818
0.001102
0.000537
0.001061
0.001111
0.000111
0.000032
0.000000
0.000000
0.000016
0.000043
0.000012
0.000817
0.000022
0.000038
0.000008
0.000000
0.000038
0.000072
0.000857
0.012438
0.005848
0.002487
0.000068
0.000024
0.000007
0.000736
0.001401
0.000334
0.000002
0.001597
0.001605
0.000080
0.002835
0.000687
0.000001
0.003377
0.043159
0.006402
0.028548
0.058018
0.212326
0.000111
0.008144
0.041125
0.006072
0.009239
0.003564
0.005221
0.006431
0.000032
0.000000
0.000000
0.000016
0.000043
0.000012
0.000817
0.000022
0.000038
0.000008
0.000000
0.000038
0.000072
0.000857
0.012438
0.005848
0.002487
0.000068
0.000024
0.000007
0.000736
0.001401
0.000334
0.000002
0.001597
0.001605
0.000080
0.002835
0.000687
0.000001
0.020197
0.026224
0.000029
0.188009
0.004286
0.051083
0.002420
0.012119
0.067578
0.025441
0.000973
0.016842
0.012087
0.004448
0.000032
0.000000
0.000000
0.000016
0.000043
0.000012
0.000817
0.000022
0.000038
0.000008
0.000000
0.000038
0.000072
0.000857
0.012438
0.005848
0.002487
0.000068
0.000024
0.000007
0.000736
0.001401
0.000334
0.000002
0.001597
0.001605
0.000080
0.002835
0.000687
0.000001
0.045166
0.034959
0.067973
0.036583
0.000121
0.018152
0.013861
0.085503
0.066379
0.030714
0.000716
0.024228
0.006221
0.001159
0.000032
0.000000
0.000000
0.000016
0.000043
0.000012
0.000817
0.000022
0.000038
0.000008
0.000000
0.000038
0.000072
0.000857
0.012438
0.005848
0.002487
0.000068
0.000024
0.000007
0.000736
0.001401
0.000334
0.000002
0.001597
0.001605
0.000080
0.002835
0.000687
0.000001
0.074189
0.078066
0.032243
0.063401
0.008714
0.035051
0.009996
0.051085
0.014434
0.002946
0.055805
0.000936
0.002371
0.002496
0.000032
0.000000
0.000000
0.000016
0.000043
0.000012
0.000817
0.000022
0.000038
0.000008
0.000000
0.000038
0.000072
0.000857
0.012438
0.005848
0.002487
0.000068
0.000024
0.000007
0.000736
0.001401
0.000334
0.000002
0.001597
0.001605
0.000080
0.002835
0.000687
0.000001
0.011879
0.004148
0.039984
0.088784
0.023461
0.023057
0.014448
0.025478
0.136121
0.002115
0.007800
0.008541
0.034980
0.010938
0.000032
0.000000
0.000000
0.000016
0.000043
0.000012
0.000817
0.000022
0.000038
0.000008
0.000000
0.000038
0.000072
0.000857
0.012438
0.005848
0.002487
0.000068
0.000024
0.000007
0.000736
0.001401
0.000334
0.000002
0.001597
0.001605
0.000080
0.002835
0.000687
0.000001
0.004309
0.020254
0.000782
0.002169
0.011709
0.032666
0.012551
0.068363
0.001659
0.119470
0.000638
0.095732
0.057030
0.004404
0.000032
0.000000
0.000000
0.000016
0.000043
0.000012
0.000817
0.000022
0.000038
0.000008
0.000000
0.000038
0.000072
0.000857
0.012438
0.005848
0.002487
0.000068
0.000024
0.000007
0.000736
0.001401
0.000334
0.000002
0.001597
0.001605
0.000080
0.002835
0.000687
0.000001
0.005669
0.027680
0.010760
0.001479
0.023566
0.000083
0.032829
0.007320
0.002037
0.189910
0.038140
0.016015
0.051558
0.024690
0.000032
0.000000
0.000000
0.000016
0.000043
0.000012
0.000817
0.000022
0.000038
0.000008
0.000000
0.000038
0.000072
0.000857
0.012438
0.005848
0.002487
0.000068
0.000024
0.000007
0.000736
0.001401
0.000334
0.000002
0.001597
0.001605
0.000080
0.002835
0.000687
0.000001
0.000010
0.010444
0.005865
0.000602
0.083475
0.007010
0.194371
0.009258
0.000256
0.000208
0.084538
0.022683
0.010853
0.002161
0.000032
0.000000
0.000000
0.000016
0.000043
0.000012
0.000817
0.000022
0.000038
0.000008
0.000000
0.000038
0.000072
0.000857
0.012438
0.005848
0.002487
0.000068
0.000024
0.000007
0.000736
0.001401
0.000334
0.000002
0.001597
0.001605
0.000080
0.002835
0.000687
0.000001
0.000792
0.001056
0.000472
0.000191
0.006034
0.021405
0.078269
0.060011
0.022648
0.013792
0.005347
0.212930
0.000008
0.008780
0.000032
0.000000
0.000000
0.000016
0.000043
0.000012
0.000817
0.000022
0.000038
0.000008
0.000000
0.000038
0.000072
0.000857
0.012438
0.005848
0.002487
0.000068
0.000024
0.000007
0.000736
0.001401
0.000334
0.000002
0.001597
0.001605
0.000080
0.002835
0.000687
0.000001
0.011480
0.004375
0.000771
0.007215
0.000603
0.008743
0.018985
0.009226
0.011683
0.037389
0.246948
0.013177
0.059323
0.001816
0.000032
0.000000
0.000000
0.000016
0.000043
0.000012
0.000817
0.000022
0.000038
0.000008
0.000000
0.000038
0.000072
0.000857
0.012438
0.005848
0.002487
0.000068
0.000024
0.000007
0.000736
0.001401
0.000334
0.000002
0.001597
0.001605
0.000080
0.002835
0.000687
0.000001
0.003213
0.001478
0.005423
0.018260
0.157446
0.020402
0.072463
0.046708
0.008273
0.000611
0.000035
0.004211
0.003610
0.089603
0.000032
0.000000
0.000000
0.000016
0.000043
0.000012
0.000817
0.000022
0.000038
0.000008
0.000000
0.000038
0.000072
0.000857
0.012438
0.005848
0.002487
0.000068
0.000024
0.000007
0.000736
0.001401
0.000334
0.000002
0.001597
0.001605
0.000080
0.002835
0.000687
0.000001
0.002858
0.001029
0.000782
0.002297
0.061733
0.013462
0.011576
0.017589
0.067112
0.033517
0.008775
0.041409
0.089141
0.080456
0.000032
0.000000
0.000000
0.000016
0.000043
0.000012
0.000817
0.000022
0.000038
0.000008
0.000000
0.000038
0.000072
0.000857
0.012438
0.005848
0.002487
0.000068
0.000024
0.000007
0.000736
0.001401
0.000334
0.000002
0.001597
0.001605
0.000080
0.002835
0.000687
0.000001
0.003211
0.000241
0.000690
0.005713
0.017057
0.001665
0.001994
0.034757
0.004384
0.000000
0.005454
0.000035
0.129192
0.227342
0.000032
0.000000
0.000000
0.000016
0.000043
0.000012
0.000817
0.000022
0.000038
0.000008
0.000000
0.000038
0.000072
0.000857
0.012438
0.006048
0.001960
0.000301
0.000162
0.004194
0.008711
0.037601
0.014872
0.000328
0.001762
0.010428
0.023911
0.031251
0.000249
0.307670
0.000000
0.000000
0.000000
0.000000
0.000000
0.000000
0.000000
0.000000
0.000000
0.000000
0.000000
0.000000
0.000000
0.000000
0.000032
0.000000
0.000000
0.000016
0.000043
0.000012
0.000817
0.000022
0.000038
0.000008
0.000000
0.000038
0.000072
0.000857
0.012438
0.006033
0.002007
0.000003
0.000027
0.002006
0.008656
0.032816
0.008759
0.001985
0.002572
0.010451
0.040130
0.017289
0.013528
0.070714
0.000423
0.058185
0.131817
0.009396
0.004351
0.008811
0.000381
0.013095
0.002219
0.000829
0.000001
0.001790
0.001120
0.000055
0.000032
0.000000
0.000000
0.000016
0.000043
0.000012
0.000817
0.000022
0.000038
0.000008
0.000000
0.000038
0.000072
0.000857
0.012438
0.006033
0.002007
0.000003
0.000027
0.002006
0.008656
0.032816
0.008759
0.001985
0.002572
0.010451
0.040130
0.017289
0.013528
0.070714
0.000423
0.058185
0.131817
0.009396
0.004351
0.008811
0.000381
0.013095
0.002219
0.000829
0.000001
0.001790
0.001120
0.000055
0.000032
0.000000
0.000000
0.000016
0.000043
0.000012
0.000817
0.000022
0.000038
0.000008
0.000000
0.000038
0.000072
0.000857
0.012438
0.002962
0.000128
0.015018
0.007922
0.030815
0.004995
0.000020
0.035912
0.250396
0.001424
0.092947
0.001195
0.000343
0.005205
0.000164
0.000000
0.000000
0.000000
0.000000
0.000000
0.000000
0.000000
0.000000
0.000000
0.000000
0.000000
0.000000
0.000000
0.000000
0.000032
0.000000
0.000000
0.000016
0.000043
0.000012
0.000817
0.000022
0.000038
0.000008
0.000000
0.000038
0.000072
0.000857
0.012438
0.065460
0.000006
0.061376
0.002487
0.004499
0.002510
0.039183
0.085433
0.041397
0.115806
0.021212
0.005800
0.000059
0.004028
0.000190
0.000000
0.000000
0.000000
0.000000
0.000000
0.000000
0.000000
0.000000
0.000000
0.000000
0.000000
0.000000
0.000000
0.000000
0.000032
0.000000
0.000000
0.000016
0.000043
0.000012
0.000817
0.000022
0.000038
0.000008
0.000000
0.000038
0.000072
0.000857
0.012438
0.179533
0.015223
0.109077
0.000220
0.051844
0.021798
0.000684
0.045749
0.007180
0.000297
0.008825
0.004827
0.002943
0.001167
0.000080
0.000000
0.000000
0.000000
0.000000
0.000000
0.000000
0.000000
0.000000
0.000000
0.000000
0.000000
0.000000
0.000000
0.000000
0.000032
0.000000
0.000000
0.000016
0.000043
0.000012
0.000817
0.000022
0.000038
0.000008
0.000000
0.000038
0.000072
0.000857
0.012438
0.005976
0.004881
0.020670
0.076468
0.014179
0.112249
0.016407
0.003209
0.002468
0.012775
0.001556
0.016481
0.096266
0.062805
0.003058
0.000000
0.000000
0.000000
0.000000
0.000000
0.000000
0.000000
0.000000
0.000000
0.000000
0.000000
0.000000
0.000000
0.000000
0.000032
0.000000
0.000000
0.000016
0.000043
0.000012
0.000817
0.000022
0.000038
0.000008
0.000000
0.000038
0.000072
0.000857
0.012438
0.005986
0.003902
0.000455
0.109988
0.003056
0.047778
0.001192
0.001092
0.000048
0.007086
0.009677
0.005533
0.022733
0.225311
0.005610
0.000000
0.000000
0.000000
0.000000
0.000000
0.000000
0.000000
0.000000
0.000000
0.000000
0.000000
0.000000
0.000000
0.000000
0.000032
0.000000
0.000000
0.000016
0.000043
0.000012
0.000817
0.000022
0.000038
0.000008
0.000000
0.000038
0.000072
0.000857
0.012438
0.006324
0.002500
0.028793
0.001877
0.003158
0.009311
0.118920
0.002690
0.000592
0.102144
0.000548
0.007752
0.073786
0.089054
0.002000
0.000000
0.000000
0.000000
0.000000
0.000000
0.000000
0.000000
0.000000
0.000000
0.000000
0.000000
0.000000
0.000000
0.000000
0.000032
0.000000
0.000000
0.000016
0.000043
0.000012
0.000817
0.000022
0.000038
0.000008
0.000000
0.000038
0.000072
0.000857
0.012438
0.000150
0.107840
0.046034
0.013851
0.000207
0.005827
0.021739
0.068686
0.075293
0.026616
0.023574
0.049623
0.005894
0.003084
0.001031
0.000000
0.000000
0.000000
0.000000
0.000000
0.000000
0.000000
0.000000
0.000000
0.000000
0.000000
0.000000
0.000000
0.000000
0.000032
0.000000
0.000000
0.000016
0.000043
0.000012
0.000817
0.000022
0.000038
0.000008
0.000000
0.000038
0.000072
0.000857
0.012438
0.000129
0.103696
0.012440
0.106809
0.035345
0.019407
0.001246
0.002405
0.002965
0.000300
0.113426
0.021959
0.003739
0.024609
0.000975
0.000000
0.000000
0.000000
0.000000
0.000000
0.000000
0.000000
0.000000
0.000000
0.000000
0.000000
0.000000
0.000000
0.000000
0.000032
0.000000
0.000000
0.000016
0.000043
0.000012
0.000817
0.000022
0.000038
0.000008
0.000000
0.000038
0.000072
0.000857
0.012438
0.000164
0.106630
0.065548
0.023963
0.024445
0.003276
0.038387
0.002338
0.013730
0.028651
0.005093
0.098024
0.032720
0.004112
0.002367
0.000000
0.000000
0.000000
0.000000
0.000000
0.000000
0.000000
0.000000
0.000000
0.000000
0.000000
0.000000
0.000000
0.000000
0.000032
0.000000
0.000000
0.000016
0.000043
0.000012
0.000817
0.000022
0.000038
0.000008
0.000000
0.000038
0.000072
0.000857
0.012438
0.002673
0.057352
0.051122
0.000042
0.000799
0.004849
0.062417
0.149397
0.000079
0.005401
0.091262
0.004819
0.018420
0.000759
0.000057
0.000000
0.000000
0.000000
0.000000
0.000000
0.000000
0.000000
0.000000
0.000000
0.000000
0.000000
0.000000
0.000000
0.000000
0.000032
0.000000
0.000000
0.000016
0.000043
0.000012
0.000817
0.000022
0.000038
0.000008
0.000000
0.000038
0.000072
0.000857
0.012438
0.069914
0.000674
0.038289
0.001061
0.074520
0.077202
0.032782
0.027374
0.024540
0.052722
0.027386
0.000960
0.021830
0.000044
0.000152
0.000000
0.000000
0.000000
0.000000
0.000000
0.000000
0.000000
0.000000
0.000000
0.000000
0.000000
0.000000
0.000000
0.000000
0.000032
0.000000
0.000000
0.000016
0.000043
0.000012
0.000817
0.000022
0.000038
0.000008
0.000000
0.000038
0.000072
0.000857
0.012438
0.018974
0.017083
0.014362
0.111479
0.143565
0.119027
0.000363
0.002488
0.006361
0.000698
0.007623
0.005265
0.001576
0.000443
0.000140
0.000000
0.000000
0.000000
0.000000
0.000000
0.000000
0.000000
0.000000
0.000000
0.000000
0.000000
0.000000
0.000000
0.000000
0.000032
