20.916944
-7.088218
0.798617
0.297994
-0.487484
0.331075
0.012124
-0.161285
-0.064793
0.052835
-0.118919
0.055049
0.070951
-0.059414
0.011399
0.027236
0.024114
-0.022954
0.041834
0.000745
0.014128
-0.005418
0.011140
0.010017
0.000105
0.002613
0.000458
0.000586
-0.002247
-0.001787
-0.001938
0.000754
-0.000034
-0.000017
-0.000003
0.000000
-0.000000
0.000000
0.000000
0.000000
0.000000
0.000000
0.000000
-0.000000
3.414524
-2.633255
4.127051
0.571880
-0.762474
-0.234978
-0.333375
-0.212331
0.080296
0.138353
-0.015631
-0.015963
0.149834
-0.076694
-0.025284
0.052271
0.021754
0.024727
-0.011274
0.000976
-0.009353
-0.002475
-0.001134
-0.004812
0.001411
0.000463
0.001292
-0.001701
0.003108
0.002067
0.002047
-0.000050
-0.000233
-0.000039
0.000018
0.000000
-0.000000
0.000000
0.000000
0.000000
0.000000
0.000000
0.000000
0.000000
0.561518
-1.440325
3.373153
0.379410
-0.333315
-0.035486
0.399367
0.093408
-0.275084
-0.414747
0.255984
-0.127264
-0.538013
0.252997
0.086137
-0.217361
-0.120830
-0.038716
0.008035
-0.060278
-0.030421
0.029117
0.013744
-0.006413
-0.006212
-0.002559
-0.002017
0.001430
-0.000713
-0.000262
-0.000143
-0.000704
0.000267
0.000056
-0.000015
0.000000
-0.000000
0.000000
0.000000
0.000000
0.000000
-0.000000
0.000000
-0.000000
-1.427860
-1.178943
0.728420
0.091101
-0.301886
-0.182846
-0.711381
-0.242249
0.325993
0.516500
-0.234120
0.088174
0.720042
-0.322618
-0.139338
0.226629
0.112564
0.070748
-0.081478
0.062535
-0.002341
-0.035601
-0.033796
-0.007173
0.007693
-0.002116
-0.001658
0.000635
-0.001121
-0.000290
-0.000067
-0.000704
0.000266
0.000056
-0.000015
0.000000
-0.000000
0.000000
0.000000
0.000000
0.000000
-0.000000
0.000000
-0.000000
13.213266
-4.427193
-3.341386
-0.366786
0.405059
0.577942
0.359756
0.129628
-0.169824
-0.101362
-0.084691
0.042159
-0.060468
0.035570
0.001093
-0.053102
-0.029667
-0.047005
0.007914
-0.003298
0.004002
0.008076
0.007698
0.001726
-0.000008
-0.000021
0.000728
-0.000274
0.003120
0.002637
0.001942
-0.000453
0.000071
-0.000041
-0.000019
0.000000
-0.000000
0.000000
0.000000
0.000000
0.000000
-0.000000
0.000000
-0.000000
0.711202
-0.559299
-0.220238
-1.337698
1.779624
1.617794
1.498607
-1.158218
0.244852
-0.007929
0.396005
-0.200104
0.087726
-0.201081
-0.026256
-0.011669
-0.052351
0.103178
-0.046021
-0.001443
-0.027871
0.009471
-0.008512
-0.013593
-0.005693
-0.002293
-0.001014
-0.000202
-0.000821
-0.000828
-0.000002
-0.000299
-0.000037
0.000058
0.000022
0.000000
-0.000000
0.000000
0.000000
0.000000
0.000000
0.000000
0.000000
0.000000
0.500008
-1.293893
-0.876378
0.115640
-0.312644
0.129060
-0.358797
1.321533
-1.092021
-0.357791
-0.422156
-0.469779
-0.287534
-0.214444
-0.133009
0.176355
-0.023493
0.139847
-0.051517
0.072795
-0.003581
0.000238
-0.029827
-0.014260
0.001586
-0.002749
-0.001265
-0.000242
-0.000893
-0.000870
0.000004
-0.000296
-0.000037
0.000058
0.000022
0.000000
-0.000000
0.000000
0.000000
0.000000
0.000000
0.000000
0.000000
0.000000
-1.289100
-0.740777
-0.600195
0.002521
0.222854
-0.295337
0.273250
0.541853
-0.203562
0.096134
-0.390549
0.674471
0.467940
0.278071
0.012302
-0.184766
-0.143728
-0.232819
-0.089831
-0.172651
-0.024627
-0.000026
0.010115
0.005939
0.005389
-0.001954
-0.001152
-0.000851
-0.000736
-0.000877
-0.000020
-0.000305
-0.000035
0.000059
0.000022
0.000000
-0.000000
0.000000
0.000000
0.000000
0.000000
0.000000
0.000000
0.000000
0.437491
-1.787110
-1.713100
0.561617
-0.910528
-0.828629
-0.992832
-0.370906
0.791705
0.058117
0.441791
-0.028632
-0.242367
0.207826
0.065377
-0.152683
0.099718
-0.042072
0.027311
0.095990
-0.006331
-0.003520
-0.008714
-0.007492
-0.003057
-0.002138
-0.000694
0.000508
-0.000406
-0.000235
-0.000067
-0.000231
0.000199
-0.000054
0.000037
0.000000
-0.000000
0.000000
0.000000
0.000000
0.000000
0.000000
0.000000
0.000000
-1.485654
-1.400166
-1.508656
0.523265
-0.844465
-0.639636
-1.120491
-0.115861
0.793387
-0.283742
0.591016
-0.259016
-0.032542
-0.086134
0.130617
0.115219
-0.182864
0.068090
-0.060354
-0.135029
-0.005810
0.020922
0.009350
-0.000117
0.002168
-0.002382
-0.000184
-0.000518
-0.000225
-0.000643
0.000058
-0.000073
-0.000236
0.000112
-0.000015
0.000000
-0.000000
0.000000
-0.000000
0.000000
0.000000
0.000000
0.000000
-0.000000
-2.362964
-0.371798
-0.226345
-0.056559
0.057054
-0.174870
0.147111
-0.184605
-0.031447
0.305463
-0.113098
0.208870
-0.182672
0.307736
-0.092822
-0.306178
0.252665
-0.105900
0.034863
0.229871
-0.022159
-0.022840
-0.030625
-0.019115
-0.006108
-0.001807
-0.000856
-0.000532
-0.000728
-0.000538
0.000079
-0.000076
-0.000238
0.000112
-0.000015
0.000000
-0.000000
0.000000
-0.000000
0.000000
0.000000
0.000000
0.000000
-0.000000
25.723600
7.929694
0.237845
-0.464084
0.465413
-1.238511
-0.000216
-0.137694
-0.064418
-0.183318
0.153922
-0.034046
0.016675
0.055158
-0.191157
-0.004070
-0.008171
0.004397
-0.099065
-0.006803
0.000961
-0.003278
-0.033929
-0.008358
0.000481
-0.002163
0.000590
-0.000232
-0.000226
-0.000015
0.000038
-0.000003
-0.000000
0.000000
0.000000
0.000000
-0.000000
0.000000
0.000000
0.000000
0.000000
0.000000
0.000000
0.000000
3.419121
3.541257
-0.123724
-2.260150
-2.602385
1.048045
-0.428813
-0.021204
-0.428809
0.474440
0.047928
-0.155518
0.176471
0.049868
0.267091
-0.000280
0.007170
-0.028905
0.166781
0.003118
0.005425
0.008059
0.065412
0.014491
-0.004104
0.006516
-0.004070
0.000866
0.000801
-0.002251
0.000827
-0.000094
0.000006
0.000006
0.000000
0.000000
-0.000000
0.000000
0.000000
0.000000
0.000000
0.000000
0.000000
0.000000
-3.833494
0.397911
-0.027805
-0.098704
0.003948
-0.176571
-0.046134
0.161893
-0.301578
-0.078178
0.311210
-0.276083
0.338584
-0.008475
-0.277825
-0.355600
-0.201029
0.071190
-0.033818
0.107128
0.000776
-0.085177
0.119644
0.030304
0.017529
-0.004687
0.003512
-0.001553
-0.001729
0.002205
-0.000801
0.000079
-0.000005
-0.000006
-0.000000
0.000000
-0.000000
0.000000
0.000000
0.000000
0.000000
0.000000
0.000000
-0.000000
-1.984899
1.658570
0.098560
-1.396878
-2.808250
1.015363
0.678592
0.421205
1.155259
-0.510616
-0.435693
0.285445
-0.226582
-0.103650
-0.105663
0.001749
0.006559
0.033845
-0.066581
-0.001080
-0.011657
-0.002523
-0.028619
-0.006009
0.003089
-0.004270
0.003471
-0.000647
-0.000595
0.002330
-0.000893
0.000099
-0.000006
-0.000006
-0.000000
0.000000
-0.000000
0.000000
0.000000
0.000000
0.000000
0.000000
0.000000
-0.000000
-0.733384
0.601980
0.055720
-0.639127
0.759134
0.355887
-0.750800
-0.274641
-0.432395
0.959417
-0.138163
0.269477
-0.251646
0.366888
0.397957
0.138413
-0.266209
0.206538
-0.039710
0.017864
0.004994
-0.019678
-0.046028
-0.009578
0.005600
-0.003884
0.002738
-0.000645
-0.000447
0.002292
-0.000881
0.000099
-0.000006
-0.000006
-0.000000
0.000000
-0.000000
0.000000
0.000000
0.000000
0.000000
0.000000
0.000000
-0.000000
-3.461774
0.455188
-0.133697
-0.304142
-0.079706
0.265937
-0.095645
-0.004598
-0.709129
0.175960
0.414029
-0.298823
-0.046421
-0.088830
0.243855
0.084705
0.468864
-0.199927
-0.156346
-0.123201
-0.028510
-0.007297
0.011322
0.000621
0.009026
-0.004122
0.004349
-0.000960
-0.000500
0.002167
-0.000856
0.000085
-0.000004
-0.000006
-0.000000
0.000000
-0.000000
0.000000
0.000000
0.000000
0.000000
0.000000
0.000000
-0.000000
-3.721127
0.464405
-0.197083
-0.159280
0.079796
-0.376452
-0.145577
-0.053135
-0.309050
-0.201279
0.056373
-0.232867
0.484143
-0.061165
-0.098850
-0.023003
-0.119348
-0.121927
0.255373
0.004097
-0.034917
0.129010
-0.042033
-0.043819
-0.020456
0.002212
0.002753
0.001965
-0.000889
0.002385
-0.000931
0.000113
-0.000007
-0.000007
-0.000000
0.000000
-0.000000
0.000000
0.000000
0.000000
0.000000
0.000000
0.000000
-0.000000
-3.806611
-0.047302
0.132898
-0.019543
0.065214
0.059490
0.085958
0.011728
-0.035724
-0.023770
-0.001992
-0.048733
0.082127
0.134502
-0.084993
-0.099845
0.081639
0.060582
-0.033820
-0.057722
0.295054
0.005566
-0.000794
-0.007683
-0.040480
-0.004031
0.000933
0.000540
0.000029
-0.000006
0.000003
0.000004
0.000002
0.000000
-0.000000
0.000000
-0.000000
0.000000
0.000000
0.000000
0.000000
0.000000
0.000000
0.000000
-2.441104
0.570611
0.091694
-0.169204
0.371921
0.053464
-0.332177
0.223297
-0.415078
0.222847
0.687622
0.939206
-0.450751
-0.570013
-0.276354
0.162084
-0.037689
-0.061611
0.074432
0.023625
0.023947
0.019202
0.027087
0.005322
-0.004001
0.001249
0.000107
0.000126
0.000152
-0.000031
-0.000023
-0.000002
0.000001
0.000000
-0.000000
0.000000
-0.000000
0.000000
0.000000
0.000000
0.000000
0.000000
0.000000
0.000000
-3.312091
0.237765
-0.439807
0.091742
-0.206408
-0.994690
0.346918
-0.795840
-0.288961
-0.239415
-0.348060
-0.055555
-0.156011
-0.164293
0.011106
-0.020126
0.029759
0.026751
0.146585
-0.072496
-0.000429
-0.088918
-0.055025
0.055100
-0.005616
0.017689
-0.003587
0.001864
0.007110
0.001356
-0.000219
0.000283
0.000058
0.000076
0.000006
0.000000
-0.000000
0.000000
0.000000
0.000000
0.000000
0.000000
0.000000
0.000000
-3.712341
0.165762
-0.410616
-0.011762
-0.043090
-0.914438
0.297575
-0.653478
-0.179778
-0.290057
-0.424237
0.030491
-0.159520
-0.185580
0.124037
0.078766
-0.013422
-0.012851
0.123852
-0.076129
-0.020380
-0.127695
0.030122
-0.041320
-0.009435
-0.019733
0.002137
-0.002886
-0.007619
-0.001104
0.000236
-0.000287
-0.000060
-0.000076
-0.000006
0.000000
-0.000000
0.000000
0.000000
0.000000
0.000000
0.000000
0.000000
-0.000000
-4.097356
0.118652
0.035778
0.012738
-0.005224
0.055120
0.061939
-0.018914
-0.117118
0.053304
0.078277
-0.096532
0.046503
-0.001574
-0.069607
-0.106258
-0.000950
0.019913
0.025581
0.004505
-0.014426
0.074004
-0.098814
0.080658
0.001701
-0.026689
-0.000591
-0.005574
-0.004135
-0.001171
0.000082
-0.000252
-0.000058
-0.000076
-0.000006
0.000000
-0.000000
0.000000
0.000000
0.000000
0.000000
0.000000
0.000000
-0.000000
-4.249358
0.020900
-0.034595
-0.102191
0.120946
0.012382
0.025107
0.063507
-0.046566
-0.030136
0.051428
-0.013231
0.031637
0.011636
-0.050298
-0.050130
-0.024360
0.006151
-0.091620
-0.003513
-0.023355
-0.021790
-0.017552
0.000166
0.002531
-0.002618
-0.009041
0.018946
0.001638
-0.000531
-0.000335
-0.000220
-0.000132
-0.000098
-0.000006
0.000000
-0.000000
0.000000
0.000000
0.000000
0.000000
0.000000
0.000000
-0.000000
-4.158947
-0.043025
-0.070558
-0.082283
0.097120
-0.006384
0.005027
0.059637
-0.017819
-0.054982
0.083498
-0.038123
-0.010339
0.045722
-0.058592
-0.057614
-0.018413
0.021942
-0.082542
-0.010731
-0.009668
-0.005800
-0.029273
-0.002097
-0.005477
0.054819
-0.003998
-0.005800
-0.006859
-0.000408
-0.000118
-0.000297
-0.000056
-0.000080
-0.000006
0.000000
-0.000000
0.000000
0.000000
0.000000
0.000000
0.000000
0.000000
-0.000000
-4.235384
0.035906
-0.049145
-0.108846
0.122389
-0.080356
0.036706
0.029805
-0.044058
-0.064747
0.006974
-0.026792
0.049018
0.013794
-0.040847
-0.041824
-0.034328
0.011552
-0.042693
0.007888
-0.020626
-0.003823
0.002589
-0.026126
0.001099
-0.001316
0.003528
-0.007322
0.016024
-0.002362
-0.001032
-0.000305
-0.000034
-0.000082
-0.000007
0.000000
-0.000000
0.000000
0.000000
0.000000
0.000000
-0.000000
0.000000
-0.000000
0.651549
0.333659
1.040334
-2.032192
3.147744
0.057869
-1.081763
0.763938
0.812785
-0.558837
-0.305867
0.015815
-0.006351
-0.159861
0.329394
-0.117945
0.121291
-0.004275
0.089969
0.020359
0.010691
0.002525
0.026516
0.014076
0.007570
0.002048
-0.000727
0.000126
0.000210
0.000005
-0.000022
0.000004
-0.000000
-0.000000
-0.000000
0.000000
-0.000000
0.000000
0.000000
0.000000
0.000000
0.000000
0.000000
0.000000
-3.412633
-0.248372
0.241461
-0.408853
0.605671
0.139192
0.263394
0.042739
0.160066
-0.477459
0.191668
-0.010664
0.056197
0.670224
-0.270706
0.709232
0.031767
-0.084431
0.076721
0.041324
0.006321
-0.027388
0.027867
0.017098
0.011020
-0.000349
-0.000733
-0.000296
-0.000083
-0.000038
-0.000016
-0.000002
0.000000
-0.000000
-0.000000
0.000000
-0.000000
0.000000
0.000000
0.000000
0.000000
0.000000
0.000000
0.000000
4.402194
3.230191
-0.249280
3.791340
0.497214
0.901984
0.513600
0.443125
0.562679
0.568264
-0.198414
-0.115202
-0.088100
-0.043690
0.067075
0.033151
0.079036
0.033135
0.156072
-0.037753
0.012538
0.005131
0.035012
0.011359
0.013256
0.005897
0.004773
0.001743
0.000073
0.000136
-0.000514
-0.000647
-0.000065
0.000001
0.000002
0.000000
-0.000000
0.000000
0.000000
0.000000
0.000000
0.000000
0.000000
0.000000
-1.959200
-0.130508
-0.336572
0.365094
0.145150
-0.399408
0.472404
0.597732
0.036585
0.127981
0.178655
0.247906
0.164017
0.205397
-0.089589
-0.079454
0.247988
0.392041
0.039597
-0.097521
-0.099043
0.023206
0.034548
-0.010132
-0.028294
-0.004825
-0.006393
-0.001293
-0.000019
0.000000
0.000423
0.000657
0.000065
-0.000001
-0.000002
0.000000
-0.000000
0.000000
0.000000
0.000000
0.000000
0.000000
0.000000
0.000000
-1.724043
2.608165
-0.158993
2.486510
0.148561
1.780905
-1.173292
-0.716763
-0.359901
-0.886413
-0.207754
0.191465
0.110808
0.010684
0.074221
-0.042555
-0.041420
-0.056739
-0.086310
0.047885
-0.021693
-0.001301
0.002413
-0.003966
-0.013353
-0.003561
-0.005218
-0.001531
0.000154
-0.000135
0.000478
0.000648
0.000066
-0.000001
-0.000002
0.000000
-0.000000
0.000000
0.000000
0.000000
0.000000
0.000000
0.000000
0.000000
-1.680237
0.491916
0.167616
0.855364
-0.070572
-0.458994
1.376481
0.965060
0.291218
0.149270
0.451298
-0.114808
0.200149
-0.178217
0.467982
0.115187
-0.164319
-0.149155
-0.033686
0.120166
0.017845
-0.057056
-0.039381
-0.004589
-0.012257
-0.002810
-0.005321
-0.001631
0.000419
-0.000131
0.000486
0.000646
0.000065
-0.000001
-0.000002
0.000000
-0.000000
0.000000
0.000000
0.000000
0.000000
0.000000
0.000000
0.000000
-3.402428
0.293158
0.050561
-0.342670
0.793966
0.055302
-0.312701
-0.028718
0.547474
1.002594
-0.495581
-0.498087
-0.402178
-0.069692
-0.401078
0.025861
-0.110019
-0.196689
-0.067090
-0.059109
-0.033886
0.019797
0.032665
-0.001974
-0.021020
-0.003394
-0.004836
-0.001279
0.000126
-0.000173
0.000415
0.000660
0.000066
-0.000001
-0.000003
0.000000
-0.000000
0.000000
0.000000
0.000000
0.000000
0.000000
0.000000
0.000000
-4.217260
-0.005160
-0.001162
-0.105161
0.130805
0.008074
0.016292
0.081949
-0.033012
-0.037326
0.019692
-0.003353
0.024484
0.045105
-0.022242
-0.035164
-0.026518
0.026250
-0.036906
0.003432
-0.036413
-0.007717
-0.024632
0.008559
-0.008192
0.009684
0.025285
0.006248
-0.000934
-0.002080
0.001100
0.000518
0.000083
0.000005
-0.000003
0.000000
-0.000000
0.000000
0.000000
0.000000
0.000000
-0.000000
0.000000
0.000000
-4.042735
0.053919
-0.077726
0.056519
-0.036942
-0.018808
0.229835
-0.107866
-0.070394
0.032048
0.045566
-0.043623
-0.049929
0.016434
-0.104701
-0.145995
0.023153
0.037810
0.063874
-0.056446
0.072599
0.024368
-0.033435
-0.031587
0.093190
-0.000071
-0.003417
-0.000462
-0.000630
-0.000708
0.000671
0.000642
0.000066
-0.000000
-0.000002
0.000000
-0.000000
0.000000
0.000000
0.000000
0.000000
0.000000
0.000000
0.000000
-3.199439
0.185736
-0.382647
0.263378
-0.214209
-1.408492
0.783957
-0.693727
-0.111779
-0.131422
-0.528012
0.114268
-0.085882
-0.112186
0.269567
0.158767
0.011088
0.047290
-0.128131
0.110898
0.018216
0.150629
0.094880
0.014777
0.009320
0.003350
0.000116
0.000847
-0.000408
-0.000106
-0.000011
0.000008
0.000000
-0.000000
-0.000000
0.000000
-0.000000
0.000000
0.000000
0.000000
0.000000
0.000000
0.000000
0.000000
-0.000000
0.000000
-0.000000
-0.000000
0.000000
-0.000000
0.000000
-0.000000
0.000000
0.000000
0.000000
-0.000000
-0.000000
0.000000
-0.000000
0.000000
0.000000
0.000000
0.000000
-0.000000
0.000000
0.000000
-0.000000
-0.000000
0.000000
-0.000000
0.000000
-0.000000
0.000000
-0.000000
0.000000
-0.000000
-0.000000
-0.000000
-0.000000
0.000000
0.000000
0.000000
0.000000
-0.000000
-0.000000
-0.000000
0.000000
0.000000
-0.000000
0.000000
-0.000000
-0.000000
0.000000
-0.000000
0.000000
-0.000000
0.000000
0.000000
0.000000
-0.000000
-0.000000
0.000000
-0.000000
0.000000
0.000000
0.000000
0.000000
-0.000000
0.000000
0.000000
-0.000000
-0.000000
0.000000
-0.000000
0.000000
-0.000000
0.000000
-0.000000
0.000000
-0.000000
-0.000000
-0.000000
-0.000000
0.000000
0.000000
-0.000000
-0.000000
-0.000000
-0.000000
0.000000
0.000000
0.000000
-0.000000
0.000000
-0.000000
-0.000000
0.000000
-0.000000
0.000000
-0.000000
0.000000
0.000000
0.000000
-0.000000
-0.000000
0.000000
-0.000000
0.000000
0.000000
0.000000
0.000000
-0.000000
0.000000
0.000000
-0.000000
-0.000000
0.000000
-0.000000
0.000000
-0.000000
0.000000
-0.000000
0.000000
-0.000000
-0.000000
-0.000000
-0.000000
0.000000
0.000000
-0.000000
0.000000
0.000000
0.000000
-0.000000
0.000000
-0.000000
-0.000000
0.000000
-0.000000
-0.000000
0.000000
-0.000000
0.000000
-0.000000
0.000000
0.000000
0.000000
-0.000000
-0.000000
0.000000
-0.000000
0.000000
0.000000
0.000000
0.000000
-0.000000
0.000000
0.000000
-0.000000
-0.000000
0.000000
-0.000000
0.000000
-0.000000
0.000000
-0.000000
0.000000
-0.000000
-0.000000
-0.000000
-0.000000
0.000000
0.000000
0.000000
-0.000000
0.000000
0.000000
-0.000000
-0.000000
0.000000
-0.000000
0.000000
-0.000000
-0.000000
0.000000
-0.000000
0.000000
-0.000000
0.000000
0.000000
0.000000
-0.000000
-0.000000
0.000000
-0.000000
0.000000
0.000000
0.000000
0.000000
-0.000000
0.000000
0.000000
-0.000000
-0.000000
0.000000
-0.000000
0.000000
-0.000000
0.000000
-0.000000
0.000000
-0.000000
-0.000000
-0.000000
-0.000000
0.000000
0.000000
-0.000000
-0.000000
-0.000000
0.000000
-0.000000
-0.000000
-0.000000
-0.000000
0.000000
-0.000000
-0.000000
0.000000
-0.000000
0.000000
-0.000000
0.000000
0.000000
0.000000
-0.000000
-0.000000
0.000000
-0.000000
0.000000
0.000000
0.000000
0.000000
-0.000000
0.000000
0.000000
-0.000000
-0.000000
0.000000
-0.000000
0.000000
-0.000000
0.000000
-0.000000
0.000000
-0.000000
-0.000000
-0.000000
-0.000000
0.000000
0.000000
-0.000000
0.000000
-0.000000
0.000000
0.000000
-0.000000
0.000000
-0.000000
0.000000
-0.000000
-0.000000
0.000000
-0.000000
0.000000
-0.000000
0.000000
0.000000
0.000000
-0.000000
-0.000000
0.000000
-0.000000
0.000000
0.000000
0.000000
0.000000
-0.000000
0.000000
0.000000
-0.000000
-0.000000
0.000000
-0.000000
0.000000
-0.000000
0.000000
-0.000000
0.000000
-0.000000
-0.000000
-0.000000
-0.000000
0.000000
0.000000
0.000000
-0.000000
0.000000
-0.000000
0.000000
-0.000000
-0.000000
-0.000000
0.000000
-0.000000
-0.000000
0.000000
-0.000000
0.000000
-0.000000
0.000000
0.000000
0.000000
-0.000000
-0.000000
0.000000
-0.000000
0.000000
0.000000
0.000000
0.000000
-0.000000
0.000000
0.000000
-0.000000
-0.000000
0.000000
-0.000000
0.000000
-0.000000
0.000000
-0.000000
0.000000
-0.000000
-0.000000
-0.000000
-0.000000
0.000000
0.000000
0.000000
0.000000
0.000000
0.000000
0.000000
0.000000
-0.000000
