0.824291
0.244069
-0.201144
-0.003658
-0.055277
-0.387196
0.091691
-0.201199
-0.034769
-0.071660
-0.099425
0.005547
-0.036689
-0.019544
0.011321
0.018769
0.008715
0.002470
0.007150
-0.002889
0.001109
-0.004297
0.001943
-0.001810
0.000492
-0.000099
0.000117
-0.000017
0.000217
-0.000037
-0.000004
-0.000029
-0.000000
0.000000
-0.000000
-0.000000
-0.000000
0.000000
-0.000000
-0.000000
-0.000000
-0.000000
0.000000
-0.000000
0.478312
0.581543
-0.000424
-0.377336
-0.492309
0.106800
0.055589
0.054708
0.157635
-0.050342
-0.051441
0.023385
-0.009276
-0.002530
-0.006736
0.001312
-0.003194
0.001870
-0.000710
-0.002777
-0.005693
-0.000054
0.001129
-0.000860
-0.003473
0.000745
-0.001050
-0.000072
0.000186
-0.000169
0.000055
-0.000002
0.000000
-0.000000
0.000000
0.000000
-0.000000
0.000000
0.000000
0.000000
-0.000000
-0.000000
-0.000000
0.000000
0.949609
-0.070975
0.201003
-0.065800
0.144662
-0.044881
-0.009714
0.009303
0.052556
-0.065997
0.058170
0.048082
-0.046316
-0.091252
-0.008964
-0.031646
0.012661
-0.023763
0.009268
0.008053
0.003857
0.008389
-0.001660
0.004274
-0.001018
0.000247
-0.000343
-0.000189
0.001043
0.000303
0.000146
0.000012
-0.000000
0.000003
0.000001
-0.000000
-0.000000
0.000000
-0.000000
0.000000
-0.000000
-0.000000
-0.000000
-0.000000
0.995432
0.027456
0.032318
-0.028046
-0.006367
-0.008350
-0.005192
0.044591
-0.055820
0.007363
-0.000172
-0.010960
-0.022724
0.006225
0.002843
-0.000498
-0.003576
0.022688
0.003192
0.001214
-0.001093
-0.000141
-0.001257
0.001517
-0.001765
0.001905
0.000238
0.000063
-0.000457
0.000028
0.000047
-0.000019
-0.000000
-0.000003
0.000000
-0.000000
-0.000000
0.000000
-0.000000
0.000000
0.000000
0.000000
-0.000000
-0.000000
0.795536
0.517395
0.030685
0.202499
0.164942
-0.065262
0.036336
0.103616
0.081236
-0.001410
0.038137
0.017705
-0.004344
-0.026184
-0.023768
0.010305
0.052041
0.030591
0.000356
-0.020126
-0.008128
-0.007649
-0.004881
-0.002185
-0.001720
-0.002464
0.000210
-0.000311
-0.000030
-0.000114
-0.000035
0.000059
-0.000004
-0.000013
-0.000001
0.000000
0.000000
-0.000000
0.000000
-0.000000
0.000000
-0.000000
-0.000000
0.000000
0.991656
0.094540
0.042358
-0.022549
0.006558
-0.012251
-0.018991
0.039009
-0.029303
0.019653
0.004195
-0.009129
-0.020742
0.019165
0.004218
-0.018565
0.017902
0.014807
0.008474
-0.006004
0.000140
-0.000645
0.009956
0.005747
-0.003203
-0.002414
0.000060
0.000246
-0.000291
-0.000176
-0.000139
0.000017
0.000007
0.000025
-0.000001
-0.000000
0.000000
-0.000000
0.000000
-0.000000
-0.000000
-0.000000
0.000000
-0.000000
0.992876
-0.021728
0.031231
-0.051374
-0.015906
0.006203
-0.012734
0.044545
-0.076379
0.005241
-0.003937
-0.013943
-0.024875
0.004756
0.001346
0.004453
-0.010735
0.027233
0.003540
0.004902
-0.000917
-0.001434
-0.004965
0.000406
-0.001358
0.003774
0.000487
0.000028
-0.000545
0.000054
0.000151
-0.000051
0.000005
-0.000011
-0.000001
-0.000000
0.000000
-0.000000
0.000000
-0.000000
-0.000000
-0.000000
-0.000000
0.000000
0.987198
0.001462
-0.070115
0.048099
-0.050768
-0.078364
0.086657
0.014595
-0.009396
0.019849
-0.000222
0.006514
-0.001413
0.000300
0.019567
0.004074
-0.021552
0.005367
-0.006649
0.004126
0.000529
0.013076
0.008014
0.006635
-0.002227
0.000338
-0.001147
-0.000146
-0.000422
0.000359
-0.000256
0.000124
0.000006
-0.000013
-0.000002
0.000000
0.000000
-0.000000
0.000000
-0.000000
0.000000
-0.000000
-0.000000
0.000000
0.855273
0.354482
0.013773
0.203610
0.000515
-0.122286
0.235424
0.102287
0.103392
0.042093
0.048510
-0.019097
0.023219
-0.008811
0.052966
0.027906
-0.016035
-0.002943
-0.021564
0.013362
0.003583
0.007445
-0.001606
-0.000447
0.000574
0.000636
0.000958
0.000467
-0.000237
-0.000127
0.000072
-0.000044
-0.000005
0.000010
0.000002
0.000000
-0.000000
0.000000
0.000000
0.000000
-0.000000
0.000000
-0.000000
-0.000000
0.950711
0.038550
0.263222
-0.071088
-0.014595
-0.046793
-0.048137
0.043405
-0.062798
-0.044658
0.004721
-0.037642
-0.060973
0.021332
0.025139
-0.024389
-0.019143
-0.004734
-0.010223
-0.011905
-0.006949
0.009316
-0.008690
-0.009505
0.000266
-0.002322
-0.000746
0.000690
-0.000111
0.000234
-0.000085
0.000007
-0.000031
0.000004
-0.000001
-0.000000
0.000000
-0.000000
0.000000
-0.000000
0.000000
-0.000000
-0.000000
0.000000
0.880824
-0.347520
-0.171770
-0.045444
-0.028404
0.097225
0.037130
0.157704
-0.119840
-0.054741
-0.098733
-0.049853
-0.020019
-0.061437
-0.021191
0.014440
0.021571
-0.010729
-0.009342
0.008951
0.009811
0.005425
-0.000219
0.000130
0.001081
-0.000332
0.000519
-0.000778
-0.000024
-0.000299
-0.000124
-0.000006
-0.000020
-0.000000
0.000001
0.000000
-0.000000
0.000000
0.000000
-0.000000
-0.000000
-0.000000
-0.000000
-0.000000
0.919175
0.169174
-0.032047
-0.311032
0.017756
0.079077
-0.013820
-0.073123
-0.034224
0.049415
0.052586
-0.037437
0.017275
0.014684
0.071367
0.008321
0.051404
-0.019398
-0.000975
-0.004493
0.002137
0.002288
0.010461
-0.002678
0.000917
0.000047
0.000608
-0.000097
0.000163
0.000067
0.000052
0.000002
-0.000003
-0.000009
0.000000
0.000000
0.000000
0.000000
0.000000
-0.000000
-0.000000
-0.000000
-0.000000
-0.000000
0.990350
0.054898
0.033743
-0.106885
0.015678
0.010615
-0.008036
0.010858
-0.039892
0.010862
0.019800
-0.011940
-0.015144
-0.001651
0.019660
-0.001457
0.012495
0.007214
0.002795
0.000455
0.000254
0.001387
0.001754
0.000733
-0.001019
0.001278
0.000280
-0.000005
-0.000145
0.000066
0.000058
-0.000010
-0.000002
-0.000005
-0.000000
-0.000000
-0.000000
0.000000
0.000000
0.000000
0.000000
0.000000
0.000000
0.000000
0.979014
-0.166146
-0.055137
-0.048312
-0.049306
0.000992
-0.012409
-0.014929
-0.053567
0.031063
-0.017666
0.014885
0.000190
0.009097
-0.006578
-0.007321
-0.011978
0.020597
0.007557
-0.022167
0.001845
-0.003284
-0.004764
0.004938
-0.004113
0.000557
0.000889
0.000332
0.000094
0.000173
0.000134
0.000018
-0.000020
0.000009
0.000002
0.000000
-0.000000
0.000000
0.000000
0.000000
-0.000000
-0.000000
0.000000
-0.000000
0.899226
-0.307941
0.224709
0.101032
-0.116740
-0.045455
0.000171
-0.080476
-0.021966
0.085667
-0.023913
0.025611
0.010728
0.033417
-0.006046
-0.025262
0.031753
0.004358
0.007263
0.032754
-0.020019
0.010570
-0.008268
0.001588
-0.000301
-0.000684
-0.000413
-0.000373
0.000015
-0.000318
0.000050
0.000005
-0.000011
-0.000001
-0.000000
0.000000
-0.000000
0.000000
0.000000
-0.000000
-0.000000
-0.000000
0.000000
-0.000000
0.892842
-0.361246
0.172510
0.125028
-0.134807
-0.033613
-0.005601
0.039342
0.002713
-0.018261
0.011900
-0.041709
-0.029822
-0.033123
0.009472
-0.007082
-0.015604
-0.022465
0.014532
0.014096
-0.003603
-0.021406
0.008557
-0.002369
-0.000625
-0.001574
-0.000103
0.000242
-0.001171
-0.000034
0.000171
0.000099
0.000012
-0.000002
0.000000
0.000000
0.000000
0.000000
0.000000
0.000000
-0.000000
-0.000000
0.000000
-0.000000
0.952439
-0.254702
0.093745
0.091977
-0.078305
0.005069
0.037192
0.026207
-0.005242
0.030933
-0.013825
-0.013500
0.015659
0.003706
0.000915
-0.013381
0.006911
-0.018903
0.005026
-0.011626
-0.011157
-0.004214
0.001166
-0.001991
0.000145
0.000905
-0.000289
-0.000114
0.000330
0.000091
-0.000277
-0.000073
0.000036
-0.000002
0.000003
-0.000000
-0.000000
0.000000
0.000000
0.000000
-0.000000
-0.000000
-0.000000
0.000000
0.971083
-0.079865
0.001684
-0.078832
0.041199
0.091352
0.129886
-0.058312
0.024400
-0.050270
0.041725
-0.038715
0.012813
0.043802
-0.034027
0.060943
-0.020583
-0.010697
0.010862
0.003605
-0.006117
-0.005564
-0.000873
0.004380
0.002311
-0.002854
0.000075
-0.000552
0.000318
0.000115
0.000015
0.000009
-0.000036
-0.000003
-0.000000
-0.000000
-0.000000
0.000000
0.000000
0.000000
-0.000000
-0.000000
-0.000000
-0.000000
0.930698
-0.176671
-0.258141
0.037722
0.012394
0.026784
0.097793
0.011682
-0.000280
0.088976
0.019509
0.110438
0.003456
-0.013669
-0.044326
-0.019498
-0.001916
-0.023032
0.015396
-0.005961
0.001229
0.002322
0.009239
-0.004408
-0.000341
0.000724
-0.000007
0.000887
-0.000707
-0.000046
-0.000034
-0.000076
-0.000032
-0.000003
-0.000001
-0.000000
0.000000
-0.000000
0.000000
-0.000000
0.000000
-0.000000
-0.000000
-0.000000
0.928391
-0.224534
-0.265162
0.058079
-0.033568
0.007021
0.087396
0.041650
0.012080
0.028875
-0.026139
0.011427
0.032932
0.009322
-0.008603
-0.012153
0.009829
0.001799
-0.003288
-0.007626
-0.002640
0.000716
-0.005955
-0.004327
0.004542
0.001216
-0.000811
-0.001538
-0.000350
0.000439
0.000160
0.000058
0.000015
0.000012
-0.000001
-0.000000
0.000000
0.000000
0.000000
-0.000000
-0.000000
-0.000000
0.000000
-0.000000
0.927890
-0.260557
-0.242003
0.059121
-0.060413
-0.003314
-0.046665
0.025356
-0.007520
-0.016253
-0.001817
0.013868
-0.021293
0.018514
0.000597
-0.011584
-0.024749
-0.008087
-0.011861
-0.011510
-0.001636
0.012360
0.000487
0.001899
-0.001096
-0.005381
0.000644
-0.000113
0.000092
-0.000144
0.000210
-0.000087
0.000036
-0.000012
-0.000000
-0.000000
0.000000
0.000000
0.000000
-0.000000
0.000000
-0.000000
0.000000
-0.000000
0.979164
-0.186024
-0.004988
0.008318
-0.032713
0.028967
0.058410
-0.009208
-0.006127
0.010434
0.001634
-0.007217
0.011895
0.017310
-0.013547
0.009109
-0.005064
-0.006038
0.007058
-0.007869
-0.006019
-0.003384
-0.001189
0.001224
0.000143
-0.000362
0.000045
-0.000228
0.000186
0.000130
-0.000051
-0.000023
-0.000002
-0.000000
0.000005
0.000000
0.000000
0.000000
0.000000
0.000000
0.000000
0.000000
-0.000000
0.000000
0.884789
-0.150359
-0.115551
-0.239614
0.258296
0.136959
0.081751
-0.136710
0.051008
-0.013700
-0.013890
-0.019079
0.054360
-0.065387
0.026235
-0.034278
-0.010265
0.010770
-0.009059
0.000309
-0.001834
-0.005372
-0.011943
0.001782
-0.000595
-0.001465
-0.000765
0.000431
-0.001060
-0.000126
-0.000081
-0.000034
0.000005
-0.000000
-0.000000
-0.000000
0.000000
-0.000000
-0.000000
0.000000
0.000000
-0.000000
0.000000
0.000000
0.996067
-0.026766
0.020793
-0.068727
-0.000600
0.017043
0.014589
0.004058
-0.028708
0.010805
0.013777
-0.010445
-0.006041
0.004769
0.008529
0.002117
0.006617
0.002766
0.004270
-0.002379
-0.001885
-0.000229
0.000761
0.000907
-0.000631
0.000731
0.000203
-0.000080
-0.000033
0.000089
0.000022
-0.000014
-0.000002
-0.000003
0.000002
-0.000000
-0.000000
-0.000000
-0.000000
-0.000000
-0.000000
-0.000000
0.000000
0.000000
0.995610
-0.015344
0.013304
-0.078864
0.010916
0.017738
0.020313
-0.004291
-0.013778
0.010197
0.021969
-0.007776
-0.000186
0.007390
0.010136
0.005309
0.011042
-0.006308
0.002302
-0.007139
-0.002974
-0.000549
0.002588
0.001142
0.002338
-0.000087
0.000207
-0.000413
0.000054
-0.000062
0.000060
-0.000045
0.000011
0.000012
-0.000005
0.000000
-0.000000
-0.000000
-0.000000
0.000000
0.000000
-0.000000
-0.000000
0.000000
0.929685
0.309685
0.000607
0.117274
0.073561
0.041193
-0.040968
-0.028997
-0.043470
-0.082852
0.020734
-0.019991
0.022902
0.018499
-0.038393
0.056092
0.020136
-0.026835
0.007441
-0.002058
0.002220
0.008947
-0.006556
-0.000307
-0.003271
0.001705
-0.001004
0.000917
-0.000596
-0.000059
0.000043
0.000004
0.000024
0.000005
0.000000
0.000000
-0.000000
0.000000
0.000000
-0.000000
0.000000
-0.000000
0.000000
-0.000000
0.953201
0.186083
0.057802
-0.126800
0.027240
0.064056
-0.052466
-0.074051
-0.053812
0.071373
0.064446
0.073027
-0.041835
-0.031097
-0.003446
0.048163
-0.035105
0.017850
-0.001340
0.011244
0.004960
-0.001170
-0.000657
-0.006494
-0.002097
-0.000880
0.000405
-0.001212
0.000191
-0.000149
-0.000125
0.000029
0.000017
0.000005
0.000001
0.000000
-0.000000
0.000000
0.000000
-0.000000
0.000000
-0.000000
0.000000
-0.000000
0.841499
0.447205
0.001595
-0.154911
0.049728
-0.175770
-0.060769
0.047832
-0.022527
-0.038756
0.041244
-0.062072
0.123958
-0.000368
-0.044705
-0.048910
-0.025902
0.007726
0.018523
0.008384
0.002538
0.005011
0.005427
-0.003457
-0.000935
-0.000136
0.000471
-0.000460
0.000254
-0.000076
-0.000011
-0.000006
-0.000001
-0.000001
0.000000
0.000000
0.000000
0.000000
0.000000
-0.000000
0.000000
-0.000000
0.000000
-0.000000
0.974302
0.007310
-0.188424
0.012164
0.052145
-0.002944
-0.025416
0.042177
0.023104
0.029378
-0.028101
0.027602
0.001899
0.064027
0.031654
-0.027767
0.007022
0.003092
0.010133
0.009359
0.027259
-0.005751
-0.004662
-0.000626
0.000851
-0.001605
-0.001288
0.000181
0.000425
-0.000116
0.000044
0.000069
-0.000004
-0.000003
0.000002
-0.000000
-0.000000
0.000000
-0.000000
-0.000000
0.000000
-0.000000
-0.000000
0.000000
0.012000
-0.900748
0.235978
-0.175637
0.218049
-0.020990
0.181073
-0.009778
0.102661
-0.056893
-0.003018
-0.018639
-0.042324
0.049266
-0.040749
-0.009417
0.010848
0.025224
-0.009200
0.004129
0.007516
0.001747
0.008535
-0.003698
-0.001718
0.000893
0.000023
0.000062
0.000140
-0.000017
0.000001
-0.000032
0.000014
-0.000000
-0.000000
0.000000
0.000000
0.000000
0.000000
-0.000000
0.000000
-0.000000
0.000000
-0.000000
0.783976
-0.436381
0.000935
-0.222089
0.248804
-0.116532
-0.178032
0.113769
0.066504
-0.048861
-0.073341
0.084514
0.052928
0.022407
0.031878
0.036010
-0.007048
-0.013974
-0.009675
0.003913
-0.013681
-0.004003
0.000435
0.000220
-0.000849
0.000663
0.000882
0.000187
-0.000007
0.000011
-0.000028
0.000045
-0.000003
0.000001
-0.000000
-0.000000
0.000000
0.000000
0.000000
-0.000000
0.000000
-0.000000
-0.000000
0.000000
0.952398
0.170911
-0.116462
-0.126623
-0.089303
-0.076914
-0.014811
-0.007416
-0.093637
0.016350
0.061390
0.012427
-0.000436
0.010956
-0.055645
-0.018627
0.009540
-0.005506
-0.054958
0.009459
-0.002549
-0.014029
0.000178
0.002175
0.001980
0.000349
-0.000379
0.000727
0.000482
0.000026
0.000005
0.000022
0.000003
0.000000
0.000000
0.000000
-0.000000
0.000000
0.000000
-0.000000
-0.000000
0.000000
0.000000
-0.000000
0.916243
0.299542
0.215016
0.038763
0.100518
-0.032984
-0.065378
0.052806
-0.002101
-0.043835
0.015286
0.030304
-0.025618
0.006586
0.019080
-0.004945
-0.017482
0.008759
0.004568
-0.008179
-0.000698
-0.004564
0.004840
0.004460
0.008905
0.001347
-0.001586
-0.000485
-0.000219
-0.000255
-0.000019
-0.000115
-0.000006
-0.000002
0.000000
0.000000
0.000000
0.000000
0.000000
-0.000000
0.000000
-0.000000
0.000000
-0.000000
0.989224
0.084728
0.010052
0.005198
0.099329
0.015952
-0.030636
-0.003900
-0.008329
-0.029933
0.011011
0.016881
-0.001208
0.027196
-0.010228
0.025891
0.003399
-0.004791
0.004668
0.003379
0.009208
0.001673
-0.002729
-0.001357
-0.000831
0.000457
-0.000845
0.000193
-0.000125
-0.000116
0.000003
0.000008
0.000010
0.000000
-0.000000
0.000000
0.000000
-0.000000
0.000000
0.000000
-0.000000
-0.000000
0.000000
-0.000000
0.748544
-0.485770
-0.318482
0.117410
-0.127257
-0.062644
-0.165830
-0.066905
0.139339
-0.052718
0.099505
-0.039681
-0.041943
0.015396
0.004441
-0.021426
-0.000332
-0.011398
-0.005726
-0.007235
0.001747
0.001233
-0.004687
0.000616
-0.001254
0.002793
0.000605
-0.000761
-0.000369
-0.000266
-0.000128
0.000021
-0.000016
0.000001
-0.000000
-0.000000
0.000000
-0.000000
0.000000
-0.000000
0.000000
-0.000000
-0.000000
-0.000000
0.911441
0.203722
0.263543
-0.048962
-0.214317
0.031629
-0.024768
-0.031319
0.058085
-0.029286
-0.021030
0.036600
0.000498
0.011982
-0.024078
-0.011565
0.012250
-0.000213
0.006151
0.005177
0.013873
0.001634
-0.007682
0.001493
0.006729
-0.000960
0.002423
0.000481
-0.000713
0.000252
-0.000148
0.000013
0.000014
-0.000002
-0.000001
0.000000
0.000000
-0.000000
0.000000
0.000000
0.000000
-0.000000
0.000000
-0.000000
0.810239
0.441676
-0.031275
0.293963
0.078840
0.183716
-0.064257
-0.075929
0.025459
-0.080389
-0.051511
0.012033
0.004326
0.011630
0.004980
-0.022798
0.001035
0.008754
-0.015748
0.010860
-0.003664
-0.000442
0.010452
-0.001597
-0.001996
0.000037
0.000393
-0.000375
-0.000102
0.000216
0.000027
-0.000033
-0.000012
0.000003
0.000002
0.000000
0.000000
0.000000
-0.000000
0.000000
0.000000
-0.000000
0.000000
0.000000
0.688970
-0.443275
0.508596
0.144383
-0.168648
-0.039271
-0.044806
-0.077557
0.000086
0.039708
-0.026718
0.010440
0.081495
-0.025527
-0.002334
0.017431
-0.000220
-0.003986
-0.022396
-0.023117
0.015279
0.001557
0.003063
0.000095
-0.001986
0.000085
-0.000521
-0.000497
-0.000081
-0.000145
0.000079
0.000007
-0.000014
-0.000003
-0.000000
-0.000000
0.000000
-0.000000
-0.000000
0.000000
0.000000
-0.000000
-0.000000
0.000000
0.976856
-0.130368
0.038491
0.130847
-0.046450
0.023164
0.052550
0.044207
0.002646
0.030496
-0.008722
-0.016866
0.010050
0.001271
0.024782
-0.005278
-0.010026
-0.012449
0.009710
0.004954
0.004847
-0.014058
-0.009302
0.000189
-0.004154
0.000771
0.000214
0.000190
0.001417
0.000061
-0.000112
-0.000077
0.000003
-0.000003
-0.000004
0.000000
0.000000
0.000000
-0.000000
-0.000000
0.000000
-0.000000
0.000000
-0.000000
0.977728
-0.142333
-0.026535
0.049638
0.028316
0.105363
0.073017
-0.040198
-0.015470
-0.003219
-0.012174
-0.008970
-0.000014
-0.016817
0.001111
-0.008471
-0.021100
0.008528
0.007152
-0.014629
-0.008211
0.006473
0.002157
-0.001320
0.005587
0.001993
0.000555
0.001020
0.001051
-0.000416
0.000044
0.000167
0.000010
-0.000001
0.000000
-0.000000
0.000000
0.000000
-0.000000
0.000000
0.000000
-0.000000
0.000000
0.000000
0.749415
-0.565927
-0.193682
0.063510
-0.188058
-0.000184
-0.166973
0.006280
0.065160
0.017351
0.022033
-0.031497
0.028296
-0.047230
-0.000158
0.045639
0.012683
0.041914
0.006554
0.011285
-0.000063
0.002811
0.004503
-0.001806
0.003246
-0.001288
-0.000871
0.001112
0.000457
0.000250
-0.000009
-0.000060
-0.000002
0.000003
0.000000
0.000000
-0.000000
0.000000
-0.000000
0.000000
-0.000000
-0.000000
-0.000000
0.000000
0.939422
0.200821
-0.011395
0.221858
0.041024
0.140744
-0.013873
-0.047261
0.013239
-0.042896
-0.036394
0.001693
0.006149
0.002910
0.008536
-0.016401
-0.006130
0.004921
-0.006262
0.004209
-0.002851
-0.001761
0.005002
-0.001246
-0.000857
0.000625
0.000395
0.000042
0.000475
0.000051
0.000007
0.000001
-0.000003
-0.000000
-0.000001
-0.000000
-0.000000
-0.000000
0.000000
-0.000000
0.000000
0.000000
-0.000000
-0.000000
0.828034
0.413805
0.033784
-0.058303
0.220547
-0.023608
-0.126452
-0.018314
0.129440
0.188428
-0.091479
-0.084540
-0.052969
-0.006806
-0.043909
0.008433
-0.012078
-0.016154
-0.004279
-0.001117
0.001220
0.001938
0.001136
0.000903
0.000694
0.000436
-0.000041
0.000026
0.000026
0.000060
0.000037
-0.000002
0.000000
-0.000001
-0.000000
0.000000
0.000000
-0.000000
0.000000
-0.000000
0.000000
-0.000000
0.000000
-0.000000
0.971377
0.158412
0.007727
0.129840
0.053825
0.089730
-0.021186
-0.030486
0.007025
-0.037864
-0.017822
0.008969
0.003095
0.012754
0.000031
-0.000024
-0.001771
0.000995
-0.001606
0.003979
0.002472
-0.000312
0.001550
-0.001194
-0.000550
0.000507
0.000002
0.000120
0.000202
-0.000005
-0.000002
0.000004
0.000003
-0.000002
-0.000002
0.000000
-0.000000
0.000000
-0.000000
-0.000000
-0.000000
0.000000
-0.000000
0.000000
