0.894907
0.102767
0.001305
0.000182
0.000486
0.000224
0.000000
0.000053
0.000009
0.000006
0.000029
0.000006
0.000010
0.000007
0.000000
0.000002
0.000001
0.000001
0.000004
0.000000
0.000000
0.000000
0.000000
0.000000
0.000000
0.000000
0.000000
0.000000
0.000000
0.000000
0.000000
0.000000
0.000000
0.000000
0.000000
0.000000
0.000000
0.000000
0.000000
0.000000
0.000000
0.000000
0.000000
0.000000
0.316781
0.188401
0.462784
0.008886
0.015796
0.001500
0.003020
0.001225
0.000175
0.000520
0.000007
0.000007
0.000610
0.000160
0.000017
0.000074
0.000013
0.000017
0.000003
0.000000
0.000002
0.000000
0.000000
0.000001
0.000000
0.000000
0.000000
0.000000
0.000000
0.000000
0.000000
0.000000
0.000000
0.000000
0.000000
0.000000
0.000000
0.000000
0.000000
0.000000
0.000000
0.000000
0.000000
0.000000
0.021088
0.138747
0.760983
0.009628
0.007430
0.000084
0.010667
0.000584
0.005061
0.011505
0.004383
0.001083
0.019359
0.004281
0.000496
0.003160
0.000976
0.000100
0.000004
0.000243
0.000062
0.000057
0.000013
0.000003
0.000003
0.000000
0.000000
0.000000
0.000000
0.000000
0.000000
0.000000
0.000000
0.000000
0.000000
0.000000
0.000000
0.000000
0.000000
0.000000
0.000000
0.000000
0.000000
0.000000
0.350511
0.238955
0.091221
0.001427
0.015668
0.005748
0.087003
0.010089
0.018270
0.045864
0.009423
0.001337
0.089134
0.017894
0.003338
0.008830
0.002178
0.000861
0.001141
0.000672
0.000001
0.000218
0.000196
0.000009
0.000010
0.000001
0.000000
0.000000
0.000000
0.000000
0.000000
0.000000
0.000000
0.000000
0.000000
0.000000
0.000000
0.000000
0.000000
0.000000
0.000000
0.000000
0.000000
0.000000
0.846732
0.095057
0.054148
0.000652
0.000796
0.001620
0.000628
0.000081
0.000140
0.000050
0.000035
0.000009
0.000018
0.000006
0.000000
0.000014
0.000004
0.000011
0.000000
0.000000
0.000000
0.000000
0.000000
0.000000
0.000000
0.000000
0.000000
0.000000
0.000000
0.000000
0.000000
0.000000
0.000000
0.000000
0.000000
0.000000
0.000000
0.000000
0.000000
0.000000
0.000000
0.000000
0.000000
0.000000
0.040954
0.025328
0.003927
0.144886
0.256428
0.211912
0.181838
0.108615
0.004854
0.000005
0.012697
0.003242
0.000623
0.003274
0.000056
0.000011
0.000222
0.000862
0.000171
0.000000
0.000063
0.000007
0.000006
0.000015
0.000003
0.000000
0.000000
0.000000
0.000000
0.000000
0.000000
0.000000
0.000000
0.000000
0.000000
0.000000
0.000000
0.000000
0.000000
0.000000
0.000000
0.000000
0.000000
0.000000
0.037759
0.252847
0.115996
0.002020
0.014763
0.002516
0.019443
0.263765
0.180104
0.019334
0.026916
0.033331
0.012486
0.006945
0.002672
0.004697
0.000083
0.002954
0.000401
0.000800
0.000002
0.000000
0.000134
0.000031
0.000000
0.000001
0.000000
0.000000
0.000000
0.000000
0.000000
0.000000
0.000000
0.000000
0.000000
0.000000
0.000000
0.000000
0.000000
0.000000
0.000000
0.000000
0.000000
0.000000
0.397731
0.131338
0.086219
0.000002
0.011887
0.020876
0.017870
0.070271
0.009918
0.002212
0.036506
0.108879
0.052408
0.018507
0.000036
0.008171
0.004944
0.012973
0.001931
0.007134
0.000145
0.000000
0.000024
0.000008
0.000007
0.000001
0.000000
0.000000
0.000000
0.000000
0.000000
0.000000
0.000000
0.000000
0.000000
0.000000
0.000000
0.000000
0.000000
0.000000
0.000000
0.000000
0.000000
0.000000
0.018670
0.311531
0.286262
0.030767
0.080870
0.066976
0.096150
0.013419
0.061140
0.000329
0.019038
0.000080
0.005730
0.004213
0.000417
0.002274
0.000970
0.000173
0.000073
0.000899
0.000004
0.000001
0.000007
0.000005
0.000001
0.000000
0.000000
0.000000
0.000000
0.000000
0.000000
0.000000
0.000000
0.000000
0.000000
0.000000
0.000000
0.000000
0.000000
0.000000
0.000000
0.000000
0.000000
0.000000
0.213576
0.189704
0.220240
0.026495
0.069005
0.039590
0.121488
0.001299
0.060910
0.007790
0.033800
0.006492
0.000102
0.000718
0.001651
0.001285
0.003236
0.000449
0.000352
0.001764
0.000003
0.000042
0.000008
0.000000
0.000000
0.000001
0.000000
0.000000
0.000000
0.000000
0.000000
0.000000
0.000000
0.000000
0.000000
0.000000
0.000000
0.000000
0.000000
0.000000
0.000000
0.000000
0.000000
0.000000
0.875387
0.021672
0.008032
0.000502
0.000510
0.004794
0.003393
0.005343
0.000155
0.014629
0.002005
0.006840
0.005232
0.014847
0.001351
0.014697
0.010009
0.001758
0.000191
0.008284
0.000077
0.000082
0.000147
0.000057
0.000006
0.000001
0.000000
0.000000
0.000000
0.000000
0.000000
0.000000
0.000000
0.000000
0.000000
0.000000
0.000000
0.000000
0.000000
0.000000
0.000000
0.000000
0.000000
0.000000
0.910511
0.086524
0.000078
0.000296
0.000298
0.002111
0.000000
0.000026
0.000006
0.000046
0.000033
0.000002
0.000000
0.000004
0.000050
0.000000
0.000000
0.000000
0.000014
0.000000
0.000000
0.000000
0.000002
0.000000
0.000000
0.000000
0.000000
0.000000
0.000000
0.000000
0.000000
0.000000
0.000000
0.000000
0.000000
0.000000
0.000000
0.000000
0.000000
0.000000
0.000000
0.000000
0.000000
0.000000
0.307776
0.330157
0.000403
0.134487
0.178299
0.028918
0.004841
0.000012
0.004841
0.005926
0.000060
0.000637
0.000820
0.000065
0.001878
0.000000
0.000001
0.000022
0.000732
0.000000
0.000001
0.000002
0.000113
0.000006
0.000000
0.000001
0.000000
0.000000
0.000000
0.000000
0.000000
0.000000
0.000000
0.000000
0.000000
0.000000
0.000000
0.000000
0.000000
0.000000
0.000000
0.000000
0.000000
0.000000
0.942424
0.010154
0.000050
0.000625
0.000001
0.001999
0.000136
0.001681
0.005833
0.000392
0.006211
0.004888
0.007352
0.000005
0.004950
0.008109
0.002592
0.000325
0.000073
0.000736
0.000000
0.000465
0.000918
0.000059
0.000020
0.000001
0.000001
0.000000
0.000000
0.000000
0.000000
0.000000
0.000000
0.000000
0.000000
0.000000
0.000000
0.000000
0.000000
0.000000
0.000000
0.000000
0.000000
0.000000
0.195492
0.136496
0.000482
0.096821
0.391313
0.051156
0.022849
0.008803
0.066223
0.012937
0.009419
0.004043
0.002547
0.000533
0.000554
0.000000
0.000002
0.000057
0.000220
0.000000
0.000007
0.000000
0.000041
0.000002
0.000000
0.000001
0.000001
0.000000
0.000000
0.000000
0.000000
0.000000
0.000000
0.000000
0.000000
0.000000
0.000000
0.000000
0.000000
0.000000
0.000000
0.000000
0.000000
0.000000
0.123741
0.083371
0.000714
0.093978
0.132583
0.029139
0.129688
0.017353
0.043014
0.211770
0.004392
0.016707
0.014569
0.030968
0.036435
0.004408
0.016304
0.009814
0.000363
0.000073
0.000006
0.000089
0.000487
0.000021
0.000007
0.000003
0.000002
0.000000
0.000000
0.000001
0.000000
0.000000
0.000000
0.000000
0.000000
0.000000
0.000000
0.000000
0.000000
0.000000
0.000000
0.000000
0.000000
0.000000
0.883801
0.015281
0.001318
0.006822
0.000469
0.005216
0.000675
0.000002
0.037086
0.002283
0.012642
0.006585
0.000159
0.000582
0.004386
0.000529
0.016213
0.002948
0.001803
0.001119
0.000060
0.000004
0.000009
0.000000
0.000006
0.000001
0.000001
0.000000
0.000000
0.000000
0.000000
0.000000
0.000000
0.000000
0.000000
0.000000
0.000000
0.000000
0.000000
0.000000
0.000000
0.000000
0.000000
0.000000
0.932006
0.014517
0.002614
0.001708
0.000429
0.009539
0.001426
0.000190
0.006429
0.002727
0.000214
0.003650
0.015777
0.000252
0.000658
0.000036
0.000959
0.001001
0.004390
0.000001
0.000082
0.001120
0.000119
0.000129
0.000028
0.000000
0.000001
0.000000
0.000000
0.000000
0.000000
0.000000
0.000000
0.000000
0.000000
0.000000
0.000000
0.000000
0.000000
0.000000
0.000000
0.000000
0.000000
0.000000
0.987363
0.000152
0.001203
0.000026
0.000290
0.000241
0.000503
0.000009
0.000087
0.000039
0.000000
0.000162
0.000460
0.001233
0.000492
0.000679
0.000454
0.000250
0.000078
0.000227
0.005932
0.000002
0.000000
0.000004
0.000112
0.000001
0.000000
0.000000
0.000000
0.000000
0.000000
0.000000
0.000000
0.000000
0.000000
0.000000
0.000000
0.000000
0.000000
0.000000
0.000000
0.000000
0.000000
0.000000
0.673814
0.036817
0.000951
0.003237
0.015641
0.000323
0.012477
0.005638
0.019482
0.005615
0.053465
0.099745
0.022974
0.036740
0.008636
0.002971
0.000161
0.000429
0.000626
0.000063
0.000065
0.000042
0.000083
0.000003
0.000002
0.000000
0.000000
0.000000
0.000000
0.000000
0.000000
0.000000
0.000000
0.000000
0.000000
0.000000
0.000000
0.000000
0.000000
0.000000
0.000000
0.000000
0.000000
0.000000
0.820263
0.004227
0.014463
0.000629
0.003186
0.073982
0.008999
0.047359
0.006243
0.004286
0.009058
0.000231
0.001820
0.002018
0.000009
0.000030
0.000066
0.000054
0.001607
0.000393
0.000000
0.000591
0.000226
0.000227
0.000002
0.000023
0.000001
0.000000
0.000004
0.000000
0.000000
0.000000
0.000000
0.000000
0.000000
0.000000
0.000000
0.000000
0.000000
0.000000
0.000000
0.000000
0.000000
0.000000
0.874929
0.001744
0.010704
0.000009
0.000118
0.053087
0.005622
0.027111
0.002052
0.005341
0.011426
0.000059
0.001616
0.002186
0.000977
0.000394
0.000011
0.000010
0.000974
0.000368
0.000026
0.001035
0.000058
0.000108
0.000006
0.000025
0.000000
0.000001
0.000004
0.000000
0.000000
0.000000
0.000000
0.000000
0.000000
0.000000
0.000000
0.000000
0.000000
0.000000
0.000000
0.000000
0.000000
0.000000
0.994263
0.000834
0.000076
0.000010
0.000002
0.000180
0.000227
0.000021
0.000812
0.000168
0.000363
0.000552
0.000128
0.000000
0.000287
0.000669
0.000000
0.000023
0.000039
0.000001
0.000012
0.000324
0.000578
0.000385
0.000000
0.000042
0.000000
0.000002
0.000001
0.000000
0.000000
0.000000
0.000000
0.000000
0.000000
0.000000
0.000000
0.000000
0.000000
0.000000
0.000000
0.000000
0.000000
0.000000
0.996995
0.000024
0.000066
0.000577
0.000808
0.000008
0.000035
0.000223
0.000120
0.000050
0.000146
0.000010
0.000055
0.000007
0.000140
0.000139
0.000033
0.000002
0.000463
0.000001
0.000030
0.000026
0.000017
0.000000
0.000000
0.000000
0.000005
0.000020
0.000000
0.000000
0.000000
0.000000
0.000000
0.000000
0.000000
0.000000
0.000000
0.000000
0.000000
0.000000
0.000000
0.000000
0.000000
0.000000
0.996587
0.000107
0.000287
0.000390
0.000543
0.000002
0.000001
0.000205
0.000018
0.000174
0.000402
0.000084
0.000006
0.000120
0.000198
0.000191
0.000020
0.000028
0.000393
0.000007
0.000005
0.000002
0.000049
0.000000
0.000002
0.000173
0.000001
0.000002
0.000003
0.000000
0.000000
0.000000
0.000000
0.000000
0.000000
0.000000
0.000000
0.000000
0.000000
0.000000
0.000000
0.000000
0.000000
0.000000
0.996844
0.000072
0.000134
0.000658
0.000832
0.000359
0.000075
0.000049
0.000108
0.000233
0.000003
0.000040
0.000134
0.000011
0.000093
0.000097
0.000065
0.000007
0.000101
0.000003
0.000024
0.000001
0.000000
0.000038
0.000000
0.000000
0.000001
0.000003
0.000014
0.000000
0.000000
0.000000
0.000000
0.000000
0.000000
0.000000
0.000000
0.000000
0.000000
0.000000
0.000000
0.000000
0.000000
0.000000
0.022759
0.005969
0.058024
0.221408
0.531206
0.000180
0.062738
0.031288
0.035417
0.016743
0.005016
0.000013
0.000002
0.001370
0.005817
0.000746
0.000789
0.000001
0.000434
0.000022
0.000006
0.000000
0.000038
0.000011
0.000003
0.000000
0.000000
0.000000
0.000000
0.000000
0.000000
0.000000
0.000000
0.000000
0.000000
0.000000
0.000000
0.000000
0.000000
0.000000
0.000000
0.000000
0.000000
0.000000
0.848379
0.004494
0.004247
0.012177
0.026723
0.001411
0.005054
0.000133
0.001866
0.016607
0.002676
0.000008
0.000230
0.032723
0.005338
0.036643
0.000074
0.000519
0.000429
0.000124
0.000003
0.000055
0.000057
0.000021
0.000009
0.000000
0.000000
0.000000
0.000000
0.000000
0.000000
0.000000
0.000000
0.000000
0.000000
0.000000
0.000000
0.000000
0.000000
0.000000
0.000000
0.000000
0.000000
0.000000
0.416642
0.224327
0.001336
0.309037
0.005315
0.017491
0.005671
0.004222
0.006807
0.006943
0.000846
0.000285
0.000167
0.000041
0.000097
0.000024
0.000134
0.000024
0.000524
0.000031
0.000003
0.000001
0.000026
0.000003
0.000004
0.000001
0.000000
0.000000
0.000000
0.000000
0.000000
0.000000
0.000000
0.000000
0.000000
0.000000
0.000000
0.000000
0.000000
0.000000
0.000000
0.000000
0.000000
0.000000
0.724728
0.003216
0.021388
0.025167
0.003978
0.030120
0.042135
0.067458
0.000253
0.003092
0.006026
0.011604
0.005079
0.007965
0.001515
0.001192
0.011611
0.029019
0.000296
0.001796
0.001852
0.000102
0.000225
0.000019
0.000151
0.000004
0.000008
0.000000
0.000000
0.000000
0.000000
0.000000
0.000000
0.000000
0.000000
0.000000
0.000000
0.000000
0.000000
0.000000
0.000000
0.000000
0.000000
0.000000
0.134512
0.307847
0.001144
0.279798
0.000999
0.143531
0.062298
0.023250
0.005862
0.035558
0.001953
0.001659
0.000556
0.000005
0.000249
0.000082
0.000078
0.000146
0.000337
0.000104
0.000021
0.000000
0.000000
0.000001
0.000008
0.000001
0.000001
0.000000
0.000000
0.000000
0.000000
0.000000
0.000000
0.000000
0.000000
0.000000
0.000000
0.000000
0.000000
0.000000
0.000000
0.000000
0.000000
0.000000
0.373201
0.031988
0.003714
0.096717
0.000658
0.027849
0.250462
0.123115
0.011211
0.002945
0.026923
0.001742
0.005296
0.004199
0.028951
0.001754
0.003569
0.002941
0.000150
0.001909
0.000042
0.000430
0.000205
0.000003
0.000020
0.000001
0.000004
0.000000
0.000000
0.000000
0.000000
0.000000
0.000000
0.000000
0.000000
0.000000
0.000000
0.000000
0.000000
0.000000
0.000000
0.000000
0.000000
0.000000
0.787352
0.005845
0.000174
0.007986
0.042874
0.000208
0.006650
0.000056
0.020385
0.068366
0.016704
0.016873
0.011001
0.000330
0.010941
0.000045
0.000823
0.002631
0.000306
0.000238
0.000078
0.000027
0.000073
0.000000
0.000030
0.000001
0.000002
0.000000
0.000000
0.000000
0.000000
0.000000
0.000000
0.000000
0.000000
0.000000
0.000000
0.000000
0.000000
0.000000
0.000000
0.000000
0.000000
0.000000
0.997299
0.000001
0.000000
0.000620
0.000959
0.000004
0.000015
0.000377
0.000061
0.000078
0.000022
0.000001
0.000034
0.000114
0.000028
0.000069
0.000039
0.000039
0.000076
0.000001
0.000074
0.000003
0.000034
0.000004
0.000004
0.000005
0.000036
0.000002
0.000000
0.000000
0.000000
0.000000
0.000000
0.000000
0.000000
0.000000
0.000000
0.000000
0.000000
0.000000
0.000000
0.000000
0.000000
0.000000
0.990952
0.000176
0.000366
0.000194
0.000083
0.000021
0.003203
0.000705
0.000300
0.000062
0.000126
0.000115
0.000151
0.000016
0.000665
0.001292
0.000033
0.000087
0.000247
0.000193
0.000320
0.000036
0.000068
0.000060
0.000527
0.000000
0.000001
0.000000
0.000000
0.000000
0.000000
0.000000
0.000000
0.000000
0.000000
0.000000
0.000000
0.000000
0.000000
0.000000
0.000000
0.000000
0.000000
0.000000
0.725208
0.002444
0.010373
0.004914
0.003251
0.140548
0.043541
0.034095
0.000885
0.001224
0.019752
0.000925
0.000523
0.000892
0.005148
0.001786
0.000009
0.000158
0.001163
0.000871
0.000024
0.001607
0.000638
0.000015
0.000006
0.000001
0.000000
0.000000
0.000000
0.000000
0.000000
0.000000
0.000000
0.000000
0.000000
0.000000
0.000000
0.000000
0.000000
0.000000
0.000000
0.000000
0.000000
0.000000
0.003421
0.000029
0.018736
0.003162
0.006254
0.000170
0.000096
0.004712
0.000015
0.003317
0.002250
0.006987
0.000869
0.039127
0.003086
0.009751
0.004432
0.013209
0.022089
0.000674
0.006898
0.010706
0.011178
0.040166
0.017976
0.000003
0.000226
0.007392
0.070377
0.000069
0.007780
0.077221
0.000846
0.004016
0.002608
1.702195
0.668046
0.001605
1.565536
0.431415
1.207767
1.782495
0.002806
0.162370
0.003421
0.000029
0.018736
0.003162
0.006254
0.000170
0.000096
0.004712
0.000015
0.003317
0.002250
0.006987
0.000869
0.039127
0.003086
0.009751
0.004432
0.013209
0.022089
0.000674
0.006898
0.010706
0.011178
0.040166
0.017976
0.000003
0.000226
0.007392
0.070377
0.000069
0.007780
0.077221
0.000846
0.004016
0.002608
1.702195
0.668046
0.012333
1.259060
1.469564
0.212682
0.295517
1.901912
0.002926
0.003421
0.000029
0.018736
0.003162
0.006254
0.000170
0.000096
0.004712
0.000015
0.003317
0.002250
0.006987
0.000869
0.039127
0.003086
0.009751
0.004432
0.013209
0.022089
0.000674
0.006898
0.010706
0.011178
0.040166
0.017976
0.000003
0.000226
0.007392
0.070377
0.000069
0.007780
0.077221
0.000846
0.004016
0.002608
1.702195
0.668046
1.979336
0.001232
1.505230
0.215696
0.345466
0.756962
0.350071
0.003421
0.000029
0.018736
0.003162
0.006254
0.000170
0.000096
0.004712
0.000015
0.003317
0.002250
0.006987
0.000869
0.039127
0.003086
0.009751
0.004432
0.013209
0.022089
0.000674
0.006898
0.010706
0.011178
0.040166
0.017976
0.000003
0.000226
0.007392
0.070377
0.000069
0.007780
0.077221
0.000846
0.004016
0.002608
1.702195
0.668046
0.008851
0.369686
0.337326
0.200556
0.006032
0.167433
4.064111
0.003421
0.000029
0.018736
0.003162
0.006254
0.000170
0.000096
0.004712
0.000015
0.003317
0.002250
0.006987
0.000869
0.039127
0.003086
0.009751
0.004432
0.013209
0.022089
0.000674
0.006898
0.010706
0.011178
0.040166
0.017976
0.000003
0.000226
0.007392
0.070377
0.000069
0.007780
0.077221
0.000846
0.004016
0.002608
1.702195
0.668046
0.028608
0.088250
1.262261
1.868962
0.300921
1.160465
0.444527
0.003421
0.000029
0.018736
0.003162
0.006254
0.000170
0.000096
0.004712
0.000015
0.003317
0.002250
0.006987
0.000869
0.039127
0.003086
0.009751
0.004432
0.013209
0.022089
0.000674
0.006898
0.010706
0.011178
0.040166
0.017976
0.000003
0.000226
0.007392
0.070377
0.000069
0.007780
0.077221
0.000846
0.004016
0.002608
1.702195
0.668046
0.226828
1.707721
0.017345
0.008735
3.102810
0.084605
0.005949
0.003421
0.000029
0.018736
0.003162
0.006254
0.000170
0.000096
0.004712
0.000015
0.003317
0.002250
0.006987
0.000869
0.039127
0.003086
0.009751
0.004432
0.013209
0.022089
0.000674
0.006898
0.010706
0.011178
0.040166
0.017976
0.000003
0.000226
0.007392
0.070377
0.000069
0.007780
0.077221
0.000846
0.004016
0.002608
1.702195
0.668046
0.016258
0.793336
0.452460
1.868623
0.057010
1.388804
0.577503
0.003421
0.000029
0.018736
0.003162
0.006254
0.000170
0.000096
0.004712
0.000015
0.003317
0.002250
0.006987
0.000869
0.039127
0.003086
0.009751
0.004432
0.013209
0.022089
0.000674
0.006898
0.010706
0.011178
0.040166
0.017976
0.000003
0.000226
0.007392
0.070377
0.000069
0.007780
0.077221
0.000846
0.004016
0.002608
1.702195
0.668046
3.616461
0.105457
0.414678
0.307256
0.000027
0.427294
0.282820
