0.679456
0.059570
0.040459
0.000013
0.003056
0.149921
0.008407
0.040481
0.001209
0.005135
0.009885
0.000031
0.001346
0.000382
0.000128
0.000352
0.000076
0.000006
0.000051
0.000008
0.000001
0.000018
0.000004
0.000003
0.000000
0.000000
0.000000
0.000000
0.000000
0.000000
0.000000
0.000000
0.000000
0.000000
0.000000
0.000000
0.000000
0.000000
0.000000
0.000000
0.000000
0.000000
0.000000
0.000000
0.228782
0.338192
0.000000
0.142382
0.242368
0.011406
0.003090
0.002993
0.024849
0.002534
0.002646
0.000547
0.000086
0.000006
0.000045
0.000002
0.000010
0.000003
0.000001
0.000008
0.000032
0.000000
0.000001
0.000001
0.000012
0.000001
0.000001
0.000000
0.000000
0.000000
0.000000
0.000000
0.000000
0.000000
0.000000
0.000000
0.000000
0.000000
0.000000
0.000000
0.000000
0.000000
0.000000
0.000000
0.901757
0.005038
0.040402
0.004330
0.020927
0.002014
0.000094
0.000087
0.002762
0.004356
0.003384
0.002312
0.002145
0.008327
0.000080
0.001001
0.000160
0.000565
0.000086
0.000065
0.000015
0.000070
0.000003
0.000018
0.000001
0.000000
0.000000
0.000000
0.000001
0.000000
0.000000
0.000000
0.000000
0.000000
0.000000
0.000000
0.000000
0.000000
0.000000
0.000000
0.000000
0.000000
0.000000
0.000000
0.990884
0.000754
0.001044
0.000787
0.000041
0.000070
0.000027
0.001988
0.003116
0.000054
0.000000
0.000120
0.000516
0.000039
0.000008
0.000000
0.000013
0.000515
0.000010
0.000001
0.000001
0.000000
0.000002
0.000002
0.000003
0.000004
0.000000
0.000000
0.000000
0.000000
0.000000
0.000000
0.000000
0.000000
0.000000
0.000000
0.000000
0.000000
0.000000
0.000000
0.000000
0.000000
0.000000
0.000000
0.632878
0.267697
0.000942
0.041006
0.027206
0.004259
0.001320
0.010736
0.006599
0.000002
0.001454
0.000313
0.000019
0.000686
0.000565
0.000106
0.002708
0.000936
0.000000
0.000405
0.000066
0.000059
0.000024
0.000005
0.000003
0.000006
0.000000
0.000000
0.000000
0.000000
0.000000
0.000000
0.000000
0.000000
0.000000
0.000000
0.000000
0.000000
0.000000
0.000000
0.000000
0.000000
0.000000
0.000000
0.983382
0.008938
0.001794
0.000508
0.000043
0.000150
0.000361
0.001522
0.000859
0.000386
0.000018
0.000083
0.000430
0.000367
0.000018
0.000345
0.000320
0.000219
0.000072
0.000036
0.000000
0.000000
0.000099
0.000033
0.000010
0.000006
0.000000
0.000000
0.000000
0.000000
0.000000
0.000000
0.000000
0.000000
0.000000
0.000000
0.000000
0.000000
0.000000
0.000000
0.000000
0.000000
0.000000
0.000000
0.985803
0.000472
0.000975
0.002639
0.000253
0.000038
0.000162
0.001984
0.005834
0.000027
0.000015
0.000194
0.000619
0.000023
0.000002
0.000020
0.000115
0.000742
0.000013
0.000024
0.000001
0.000002
0.000025
0.000000
0.000002
0.000014
0.000000
0.000000
0.000000
0.000000
0.000000
0.000000
0.000000
0.000000
0.000000
0.000000
0.000000
0.000000
0.000000
0.000000
0.000000
0.000000
0.000000
0.000000
0.974561
0.000002
0.004916
0.002314
0.002577
0.006141
0.007509
0.000213
0.000088
0.000394
0.000000
0.000042
0.000002
0.000000
0.000383
0.000017
0.000464
0.000029
0.000044
0.000017
0.000000
0.000171
0.000064
0.000044
0.000005
0.000000
0.000001
0.000000
0.000000
0.000000
0.000000
0.000000
0.000000
0.000000
0.000000
0.000000
0.000000
0.000000
0.000000
0.000000
0.000000
0.000000
0.000000
0.000000
0.731492
0.125658
0.000190
0.041457
0.000000
0.014954
0.055425
0.010463
0.010690
0.001772
0.002353
0.000365
0.000539
0.000078
0.002805
0.000779
0.000257
0.000009
0.000465
0.000179
0.000013
0.000055
0.000003
0.000000
0.000000
0.000000
0.000001
0.000000
0.000000
0.000000
0.000000
0.000000
0.000000
0.000000
0.000000
0.000000
0.000000
0.000000
0.000000
0.000000
0.000000
0.000000
0.000000
0.000000
0.903852
0.001486
0.069286
0.005053
0.000213
0.002190
0.002317
0.001884
0.003944
0.001994
0.000022
0.001417
0.003718
0.000455
0.000632
0.000595
0.000366
0.000022
0.000105
0.000142
0.000048
0.000087
0.000076
0.000090
0.000000
0.000005
0.000001
0.000000
0.000000
0.000000
0.000000
0.000000
0.000000
0.000000
0.000000
0.000000
0.000000
0.000000
0.000000
0.000000
0.000000
0.000000
0.000000
0.000000
0.775851
0.120770
0.029505
0.002065
0.000807
0.009453
0.001379
0.024870
0.014362
0.002997
0.009748
0.002485
0.000401
0.003775
0.000449
0.000208
0.000465
0.000115
0.000087
0.000080
0.000096
0.000029
0.000000
0.000000
0.000001
0.000000
0.000000
0.000001
0.000000
0.000000
0.000000
0.000000
0.000000
0.000000
0.000000
0.000000
0.000000
0.000000
0.000000
0.000000
0.000000
0.000000
0.000000
0.000000
0.844882
0.028620
0.001027
0.096741
0.000315
0.006253
0.000191
0.005347
0.001171
0.002442
0.002765
0.001402
0.000298
0.000216
0.005093
0.000069
0.002642
0.000376
0.000001
0.000020
0.000005
0.000005
0.000109
0.000007
0.000001
0.000000
0.000000
0.000000
0.000000
0.000000
0.000000
0.000000
0.000000
0.000000
0.000000
0.000000
0.000000
0.000000
0.000000
0.000000
0.000000
0.000000
0.000000
0.000000
0.980793
0.003014
0.001139
0.011424
0.000246
0.000113
0.000065
0.000118
0.001591
0.000118
0.000392
0.000143
0.000229
0.000003
0.000387
0.000002
0.000156
0.000052
0.000008
0.000000
0.000000
0.000002
0.000003
0.000001
0.000001
0.000002
0.000000
0.000000
0.000000
0.000000
0.000000
0.000000
0.000000
0.000000
0.000000
0.000000
0.000000
0.000000
0.000000
0.000000
0.000000
0.000000
0.000000
0.000000
0.958469
0.027604
0.003040
0.002334
0.002431
0.000001
0.000154
0.000223
0.002869
0.000965
0.000312
0.000222
0.000000
0.000083
0.000043
0.000054
0.000143
0.000424
0.000057
0.000491
0.000003
0.000011
0.000023
0.000024
0.000017
0.000000
0.000001
0.000000
0.000000
0.000000
0.000000
0.000000
0.000000
0.000000
0.000000
0.000000
0.000000
0.000000
0.000000
0.000000
0.000000
0.000000
0.000000
0.000000
0.808608
0.094827
0.050494
0.010207
0.013628
0.002066
0.000000
0.006476
0.000483
0.007339
0.000572
0.000656
0.000115
0.001117
0.000037
0.000638
0.001008
0.000019
0.000053
0.001073
0.000401
0.000112
0.000068
0.000003
0.000000
0.000000
0.000000
0.000000
0.000000
0.000000
0.000000
0.000000
0.000000
0.000000
0.000000
0.000000
0.000000
0.000000
0.000000
0.000000
0.000000
0.000000
0.000000
0.000000
0.797167
0.130499
0.029760
0.015632
0.018173
0.001130
0.000031
0.001548
0.000007
0.000333
0.000142
0.001740
0.000889
0.001097
0.000090
0.000050
0.000243
0.000505
0.000211
0.000199
0.000013
0.000458
0.000073
0.000006
0.000000
0.000002
0.000000
0.000000
0.000001
0.000000
0.000000
0.000000
0.000000
0.000000
0.000000
0.000000
0.000000
0.000000
0.000000
0.000000
0.000000
0.000000
0.000000
0.000000
0.907141
0.064873
0.008788
0.008460
0.006132
0.000026
0.001383
0.000687
0.000027
0.000957
0.000191
0.000182
0.000245
0.000014
0.000001
0.000179
0.000048
0.000357
0.000025
0.000135
0.000124
0.000018
0.000001
0.000004
0.000000
0.000001
0.000000
0.000000
0.000000
0.000000
0.000000
0.000000
0.000000
0.000000
0.000000
0.000000
0.000000
0.000000
0.000000
0.000000
0.000000
0.000000
0.000000
0.000000
0.943003
0.006378
0.000003
0.006214
0.001697
0.008345
0.016870
0.003400
0.000595
0.002527
0.001741
0.001499
0.000164
0.001919
0.001158
0.003714
0.000424
0.000114
0.000118
0.000013
0.000037
0.000031
0.000001
0.000019
0.000005
0.000008
0.000000
0.000000
0.000000
0.000000
0.000000
0.000000
0.000000
0.000000
0.000000
0.000000
0.000000
0.000000
0.000000
0.000000
0.000000
0.000000
0.000000
0.000000
0.866199
0.031213
0.066637
0.001423
0.000154
0.000717
0.009564
0.000136
0.000000
0.007917
0.000381
0.012197
0.000012
0.000187
0.001965
0.000380
0.000004
0.000530
0.000237
0.000036
0.000002
0.000005
0.000085
0.000019
0.000000
0.000001
0.000000
0.000001
0.000000
0.000000
0.000000
0.000000
0.000000
0.000000
0.000000
0.000000
0.000000
0.000000
0.000000
0.000000
0.000000
0.000000
0.000000
0.000000
0.861909
0.050416
0.070311
0.003373
0.001127
0.000049
0.007638
0.001735
0.000146
0.000834
0.000683
0.000131
0.001085
0.000087
0.000074
0.000148
0.000097
0.000003
0.000011
0.000058
0.000007
0.000001
0.000035
0.000019
0.000021
0.000001
0.000001
0.000002
0.000000
0.000000
0.000000
0.000000
0.000000
0.000000
0.000000
0.000000
0.000000
0.000000
0.000000
0.000000
0.000000
0.000000
0.000000
0.000000
0.860980
0.067890
0.058565
0.003495
0.003650
0.000011
0.002178
0.000643
0.000057
0.000264
0.000003
0.000192
0.000453
0.000343
0.000000
0.000134
0.000613
0.000065
0.000141
0.000132
0.000003
0.000153
0.000000
0.000004
0.000001
0.000029
0.000000
0.000000
0.000000
0.000000
0.000000
0.000000
0.000000
0.000000
0.000000
0.000000
0.000000
0.000000
0.000000
0.000000
0.000000
0.000000
0.000000
0.000000
0.958762
0.034605
0.000025
0.000069
0.001070
0.000839
0.003412
0.000085
0.000038
0.000109
0.000003
0.000052
0.000141
0.000300
0.000184
0.000083
0.000026
0.000036
0.000050
0.000062
0.000036
0.000011
0.000001
0.000001
0.000000
0.000000
0.000000
0.000000
0.000000
0.000000
0.000000
0.000000
0.000000
0.000000
0.000000
0.000000
0.000000
0.000000
0.000000
0.000000
0.000000
0.000000
0.000000
0.000000
0.782852
0.022608
0.013352
0.057415
0.066717
0.018758
0.006683
0.018690
0.002602
0.000188
0.000193
0.000364
0.002955
0.004275
0.000688
0.001175
0.000105
0.000116
0.000082
0.000000
0.000003
0.000029
0.000143
0.000003
0.000000
0.000002
0.000001
0.000000
0.000001
0.000000
0.000000
0.000000
0.000000
0.000000
0.000000
0.000000
0.000000
0.000000
0.000000
0.000000
0.000000
0.000000
0.000000
0.000000
0.992150
0.000716
0.000432
0.004723
0.000000
0.000290
0.000213
0.000016
0.000824
0.000117
0.000190
0.000109
0.000036
0.000023
0.000073
0.000004
0.000044
0.000008
0.000018
0.000006
0.000004
0.000000
0.000001
0.000001
0.000000
0.000001
0.000000
0.000000
0.000000
0.000000
0.000000
0.000000
0.000000
0.000000
0.000000
0.000000
0.000000
0.000000
0.000000
0.000000
0.000000
0.000000
0.000000
0.000000
0.991240
0.000235
0.000177
0.006220
0.000119
0.000315
0.000413
0.000018
0.000190
0.000104
0.000483
0.000060
0.000000
0.000055
0.000103
0.000028
0.000122
0.000040
0.000005
0.000051
0.000009
0.000000
0.000007
0.000001
0.000005
0.000000
0.000000
0.000000
0.000000
0.000000
0.000000
0.000000
0.000000
0.000000
0.000000
0.000000
0.000000
0.000000
0.000000
0.000000
0.000000
0.000000
0.000000
0.000000
0.864314
0.095905
0.000000
0.013753
0.005411
0.001697
0.001678
0.000841
0.001890
0.006864
0.000430
0.000400
0.000525
0.000342
0.001474
0.003146
0.000405
0.000720
0.000055
0.000004
0.000005
0.000080
0.000043
0.000000
0.000011
0.000003
0.000001
0.000001
0.000000
0.000000
0.000000
0.000000
0.000000
0.000000
0.000000
0.000000
0.000000
0.000000
0.000000
0.000000
0.000000
0.000000
0.000000
0.000000
0.908593
0.034627
0.003341
0.016078
0.000742
0.004103
0.002753
0.005484
0.002896
0.005094
0.004153
0.005333
0.001750
0.000967
0.000012
0.002320
0.001232
0.000319
0.000002
0.000126
0.000025
0.000001
0.000000
0.000042
0.000004
0.000001
0.000000
0.000001
0.000000
0.000000
0.000000
0.000000
0.000000
0.000000
0.000000
0.000000
0.000000
0.000000
0.000000
0.000000
0.000000
0.000000
0.000000
0.000000
0.708121
0.199992
0.000003
0.023997
0.002473
0.030895
0.003693
0.002288
0.000507
0.001502
0.001701
0.003853
0.015366
0.000000
0.001999
0.002392
0.000671
0.000060
0.000343
0.000070
0.000006
0.000025
0.000029
0.000012
0.000001
0.000000
0.000000
0.000000
0.000000
0.000000
0.000000
0.000000
0.000000
0.000000
0.000000
0.000000
0.000000
0.000000
0.000000
0.000000
0.000000
0.000000
0.000000
0.000000
0.949265
0.000053
0.035504
0.000148
0.002719
0.000009
0.000646
0.001779
0.000534
0.000863
0.000790
0.000762
0.000004
0.004099
0.001002
0.000771
0.000049
0.000010
0.000103
0.000088
0.000743
0.000033
0.000022
0.000000
0.000001
0.000003
0.000002
0.000000
0.000000
0.000000
0.000000
0.000000
0.000000
0.000000
0.000000
0.000000
0.000000
0.000000
0.000000
0.000000
0.000000
0.000000
0.000000
0.000000
0.000144
0.811347
0.055685
0.030848
0.047546
0.000441
0.032787
0.000096
0.010539
0.003237
0.000009
0.000347
0.001791
0.002427
0.001660
0.000089
0.000118
0.000636
0.000085
0.000017
0.000056
0.000003
0.000073
0.000014
0.000003
0.000001
0.000000
0.000000
0.000000
0.000000
0.000000
0.000000
0.000000
0.000000
0.000000
0.000000
0.000000
0.000000
0.000000
0.000000
0.000000
0.000000
0.000000
0.000000
0.614618
0.190429
0.000001
0.049324
0.061904
0.013580
0.031695
0.012943
0.004423
0.002387
0.005379
0.007143
0.002801
0.000502
0.001016
0.001297
0.000050
0.000195
0.000094
0.000015
0.000187
0.000016
0.000000
0.000000
0.000001
0.000000
0.000001
0.000000
0.000000
0.000000
0.000000
0.000000
0.000000
0.000000
0.000000
0.000000
0.000000
0.000000
0.000000
0.000000
0.000000
0.000000
0.000000
0.000000
0.907061
0.029211
0.013563
0.016033
0.007975
0.005916
0.000219
0.000055
0.008768
0.000267
0.003769
0.000154
0.000000
0.000120
0.003096
0.000347
0.000091
0.000030
0.003020
0.000089
0.000006
0.000197
0.000000
0.000005
0.000004
0.000000
0.000000
0.000001
0.000000
0.000000
0.000000
0.000000
0.000000
0.000000
0.000000
0.000000
0.000000
0.000000
0.000000
0.000000
0.000000
0.000000
0.000000
0.000000
0.839501
0.089725
0.046232
0.001503
0.010104
0.001088
0.004274
0.002788
0.000004
0.001921
0.000234
0.000918
0.000656
0.000043
0.000364
0.000024
0.000306
0.000077
0.000021
0.000067
0.000000
0.000021
0.000023
0.000020
0.000079
0.000002
0.000003
0.000000
0.000000
0.000000
0.000000
0.000000
0.000000
0.000000
0.000000
0.000000
0.000000
0.000000
0.000000
0.000000
0.000000
0.000000
0.000000
0.000000
0.978565
0.007179
0.000101
0.000027
0.009866
0.000254
0.000939
0.000015
0.000069
0.000896
0.000121
0.000285
0.000001
0.000740
0.000105
0.000670
0.000012
0.000023
0.000022
0.000011
0.000085
0.000003
0.000007
0.000002
0.000001
0.000000
0.000001
0.000000
0.000000
0.000000
0.000000
0.000000
0.000000
0.000000
0.000000
0.000000
0.000000
0.000000
0.000000
0.000000
0.000000
0.000000
0.000000
0.000000
0.560319
0.235973
0.101431
0.013785
0.016194
0.003924
0.027500
0.004476
0.019415
0.002779
0.009901
0.001575
0.001759
0.000237
0.000020
0.000459
0.000000
0.000130
0.000033
0.000052
0.000003
0.000002
0.000022
0.000000
0.000002
0.000008
0.000000
0.000001
0.000000
0.000000
0.000000
0.000000
0.000000
0.000000
0.000000
0.000000
0.000000
0.000000
0.000000
0.000000
0.000000
0.000000
0.000000
0.000000
0.830724
0.041503
0.069455
0.002397
0.045932
0.001000
0.000613
0.000981
0.003374
0.000858
0.000442
0.001340
0.000000
0.000144
0.000580
0.000134
0.000150
0.000000
0.000038
0.000027
0.000192
0.000003
0.000059
0.000002
0.000045
0.000001
0.000006
0.000000
0.000001
0.000000
0.000000
0.000000
0.000000
0.000000
0.000000
0.000000
0.000000
0.000000
0.000000
0.000000
0.000000
0.000000
0.000000
0.000000
0.656488
0.195078
0.000978
0.086414
0.006216
0.033752
0.004129
0.005765
0.000648
0.006462
0.002653
0.000145
0.000019
0.000135
0.000025
0.000520
0.000001
0.000077
0.000248
0.000118
0.000013
0.000000
0.000109
0.000003
0.000004
0.000000
0.000000
0.000000
0.000000
0.000000
0.000000
0.000000
0.000000
0.000000
0.000000
0.000000
0.000000
0.000000
0.000000
0.000000
0.000000
0.000000
0.000000
0.000000
0.474680
0.196493
0.258670
0.020846
0.028442
0.001542
0.002008
0.006015
0.000000
0.001577
0.000714
0.000109
0.006641
0.000652
0.000005
0.000304
0.000000
0.000016
0.000502
0.000534
0.000233
0.000002
0.000009
0.000000
0.000004
0.000000
0.000000
0.000000
0.000000
0.000000
0.000000
0.000000
0.000000
0.000000
0.000000
0.000000
0.000000
0.000000
0.000000
0.000000
0.000000
0.000000
0.000000
0.000000
0.954248
0.016996
0.001482
0.017121
0.002158
0.000537
0.002762
0.001954
0.000007
0.000930
0.000076
0.000284
0.000101
0.000002
0.000614
0.000028
0.000101
0.000155
0.000094
0.000025
0.000023
0.000198
0.000087
0.000000
0.000017
0.000001
0.000000
0.000000
0.000002
0.000000
0.000000
0.000000
0.000000
0.000000
0.000000
0.000000
0.000000
0.000000
0.000000
0.000000
0.000000
0.000000
0.000000
0.000000
0.955952
0.020259
0.000704
0.002464
0.000802
0.011101
0.005331
0.001616
0.000239
0.000010
0.000148
0.000080
0.000000
0.000283
0.000001
0.000072
0.000445
0.000073
0.000051
0.000214
0.000067
0.000042
0.000005
0.000002
0.000031
0.000004
0.000000
0.000001
0.000001
0.000000
0.000000
0.000000
0.000000
0.000000
0.000000
0.000000
0.000000
0.000000
0.000000
0.000000
0.000000
0.000000
0.000000
0.000000
0.561623
0.320273
0.037513
0.004034
0.035366
0.000000
0.027880
0.000039
0.004246
0.000301
0.000485
0.000992
0.000801
0.002231
0.000000
0.002083
0.000161
0.001757
0.000043
0.000127
0.000000
0.000008
0.000020
0.000003
0.000011
0.000002
0.000001
0.000001
0.000000
0.000000
0.000000
0.000000
0.000000
0.000000
0.000000
0.000000
0.000000
0.000000
0.000000
0.000000
0.000000
0.000000
0.000000
0.000000
0.882513
0.040329
0.000130
0.049221
0.001683
0.019809
0.000192
0.002234
0.000175
0.001840
0.001325
0.000003
0.000038
0.000008
0.000073
0.000269
0.000038
0.000024
0.000039
0.000018
0.000008
0.000003
0.000025
0.000002
0.000001
0.000000
0.000000
0.000000
0.000000
0.000000
0.000000
0.000000
0.000000
0.000000
0.000000
0.000000
0.000000
0.000000
0.000000
0.000000
0.000000
0.000000
0.000000
0.000000
0.685640
0.171235
0.001141
0.003399
0.048641
0.000557
0.015990
0.000335
0.016755
0.035505
0.008368
0.007147
0.002806
0.000046
0.001928
0.000071
0.000146
0.000261
0.000018
0.000001
0.000001
0.000004
0.000001
0.000001
0.000000
0.000000
0.000000
0.000000
0.000000
0.000000
0.000000
0.000000
0.000000
0.000000
0.000000
0.000000
0.000000
0.000000
0.000000
0.000000
0.000000
0.000000
0.000000
0.000000
0.943574
0.025094
0.000060
0.016858
0.002897
0.008051
0.000449
0.000929
0.000049
0.001434
0.000318
0.000080
0.000010
0.000163
0.000000
0.000000
0.000003
0.000001
0.000003
0.000016
0.000006
0.000000
0.000002
0.000001
0.000000
0.000000
0.000000
0.000000
0.000000
0.000000
0.000000
0.000000
0.000000
0.000000
0.000000
0.000000
0.000000
0.000000
0.000000
0.000000
0.000000
0.000000
0.000000
0.000000
