0.279167	0.270988	0.012951	0.002407	0.007201	0.006594	0.000011	0.003162	0.000598	0.000535	0.004089	0.001191	0.002221	0.002169	0.000102	0.000672	0.000905	0.001155	0.005881	0.000003	0.001755	0.000339	0.002030	0.005458	0.000001	0.001417	0.000207	0.000617	0.010781	0.049976	0.185026	0.105040	0.002803	0.003293	0.001476	0.025203	0.002574	0.000000	0.000000	0.000000	0.000000	0.000000	0.000000	0.000000
0.007439	0.037399	0.345858	0.008864	0.017617	0.003322	0.008579	0.005480	0.000919	0.003668	0.000071	0.000100	0.009905	0.003614	0.000501	0.002476	0.000736	0.001340	0.000427	0.000004	0.000769	0.000071	0.000021	0.001260	0.000146	0.000044	0.001646	0.005196	0.020630	0.066827	0.206452	0.000468	0.127731	0.016949	0.065694	0.025203	0.002574	0.000000	0.000000	0.000000	0.000000	0.000000	0.000000	0.000000
0.000201	0.011189	0.231041	0.003902	0.003367	0.000076	0.012312	0.001061	0.010786	0.032965	0.018949	0.006368	0.127704	0.039323	0.005818	0.042814	0.022713	0.003285	0.000217	0.016984	0.008138	0.009788	0.003091	0.002237	0.002825	0.001359	0.004016	0.003669	0.001086	0.001073	0.001001	0.091608	0.168707	0.035099	0.047454	0.025203	0.002574	0.000000	0.000000	0.000000	0.000000	0.000000	0.000000	0.000000
0.001301	0.007497	0.010774	0.000225	0.002762	0.002011	0.039064	0.007133	0.015147	0.051124	0.015850	0.003057	0.228736	0.063943	0.015224	0.046543	0.019711	0.010969	0.022309	0.018280	0.000048	0.014632	0.018689	0.002799	0.004332	0.000929	0.002713	0.000723	0.002684	0.001317	0.000220	0.091497	0.167403	0.035122	0.047454	0.025203	0.002574	0.000000	0.000000	0.000000	0.000000	0.000000	0.000000	0.000000
0.111401	0.105714	0.226710	0.003646	0.004972	0.020095	0.009991	0.002042	0.004111	0.001969	0.002074	0.000699	0.001613	0.000777	0.000001	0.002555	0.001369	0.004842	0.000210	0.000051	0.000141	0.000753	0.000970	0.000162	0.000000	0.000000	0.000523	0.000135	0.020796	0.108754	0.185726	0.037937	0.012042	0.019378	0.080063	0.025203	0.002574	0.000000	0.000000	0.000000	0.000000	0.000000	0.000000	0.000000
0.000323	0.001687	0.000985	0.048500	0.095969	0.157460	0.173360	0.163056	0.008545	0.000012	0.045348	0.015742	0.003395	0.024840	0.000541	0.000123	0.004263	0.023331	0.007117	0.000010	0.006831	0.001035	0.001186	0.010049	0.002373	0.001091	0.001014	0.000073	0.001441	0.010723	0.000000	0.016540	0.003231	0.038635	0.103388	0.025203	0.002574	0.000000	0.000000	0.000000	0.000000	0.000000	0.000000	0.000000
0.000160	0.009030	0.015596	0.000362	0.002962	0.001002	0.009937	0.212282	0.169974	0.024533	0.051536	0.086765	0.036475	0.028252	0.013872	0.028184	0.000859	0.042862	0.008919	0.024770	0.000113	0.000001	0.014557	0.011060	0.000184	0.001568	0.001579	0.000105	0.001704	0.011845	0.000001	0.016167	0.003260	0.038514	0.103236	0.025203	0.002574	0.000000	0.000000	0.000000	0.000000	0.000000	0.000000	0.000000
0.001060	0.002960	0.007315	0.000000	0.001505	0.005248	0.005764	0.035688	0.005906	0.001771	0.044108	0.178849	0.096605	0.047504	0.000119	0.030937	0.032137	0.118794	0.027118	0.139335	0.005333	0.000000	0.001674	0.001918	0.002126	0.000792	0.001309	0.001300	0.001157	0.012031	0.000021	0.017163	0.002919	0.039054	0.102705	0.025203	0.002574	0.000000	0.000000	0.000000	0.000000	0.000000	0.000000	0.000000
0.000122	0.017226	0.059591	0.008549	0.025122	0.041309	0.076090	0.016722	0.089340	0.000647	0.056441	0.000322	0.025916	0.026535	0.003351	0.021126	0.015469	0.003879	0.002507	0.043070	0.000352	0.000143	0.001242	0.003053	0.000684	0.000948	0.000475	0.000464	0.000353	0.000866	0.000222	0.009881	0.093691	0.032692	0.293821	0.025203	0.002574	0.000000	0.000000	0.000000	0.000000	0.000000	0.000000	0.000000
0.001408	0.010574	0.046217	0.007421	0.021609	0.024614	0.096915	0.001632	0.089720	0.015429	0.101009	0.026376	0.000467	0.004558	0.013378	0.012030	0.052021	0.010161	0.012241	0.085227	0.000297	0.005053	0.001430	0.000001	0.000344	0.001177	0.000034	0.000481	0.000108	0.006459	0.000164	0.000984	0.131223	0.142832	0.048627	0.025203	0.002574	0.000000	0.000000	0.000000	0.000000	0.000000	0.000000	0.000000
0.003563	0.000746	0.001040	0.000087	0.000099	0.001840	0.001671	0.004142	0.000141	0.017881	0.003699	0.017152	0.014722	0.058180	0.006756	0.084952	0.099314	0.024578	0.004084	0.246996	0.004318	0.006022	0.015347	0.019873	0.002731	0.000678	0.000724	0.000509	0.001134	0.004533	0.000309	0.001067	0.133503	0.141647	0.048185	0.025203	0.002574	0.000000	0.000000	0.000000	0.000000	0.000000	0.000000	0.000000
0.422213	0.339148	0.001149	0.005837	0.006564	0.092284	0.000000	0.002305	0.000591	0.006440	0.006851	0.000456	0.000123	0.001869	0.028653	0.000015	0.000104	0.000042	0.032980	0.000216	0.000008	0.000124	0.018837	0.003799	0.000017	0.000971	0.000344	0.000096	0.000109	0.000003	0.000072	0.000001	0.000000	0.000001	0.000000	0.025203	0.002574	0.000000	0.000000	0.000000	0.000000	0.000000	0.000000	0.000000
0.007459	0.067638	0.000311	0.138452	0.205219	0.066082	0.014194	0.000055	0.026209	0.043137	0.000664	0.009509	0.013739	0.001528	0.055937	0.000000	0.000080	0.001831	0.093474	0.000045	0.000259	0.000750	0.070012	0.011422	0.001233	0.008812	0.016348	0.001345	0.001371	0.079282	0.033719	0.001619	0.000076	0.000397	0.000014	0.025203	0.002574	0.000000	0.000000	0.000000	0.000000	0.000000	0.000000	0.000000
0.009377	0.000854	0.000016	0.000264	0.000000	0.001876	0.000164	0.003186	0.012963	0.001171	0.028007	0.029967	0.050577	0.000044	0.060524	0.114591	0.062869	0.011107	0.003843	0.053645	0.000005	0.083755	0.234234	0.049946	0.022495	0.004559	0.012176	0.004328	0.006382	0.076049	0.031623	0.001161	0.000069	0.000379	0.000015	0.025203	0.002574	0.000000	0.000000	0.000000	0.000000	0.000000	0.000000	0.000000
0.002514	0.014837	0.000197	0.052886	0.238972	0.062025	0.035546	0.021565	0.190230	0.049966	0.054894	0.032033	0.022650	0.006600	0.008754	0.000003	0.000067	0.002510	0.014897	0.000005	0.001195	0.000073	0.013402	0.001964	0.000699	0.003784	0.011891	0.000750	0.000756	0.084934	0.039244	0.001826	0.000077	0.000458	0.000016	0.025203	0.002574	0.000000	0.000000	0.000000	0.000000	0.000000	0.000000	0.000000
0.000343	0.001955	0.000063	0.011071	0.017463	0.007620	0.043513	0.009168	0.026649	0.176401	0.005520	0.028550	0.027938	0.082696	0.124181	0.017361	0.110246	0.093488	0.005299	0.001492	0.000219	0.004470	0.034666	0.004989	0.002296	0.003131	0.007402	0.000746	0.000426	0.082217	0.038257	0.001817	0.000095	0.000458	0.000015	0.025203	0.002574	0.000000	0.000000	0.000000	0.000000	0.000000	0.000000	0.000000
0.007647	0.001118	0.000363	0.002507	0.000193	0.004255	0.000706	0.000003	0.071676	0.005934	0.049571	0.035106	0.000951	0.004848	0.046628	0.006502	0.341989	0.087600	0.082143	0.070950	0.007147	0.000615	0.002097	0.000021	0.005965	0.003527	0.018670	0.001654	0.000535	0.073462	0.036077	0.001335	0.000032	0.000379	0.000021	0.025203	0.002574	0.000000	0.000000	0.000000	0.000000	0.000000	0.000000	0.000000
0.008835	0.001163	0.000789	0.000688	0.000193	0.008526	0.001636	0.000343	0.013614	0.007764	0.000919	0.021319	0.103411	0.002298	0.007662	0.000479	0.022159	0.032581	0.219154	0.000078	0.010721	0.192137	0.028910	0.104431	0.030634	0.001015	0.007483	0.006932	0.001690	0.088973	0.042696	0.002348	0.000114	0.000521	0.000005	0.025203	0.002574	0.000000	0.000000	0.000000	0.000000	0.000000	0.000000	0.000000
0.009246	0.000012	0.000359	0.000010	0.000129	0.000213	0.000570	0.000017	0.000182	0.000108	0.000001	0.000934	0.002976	0.011114	0.005664	0.009034	0.010369	0.008043	0.003844	0.015574	0.765512	0.000358	0.000010	0.003210	0.119960	0.003373	0.000860	0.000523	0.000002	0.000001	0.000000	0.000003	0.000009	0.000002	0.000000	0.025203	0.002574	0.000000	0.000000	0.000000	0.000000	0.000000	0.000000	0.000000
0.003802	0.001756	0.000171	0.000776	0.004192	0.000172	0.008518	0.006061	0.024557	0.009517	0.136729	0.346801	0.089638	0.199611	0.059885	0.023807	0.002210	0.008319	0.018618	0.002609	0.005043	0.004257	0.012005	0.001541	0.001172	0.000324	0.000011	0.000029	0.000049	0.000015	0.000025	0.000001	0.000003	0.000000	0.000000	0.025203	0.002574	0.000000	0.000000	0.000000	0.000000	0.000000	0.000000	0.000000
0.007000	0.000305	0.003928	0.000228	0.001291	0.059525	0.009290	0.076985	0.011901	0.010985	0.035032	0.001213	0.010738	0.016583	0.000097	0.000367	0.001378	0.001568	0.072207	0.024567	0.000002	0.091273	0.049544	0.165122	0.002309	0.064943	0.012697	0.006236	0.107975	0.028785	0.002357	0.014776	0.008040	0.065771	0.007203	0.025203	0.002574	0.000000	0.000000	0.000000	0.000000	0.000000	0.000000	0.000000
0.008794	0.000148	0.003424	0.000004	0.000056	0.050308	0.006835	0.051906	0.004607	0.016123	0.052045	0.000366	0.011227	0.021158	0.012064	0.005622	0.000280	0.000362	0.051547	0.027090	0.003652	0.188241	0.014846	0.092860	0.006517	0.080820	0.004507	0.014952	0.124002	0.019064	0.002752	0.015200	0.008387	0.065340	0.007117	0.025203	0.002574	0.000000	0.000000	0.000000	0.000000	0.000000	0.000000	0.000000
0.010712	0.000076	0.000026	0.000004	0.000001	0.000183	0.000296	0.000043	0.001955	0.000545	0.001772	0.003664	0.000954	0.000002	0.003799	0.010232	0.000001	0.000869	0.002199	0.000095	0.001830	0.063224	0.159771	0.353842	0.000212	0.147834	0.000345	0.055773	0.036521	0.021435	0.000331	0.011715	0.007919	0.066137	0.007905	0.025203	0.002574	0.000000	0.000000	0.000000	0.000000	0.000000	0.000000	0.000000
0.011522	0.000002	0.000024	0.000283	0.000443	0.000009	0.000049	0.000490	0.000309	0.000174	0.000765	0.000069	0.000442	0.000083	0.001984	0.002277	0.000923	0.000083	0.028208	0.000058	0.004796	0.005481	0.005041	0.000001	0.000469	0.001423	0.080671	0.644407	0.005732	0.004407	0.005538	0.008900	0.040913	0.109590	0.006654	0.025203	0.002574	0.000000	0.000000	0.000000	0.000000	0.000000	0.000000	0.000000
0.011037	0.000010	0.000101	0.000184	0.000286	0.000002	0.000002	0.000432	0.000045	0.000579	0.002016	0.000571	0.000047	0.001284	0.002692	0.003008	0.000527	0.001055	0.022895	0.000538	0.000822	0.000388	0.014022	0.000239	0.002196	0.623719	0.015776	0.060389	0.100496	0.002602	0.000686	0.016278	0.007446	0.071802	0.008048	0.025203	0.002574	0.000000	0.000000	0.000000	0.000000	0.000000	0.000000	0.000000
0.011446	0.000007	0.000049	0.000321	0.000454	0.000388	0.000104	0.000108	0.000277	0.000803	0.000014	0.000282	0.001060	0.000117	0.001308	0.001585	0.001833	0.000292	0.006125	0.000291	0.003741	0.000169	0.000110	0.037124	0.000088	0.000359	0.012281	0.096244	0.548434	0.087303	0.052482	0.017182	0.002781	0.075135	0.011923	0.025203	0.002574	0.000000	0.000000	0.000000	0.000000	0.000000	0.000000	0.000000
0.000271	0.000600	0.021977	0.111932	0.300244	0.000201	0.090331	0.070937	0.094161	0.059849	0.027054	0.000098	0.000018	0.015700	0.085077	0.012606	0.022886	0.000040	0.027201	0.001937	0.001005	0.000074	0.011505	0.010777	0.004195	0.000871	0.000522	0.000028	0.000094	0.000000	0.000025	0.000003	0.000000	0.000001	0.000000	0.025203	0.002574	0.000000	0.000000	0.000000	0.000000	0.000000	0.000000	0.000000
0.007431	0.000333	0.001184	0.004531	0.011116	0.001166	0.005355	0.000222	0.003652	0.043688	0.010623	0.000045	0.001393	0.275966	0.057462	0.455830	0.001570	0.015623	0.019780	0.007982	0.000351	0.008659	0.012707	0.015899	0.008890	0.000025	0.000531	0.000157	0.000015	0.000022	0.000012	0.000001	0.000000	0.000000	0.000000	0.025203	0.002574	0.000000	0.000000	0.000000	0.000000	0.000000	0.000000	0.000000
0.012365	0.056277	0.001262	0.389593	0.007491	0.048947	0.020362	0.023868	0.045128	0.061885	0.011384	0.005218	0.003424	0.001173	0.003528	0.000996	0.009718	0.002406	0.081856	0.006662	0.001382	0.000304	0.020058	0.007018	0.012865	0.007217	0.022486	0.005451	0.000011	0.000291	0.013011	0.077204	0.010120	0.000012	0.001250	0.025203	0.002574	0.000000	0.000000	0.000000	0.000000	0.000000	0.000000	0.000000
0.002449	0.000092	0.002300	0.003613	0.000638	0.009597	0.017227	0.043428	0.000191	0.003139	0.009230	0.024162	0.011868	0.025918	0.006294	0.005721	0.095671	0.336840	0.005269	0.044455	0.086257	0.006217	0.019531	0.005584	0.058609	0.004831	0.040336	0.003000	0.000001	0.000000	0.008814	0.079650	0.010054	0.000021	0.001217	0.025203	0.002574	0.000000	0.000000	0.000000	0.000000	0.000000	0.000000	0.000000
0.001897	0.036690	0.000513	0.167574	0.000669	0.190812	0.106264	0.062446	0.018462	0.150577	0.012481	0.014412	0.005417	0.000070	0.004319	0.001641	0.002669	0.007056	0.025033	0.010718	0.004138	0.000020	0.000095	0.000856	0.013052	0.002631	0.026873	0.004210	0.000051	0.000285	0.011262	0.077530	0.010208	0.000017	0.001273	0.025203	0.002574	0.000000	0.000000	0.000000	0.000000	0.000000	0.000000	0.000000
0.001801	0.001305	0.000570	0.019830	0.000151	0.012675	0.146256	0.113205	0.012088	0.004270	0.058897	0.005182	0.017674	0.019512	0.171728	0.012024	0.042004	0.048757	0.003813	0.067496	0.002800	0.037581	0.025377	0.001146	0.010999	0.001639	0.027943	0.004778	0.000375	0.000267	0.011626	0.077074	0.010073	0.000020	0.001285	0.025203	0.002574	0.000000	0.000000	0.000000	0.000000	0.000000	0.000000	0.000000
0.007387	0.000464	0.000052	0.003183	0.019102	0.000184	0.007548	0.000100	0.042722	0.192636	0.071022	0.097537	0.071360	0.002984	0.126136	0.000606	0.018830	0.084785	0.015126	0.016332	0.010097	0.004525	0.017459	0.000212	0.032346	0.002390	0.023082	0.002935	0.000034	0.000469	0.008496	0.080360	0.010366	0.000023	0.001337	0.025203	0.002574	0.000000	0.000000	0.000000	0.000000	0.000000	0.000000	0.000000
0.011348	0.000000	0.000000	0.000300	0.000518	0.000004	0.000020	0.000816	0.000155	0.000267	0.000112	0.000004	0.000264	0.001250	0.000388	0.001121	0.001094	0.001510	0.004577	0.000055	0.011659	0.000688	0.009928	0.003985	0.004913	0.019464	0.630991	0.070091	0.001862	0.067703	0.059579	0.049606	0.016288	0.000318	0.001342	0.025203	0.002574	0.000000	0.000000	0.000000	0.000000	0.000000	0.000000	0.000000
0.010428	0.000016	0.000123	0.000087	0.000041	0.000021	0.004078	0.001414	0.000706	0.000197	0.000600	0.000748	0.001100	0.000166	0.008596	0.019315	0.000834	0.003133	0.013710	0.014893	0.046346	0.006855	0.018292	0.054267	0.635764	0.000001	0.011523	0.000383	0.000847	0.007849	0.022167	0.076044	0.010417	0.000002	0.001259	0.025203	0.002574	0.000000	0.000000	0.000000	0.000000	0.000000	0.000000	0.000000
0.006532	0.000186	0.002973	0.001880	0.001390	0.119353	0.047441	0.058497	0.001781	0.003310	0.080621	0.005133	0.003254	0.007732	0.056979	0.022843	0.000191	0.004901	0.055171	0.057486	0.002918	0.261928	0.147302	0.011877	0.006359	0.002330	0.000013	0.001287	0.000356	0.000176	0.000006	0.000012	0.000000	0.000001	0.000000	0.025203	0.002574	0.000000	0.000000	0.000000	0.000000	0.000000	0.000000	0.000000
0.000000	0.000000	0.000000	0.000000	0.000000	0.000000	0.000000	0.000000	0.000000	0.000000	0.000000	0.000000	0.000000	0.000000	0.000000	0.000000	0.000000	0.000000	0.000000	0.000000	0.000000	0.000000	0.000000	0.000000	0.000000	0.000000	0.000000	0.000000	0.000000	0.000000	0.000000	0.000000	0.000000	0.000000	0.000000	0.011585	0.113415	0.000272	0.265783	0.073242	0.205044	0.302616	0.000476	0.027566
0.000000	0.000000	0.000000	0.000000	0.000000	0.000000	0.000000	0.000000	0.000000	0.000000	0.000000	0.000000	0.000000	0.000000	0.000000	0.000000	0.000000	0.000000	0.000000	0.000000	0.000000	0.000000	0.000000	0.000000	0.000000	0.000000	0.000000	0.000000	0.000000	0.000000	0.000000	0.000000	0.000000	0.000000	0.000000	0.011585	0.113415	0.002094	0.213752	0.249490	0.036107	0.050170	0.322890	0.000497
0.000000	0.000000	0.000000	0.000000	0.000000	0.000000	0.000000	0.000000	0.000000	0.000000	0.000000	0.000000	0.000000	0.000000	0.000000	0.000000	0.000000	0.000000	0.000000	0.000000	0.000000	0.000000	0.000000	0.000000	0.000000	0.000000	0.000000	0.000000	0.000000	0.000000	0.000000	0.000000	0.000000	0.000000	0.000000	0.011585	0.113415	0.336034	0.000209	0.255545	0.036619	0.058650	0.128510	0.059432
0.000000	0.000000	0.000000	0.000000	0.000000	0.000000	0.000000	0.000000	0.000000	0.000000	0.000000	0.000000	0.000000	0.000000	0.000000	0.000000	0.000000	0.000000	0.000000	0.000000	0.000000	0.000000	0.000000	0.000000	0.000000	0.000000	0.000000	0.000000	0.000000	0.000000	0.000000	0.000000	0.000000	0.000000	0.000000	0.011585	0.113415	0.001503	0.062762	0.057268	0.034049	0.001024	0.028425	0.689969
0.000000	0.000000	0.000000	0.000000	0.000000	0.000000	0.000000	0.000000	0.000000	0.000000	0.000000	0.000000	0.000000	0.000000	0.000000	0.000000	0.000000	0.000000	0.000000	0.000000	0.000000	0.000000	0.000000	0.000000	0.000000	0.000000	0.000000	0.000000	0.000000	0.000000	0.000000	0.000000	0.000000	0.000000	0.000000	0.011585	0.113415	0.004857	0.014982	0.214296	0.317296	0.051088	0.197014	0.075468
0.000000	0.000000	0.000000	0.000000	0.000000	0.000000	0.000000	0.000000	0.000000	0.000000	0.000000	0.000000	0.000000	0.000000	0.000000	0.000000	0.000000	0.000000	0.000000	0.000000	0.000000	0.000000	0.000000	0.000000	0.000000	0.000000	0.000000	0.000000	0.000000	0.000000	0.000000	0.000000	0.000000	0.000000	0.000000	0.011585	0.113415	0.038509	0.289922	0.002945	0.001483	0.526768	0.014364	0.001010
0.000000	0.000000	0.000000	0.000000	0.000000	0.000000	0.000000	0.000000	0.000000	0.000000	0.000000	0.000000	0.000000	0.000000	0.000000	0.000000	0.000000	0.000000	0.000000	0.000000	0.000000	0.000000	0.000000	0.000000	0.000000	0.000000	0.000000	0.000000	0.000000	0.000000	0.000000	0.000000	0.000000	0.000000	0.000000	0.011585	0.113415	0.002760	0.134686	0.076815	0.317238	0.009679	0.235779	0.098043
0.000000	0.000000	0.000000	0.000000	0.000000	0.000000	0.000000	0.000000	0.000000	0.000000	0.000000	0.000000	0.000000	0.000000	0.000000	0.000000	0.000000	0.000000	0.000000	0.000000	0.000000	0.000000	0.000000	0.000000	0.000000	0.000000	0.000000	0.000000	0.000000	0.000000	0.000000	0.000000	0.000000	0.000000	0.000000	0.011585	0.113415	0.613971	0.017904	0.070400	0.052163	0.000005	0.072542	0.048015
