0.024272
0.003662
0.001104
0.031793
0.004789
0.042066
0.009450
0.001065
0.007428
0.000378
0.002316
0.021363
0.000000
0.000000
0.000000
0.000000
0.000000
0.000000
0.000000
0.000000
0.000000
0.000000
0.000000
0.000000
0.000000
0.000000
0.000000
0.000000
0.000000
0.000000
0.000000
0.000000
0.000000
0.000000
0.000000
0.000000
0.000000
0.000000
0.000000
0.000000
0.000000
0.000000
0.000000
0.850314
0.013750
0.004144
0.376254
0.401879
0.012132
0.016434
0.050176
0.009120
0.005879
0.002045
0.005544
0.002051
0.010228
0.005111
0.000449
0.007265
0.003864
0.002135
0.009304
0.001334
0.004876
0.000772
0.000010
0.000007
0.004915
0.001490
0.003320
0.000580
0.002853
0.004933
0.000298
0.010230
0.004308
0.005458
0.001063
0.000229
0.001984
0.002322
0.003279
0.000653
0.000617
0.001558
0.000692
0.004457
0.024436
0.002055
0.006281
0.025233
0.000000
0.008762
0.030762
0.027753
0.005377
0.000039
0.054910
0.024133
0.001137
0.015056
0.052118
0.001118
0.028675
0.068472
0.021397
0.026350
0.112757
0.001928
0.001614
0.000271
0.021308
0.003208
0.000078
0.029405
0.051570
0.005344
0.031466
0.009491
0.049590
0.000363
0.033531
0.025868
0.001899
0.002699
0.159443
0.013498
0.001784
0.003285
0.015480
0.000056
0.024836
0.001050
0.000173
0.000918
0.004789
0.009687
0.011423
0.004036
0.000006
0.047389
0.000621
0.002782
0.000116
0.001636
0.235378
0.032491
0.020820
0.041294
0.030468
0.008401
0.082740
0.018258
0.013544
0.000013
0.120139
0.006275
0.000360
0.024763
0.053145
0.001341
0.010874
0.000414
0.024327
0.000184
0.013005
0.000290
0.000519
0.076940
0.000006
0.002571
0.058209
0.007706
0.001742
0.004319
0.024318
0.006578
0.007187
0.000919
0.014174
0.004923
0.009477
0.004079
0.004512
0.071027
0.002186
0.013212
0.043316
0.005773
0.027463
0.125114
0.000033
0.091776
0.080740
0.000809
0.032628
0.009539
0.126728
0.001587
0.012656
0.001324
0.002851
0.020206
0.015903
0.113939
0.002868
0.014960
0.012902
0.006489
0.013113
0.003123
0.000279
0.000399
0.040759
0.001881
0.008651
0.001552
0.012902
0.005146
0.024613
0.003730
0.005052
0.001803
0.006904
0.000074
0.001939
0.000025
0.002354
0.027169
0.000361
0.009964
0.009044
0.003809
0.040800
0.024308
0.045075
0.112210
0.291226
0.059055
0.027031
0.049357
0.002391
0.015130
0.069659
0.013825
0.038432
0.004445
0.000578
0.013291
0.024449
0.000273
0.006397
0.003697
0.006774
0.016033
0.005465
0.002704
0.008761
0.007048
0.000449
0.001654
0.011112
0.001534
0.024746
0.000001
0.001808
0.008347
0.004684
0.012928
0.020740
0.017639
0.000022
0.112545
0.001706
0.000285
0.007132
0.041014
0.223716
0.046796
0.120223
0.009409
0.006447
0.059207
0.006071
0.004327
0.000313
0.015322
0.028183
0.000330
0.083172
0.009801
0.009015
0.014250
0.001476
0.000175
0.001453
0.000220
0.020626
0.027521
0.016990
0.001697
0.008251
0.000193
0.002985
0.022510
0.003152
0.002575
0.024497
0.004772
0.004751
0.005326
0.003815
0.017217
0.005333
0.000000
0.000882
0.003998
0.000106
0.008153
0.004144
0.001891
0.045113
0.034236
0.005179
0.014684
0.001793
0.009034
0.058338
0.003738
0.393508
0.009891
0.037947
0.006850
0.025877
0.021896
0.017245
0.035342
0.004828
0.031238
0.005559
0.013391
0.002022
0.010170
0.000940
0.025682
0.001856
0.016530
0.070764
0.000570
0.000010
0.010884
0.024376
0.001541
0.009325
0.007172
0.010920
0.050791
0.009454
0.023663
0.050270
0.000261
0.118547
0.009791
0.000010
0.004697
0.000660
0.028915
0.010795
0.001308
0.073184
0.015653
0.027385
0.123085
0.037900
0.082254
0.098808
0.001003
0.001326
0.004724
0.012922
0.009045
0.000100
0.006813
0.012262
0.009161
0.041752
0.009349
0.000010
0.001452
0.005700
0.053059
0.003511
0.000182
0.000668
0.006198
0.024737
0.003056
0.000113
0.000169
0.000783
0.000100
0.065595
0.000744
0.019169
0.013487
0.016527
0.013498
0.000055
0.000739
0.015545
0.015526
0.260978
0.019416
0.051110
0.231016
0.001463
0.013187
0.003804
0.003803
0.013608
0.007444
0.000036
0.008400
0.005114
0.023019
0.049602
0.011085
0.016171
0.005886
0.002236
0.012455
0.005799
0.008834
0.002267
0.007102
0.009122
0.017909
0.016596
0.002693
0.020398
0.003144
0.128272
0.199368
0.006798
0.003527
0.004389
0.055044
0.014969
0.000145
0.014674
0.317237
0.019950
0.000008
0.014598
0.000024
0.004936
0.028561
0.000200
0.037572
0.062509
0.000012
0.001402
0.012236
0.000730
0.000039
0.000000
0.005262
0.006396
0.000536
0.000868
0.005347
0.001415
0.009537
0.000479
0.002692
0.000145
0.001413
0.001531
0.001192
0.000551
0.000216
0.000010
0.011667
0.021648
0.055939
0.001359
0.002817
0.000007
0.000008
0.000968
0.010186
0.010053
0.027620
0.000280
0.013724
0.014229
0.133437
0.025197
0.030737
0.000520
0.001577
0.003186
0.009051
0.072300
0.058874
0.003107
0.004905
0.001329
0.002346
0.016972
0.002715
0.041576
0.003513
0.137299
0.000183
0.010923
0.075574
0.013624
0.051977
0.014270
0.018640
0.002123
0.031793
0.029136
0.018969
0.025222
0.000089
0.023882
0.017964
0.001214
0.003361
0.000496
0.000335
0.000025
0.009722
0.004806
0.001598
0.000028
0.010861
0.068780
0.010274
0.013429
0.004145
0.001072
0.012234
0.000055
0.140374
0.009135
0.040313
0.037548
0.001274
0.050832
0.048774
0.045317
0.008448
0.000687
0.034149
0.152583
0.001357
0.000001
0.011956
0.071967
0.022494
0.009424
0.018846
0.035488
0.020820
0.026050
0.013291
0.013981
0.000611
0.020998
0.051081
0.003048
0.063157
0.017745
0.004516
0.127203
0.053609
0.000225
0.000059
0.010863
0.072195
0.002364
0.001653
0.046796
0.048479
0.076097
0.012947
0.022757
0.000012
0.025329
0.060490
0.050632
0.022645
0.000045
0.000293
0.039542
0.000022
0.012740
0.031594
0.000001
0.006037
0.005242
0.001228
0.007429
0.012315
0.005182
0.000233
0.045529
0.025377
0.010212
0.001716
0.000313
0.000052
0.023606
0.000424
0.007834
0.003399
0.140426
0.000514
0.054867
0.025367
0.022751
0.001530
0.051276
0.003703
0.030517
0.005574
0.004678
0.133058
0.003129
0.000001
0.015050
0.006686
0.000867
0.016508
0.002222
0.020671
0.002631
0.037379
0.000492
0.021320
0.002738
0.000074
0.015605
0.117042
0.008599
0.085552
0.000151
0.008354
0.014538
0.003273
0.016187
0.028309
0.027434
0.034511
0.000319
0.000836
0.021212
0.014530
0.055063
0.001760
0.009737
0.580868
0.002167
0.001651
0.059053
0.046946
0.006321
0.032637
0.007709
0.000068
0.001136
0.004699
0.003984
0.014591
0.000375
0.000496
0.004838
0.003793
0.002151
0.013455
0.003835
0.004072
0.001503
0.000295
0.000684
0.011460
0.018696
0.000514
0.009315
0.003214
0.000039
0.000065
0.001541
0.008495
0.006594
0.003444
0.000606
0.002603
0.005013
0.028773
0.023469
0.023869
0.006214
0.000017
0.000028
0.006431
0.002942
0.000001
0.002089
0.000387
0.000438
0.047616
0.015817
0.029489
0.014616
0.028712
0.008606
0.025784
0.010287
0.004647
0.040027
0.001011
0.047738
0.010877
0.003725
0.007124
0.012885
0.000065
0.015103
0.000015
0.013813
0.006006
0.023427
0.085427
0.184838
0.009669
0.168942
0.046822
0.000387
0.040494
0.000006
0.013364
0.016455
0.000321
0.020980
0.067927
0.001468
0.000781
0.000102
0.000056
0.000158
0.001691
0.002014
0.000639
0.000100
0.000003
0.021452
0.000644
0.025392
0.000002
0.017087
0.039214
0.067871
0.020000
0.001288
0.037278
0.000451
0.005716
0.005164
0.029860
0.004855
0.001070
0.258495
0.049011
0.068228
0.003534
0.067437
0.000137
0.000046
0.002405
0.002416
0.033845
0.021957
0.087469
0.017018
0.001511
0.012987
0.000239
0.023616
0.017909
0.012457
0.001330
0.005418
0.012465
0.006230
0.010121
0.008153
0.001743
0.035118
0.015129
0.000759
0.011157
0.001583
0.000685
0.004156
0.002362
0.001570
0.018965
0.001520
0.001011
0.002985
0.022010
0.010724
0.033273
0.004512
0.681026
0.002137
0.000007
0.000069
0.003016
0.002557
0.000035
0.009998
0.010447
0.000111
0.000027
0.000953
0.010112
0.003293
0.000220
0.001208
0.007824
0.021213
0.046863
0.047624
0.007303
0.008665
0.011591
0.001166
0.002179
0.004370
0.001758
0.004387
0.004840
0.087466
0.006971
0.006457
0.009461
0.001699
0.150193
0.003526
0.000811
0.015807
0.025185
0.000594
0.000879
0.000558
0.010882
0.003842
0.001711
0.065167
0.059166
0.019278
0.019683
0.048859
0.017706
0.010107
0.013786
0.020767
0.037048
0.086289
0.007417
0.005083
0.051618
0.049237
0.000791
0.023901
0.016933
0.004229
0.001236
0.000001
0.000017
0.006141
0.000008
0.001780
0.049164
0.014452
0.032409
0.065644
0.062814
0.005565
0.029460
0.002406
0.002893
0.011989
0.000610
0.007386
0.019315
0.013698
0.103955
0.006757
0.075660
0.000005
0.009590
0.005596
0.000651
0.000244
0.142811
0.017432
0.062338
0.001262
0.004676
0.026713
0.023121
0.032174
0.029823
0.014638
0.069207
0.001077
0.000217
0.024397
0.009414
0.002924
0.000064
0.000105
0.000008
0.002798
0.000282
0.001302
0.000099
0.000180
0.001492
0.010073
0.019946
0.026463
0.015681
0.001043
0.000578
0.003548
0.002383
0.007034
0.001571
0.002592
0.053907
0.003888
0.116914
0.173603
0.004510
0.010233
0.006696
0.003383
0.004743
0.004908
0.025841
0.042502
0.023885
0.074184
0.041014
0.045707
0.006397
0.000019
0.193385
0.030101
0.000203
0.021121
0.065769
0.000006
0.000013
0.001872
0.002585
0.000134
0.000107
0.000038
0.000653
0.003058
0.002567
0.032955
0.007145
0.052386
0.005000
0.043698
0.000511
0.000057
0.022587
0.003002
0.010697
0.018204
0.000002
0.000475
0.001974
0.007168
0.004037
0.015021
0.035314
0.001422
0.005415
0.008719
0.035031
0.043420
0.219576
0.129881
0.050874
0.035167
0.000316
0.062059
0.011475
0.038466
0.000025
0.024265
0.012397
0.000421
0.000277
0.000216
0.000025
0.001222
0.000705
0.000013
0.000448
0.000042
0.000229
0.060174
0.149391
0.046860
0.000031
0.037678
0.007158
0.000543
0.019174
0.000000
0.000061
0.016739
0.030457
0.022631
0.024771
0.136221
0.004503
0.008083
0.013578
0.056541
0.011472
0.027376
0.005109
0.002589
0.001587
0.017149
0.032938
0.006367
0.000033
0.083059
0.073605
0.063534
0.000330
0.024011
0.016684
0.000605
0.000137
0.000196
0.000004
0.001941
0.000443
0.000002
0.001684
0.000244
0.000036
0.120775
0.001890
0.000014
0.001214
0.050204
0.000080
0.041254
0.008802
0.001694
0.018332
0.024278
0.000650
0.002360
0.000000
0.103128
0.019482
0.007773
0.169234
0.002202
0.017732
0.025009
0.001895
0.003863
0.013458
0.071380
0.002722
0.000738
0.020858
0.183058
0.002970
0.036734
0.000228
0.023791
0.007971
0.016009
0.037862
0.000003
0.001641
0.031543
0.053890
0.012122
0.000285
0.009386
0.059198
0.024919
0.001433
0.012188
0.097107
0.054729
0.000285
0.012047
0.032990
0.005280
0.086191
0.033688
0.014060
0.038186
0.000259
0.018891
0.013233
0.001660
0.005662
0.000001
0.011264
0.072259
0.001343
0.000059
0.001161
0.002462
0.004122
0.084574
0.003762
0.005991
0.012705
0.093739
0.000050
0.023917
0.017049
0.000252
0.000071
0.007730
0.006421
0.000832
0.001368
0.000235
0.002125
0.002009
0.032647
0.013190
0.000485
0.000640
0.016521
0.009976
0.007007
0.003293
0.010177
0.008640
0.057924
0.079752
0.002994
0.039325
0.006633
0.002041
0.000003
0.026945
0.089806
0.000040
0.009777
0.011227
0.046462
0.001181
0.162375
0.073937
0.056792
0.000208
0.155605
0.009723
0.000484
0.000249
0.001930
0.020730
0.011656
0.101263
0.119106
0.017113
0.004968
0.012230
0.548943
0.018733
0.042479
0.014004
0.028862
0.003359
0.004865
0.000613
0.004022
0.000387
0.003045
0.004964
0.002669
0.002229
0.000138
0.003360
0.005276
0.000272
0.000083
0.003779
0.000097
0.000395
0.004043
0.000001
0.000831
0.002792
0.001937
0.000667
0.000093
0.002197
0.000426
0.000761
0.000138
0.000009
0.001151
0.002301
0.003014
0.024720
0.000008
0.012205
0.003301
0.002520
0.002784
0.000020
0.000336
0.002431
0.000368
0.049925
0.009819
0.029528
0.004805
0.005745
0.095119
0.005621
0.057549
0.002432
0.000124
0.100945
0.161131
0.020423
0.015130
0.053208
0.019012
0.044715
0.019648
0.039904
0.065118
0.047994
0.016125
0.000017
0.010124
0.034172
0.007058
0.010602
0.004605
0.000120
0.000193
0.000494
0.017531
0.001240
0.001131
0.020017
0.004806
0.009668
0.000242
0.560421
0.009495
0.001809
0.010537
0.079675
0.068688
0.021367
0.001884
0.000837
0.001167
0.000046
0.003573
0.008538
0.000252
0.000954
0.003626
0.000180
0.002538
0.003466
0.000259
0.004239
0.014061
0.001717
0.000115
0.004930
0.000180
0.001398
0.081393
0.003218
0.003825
0.004801
0.000018
0.000205
0.000421
0.000090
0.025528
0.016686
0.019518
0.000917
0.002692
0.020785
0.051816
0.045106
0.008075
0.007370
0.036388
0.047518
0.003658
0.143287
0.010166
0.017266
0.002699
0.056382
0.032136
0.000724
0.007177
0.006024
0.035375
0.048422
0.002419
0.018782
0.010007
0.003792
0.050296
0.012281
0.041835
0.000366
0.023207
0.049434
0.000055
0.001202
0.083139
0.034741
0.005234
0.018711
0.000074
0.003291
0.020428
0.002528
0.022431
0.000794
0.005439
0.000388
0.008752
0.022191
0.021630
0.040931
0.053248
0.016965
0.001244
0.112551
0.015168
0.000137
0.009321
0.123481
0.000053
0.000715
0.062483
0.002987
0.007305
0.039734
0.008719
0.009494
0.011338
0.058478
0.001556
0.000223
0.000957
0.043434
0.013443
0.022897
0.009029
0.016895
0.028142
0.005459
0.047115
0.012241
0.040621
0.010312
0.004873
0.013899
0.024758
0.036871
0.013555
0.008745
0.006754
0.000642
0.019411
0.021827
0.051839
0.005122
0.001561
0.001790
0.000606
0.004582
0.000975
0.001074
0.014814
0.010951
0.019809
0.000000
0.086932
0.008111
0.019339
0.004772
0.000283
0.003767
0.002639
0.003750
0.001260
0.008162
0.000246
0.004308
0.000178
0.005707
0.001826
0.083100
0.024778
0.028833
0.100684
0.102264
0.000027
0.002792
0.072428
0.010074
0.018225
0.195916
0.005261
0.021805
0.000768
0.042823
0.003992
0.024916
0.000791
0.000473
0.000645
0.002654
0.000849
0.001067
0.002695
0.004271
0.001213
0.014644
0.000516
0.003731
0.005928
0.000480
0.017478
0.000704
0.000631
0.001333
0.010988
0.035763
0.001008
0.001059
0.011739
0.012318
0.002262
0.013209
0.012379
0.000075
0.010405
0.007418
0.027854
0.012762
0.096363
0.049580
0.022093
0.048263
0.280285
0.048089
0.032990
0.000813
0.004825
0.172189
0.000251
0.021139
0.036799
0.002215
0.000000
0.124391
0.115223
0.144740
0.028630
0.322054
0.082667
0.008950
0.061654
0.001668
0.000063
0.000207
0.003588
0.002352
0.001864
0.000043
0.004329
0.000141
0.001962
0.000040
0.000488
0.004578
0.000000
0.000276
0.002948
0.001479
0.000024
0.003689
0.003320
0.000312
0.007204
0.000073
0.001975
0.000737
0.000031
0.001051
0.000505
0.000017
0.000408
0.000826
0.005337
0.024113
0.012148
0.007440
0.000287
0.000886
0.002697
0.004417
0.006264
0.001976
0.001996
0.233270
0.022475
0.000303
0.023785
0.000005
0.024415
0.001598
0.055769
0.000526
0.007257
0.067130
0.011497
0.002988
0.015172
0.002182
0.091088
0.000089
0.018995
0.000000
0.036820
0.074581
0.003541
0.027706
0.085458
0.032813
0.004323
0.005382
0.000010
0.000003
0.016889
0.000069
0.068111
0.000112
0.003415
0.020835
0.070401
0.001128
0.000385
0.000974
0.000234
0.000966
0.001428
0.004924
0.001157
0.000120
0.001205
0.000003
0.007381
0.001595
0.000579
0.053451
0.000188
0.051457
0.139949
0.018857
0.000238
0.000010
0.001364
0.006251
0.001103
0.053011
0.000008
0.048645
0.027685
0.005667
0.035399
0.060366
0.001435
0.196770
0.005183
0.010806
0.045862
0.002587
0.040893
0.036552
0.018884
0.023731
0.000332
0.022085
0.048077
0.003235
0.000894
0.000565
0.005792
0.003020
0.004427
0.004493
0.001853
0.004713
0.024382
0.097003
0.049796
0.005633
0.000750
0.022682
0.027747
0.015169
0.017748
0.018080
0.013663
0.000892
0.000147
0.174198
0.006272
0.032428
0.004206
0.003629
0.001488
0.000123
0.029594
0.024573
0.028257
0.049415
0.034770
0.007371
0.001850
0.000419
0.011857
0.156200
0.011174
0.028660
0.000671
0.023514
0.020549
0.013461
0.002517
0.000232
0.003409
0.000775
0.002377
0.005769
0.000449
0.008100
0.057556
0.042086
0.001624
0.001809
0.000387
0.000049
0.033705
0.001532
0.002846
0.021581
0.002855
0.000081
0.344097
0.009085
0.307064
0.013614
0.000045
0.009988
0.000864
0.000528
0.016334
0.001426
0.007441
0.006170
0.000045
0.002607
0.002889
0.011926
0.000333
0.010377
0.006823
0.000570
0.000511
0.024401
0.006702
0.000892
0.000238
0.000327
0.015094
0.020588
0.020220
0.073432
0.258613
0.008835
0.014264
0.016004
0.080795
0.011789
0.012781
0.001340
0.086520
0.000105
0.005608
0.016285
0.004885
0.001112
0.053958
0.000073
0.000195
0.000030
0.000335
0.035198
0.000080
0.000622
0.054908
0.080754
0.000413
0.007342
0.000733
0.003421
0.000248
0.000029
0.003314
0.043591
0.019925
0.011158
0.002843
0.019496
0.073404
0.050625
0.001920
0.000069
0.004750
0.183509
0.036941
0.066723
0.008178
0.128613
0.000064
0.062184
0.008719
0.008342
0.009539
0.006745
0.000736
0.001896
0.001091
0.001353
0.005993
0.018717
0.002484
0.037213
0.023979
0.003990
0.003767
0.001949
0.004171
0.072764
0.011961
0.010505
0.018893
0.001332
0.021685
0.019207
0.001081
0.000001
0.042909
0.010158
0.006888
0.000837
0.004620
0.023235
0.029167
0.002579
0.000631
0.000523
0.000001
0.000535
0.000684
0.001211
0.002347
0.000039
0.001818
0.002893
0.019550
0.002368
0.023501
0.014283
0.006859
0.014535
0.013647
0.001461
0.000044
0.012506
0.001504
0.000036
0.009286
0.016215
0.001075
0.008921
0.030069
0.130488
0.003603
0.042438
0.080448
0.018397
0.031539
0.059609
0.064234
0.042102
0.014362
0.012358
0.235482
0.023109
0.000309
0.021128
0.065024
0.000358
0.000162
0.000553
0.002464
0.001923
0.001994
0.029594
0.079418
0.000038
0.000563
0.011270
0.048824
0.000133
0.023775
0.000133
0.003129
0.071291
0.024254
0.000481
0.087543
0.004263
0.016147
0.032740
0.000001
0.012230
0.000029
0.045085
0.001162
0.001872
0.028764
0.000013
0.080845
0.038632
0.000313
0.001954
0.015214
0.000973
0.001368
0.005285
0.000004
0.239050
0.000003
0.023862
0.018728
0.002250
0.000275
0.000112
0.000010
0.000675
0.000224
0.000342
0.001054
0.000004
0.000623
0.000079
0.039042
0.010174
0.005889
0.014925
0.010949
0.008804
0.003270
0.014556
0.030923
0.001313
0.031769
0.003167
0.028135
0.049299
0.000778
0.000993
0.033949
0.001129
0.004826
0.106197
0.018241
0.000348
0.126837
0.133447
0.016481
0.004242
0.191721
0.042020
0.017538
0.000447
0.000355
