0.977227
0.000005
0.022767
0.000000
0.000000
0.000000
0.000000
0.000000
0.000000
0.000000
0.000000
0.000000
0.000000
0.000000
0.000000
0.000000
0.000000
0.000000
0.000000
0.000000
0.000000
0.000000
0.000000
0.000000
0.000000
0.000000
0.000000
0.000000
0.000000
0.000000
0.000000
0.000000
0.000000
0.000000
0.000000
0.000000
0.000000
0.000000
0.000000
0.000000
0.000000
0.000000
0.000000
0.000000
0.560909
0.007565
0.431526
0.000000
0.000000
0.000000
0.000000
0.000000
0.000000
0.000000
0.000000
0.000000
0.000000
0.000000
0.000000
0.000000
0.000000
0.000000
0.000000
0.000000
0.000000
0.000000
0.000000
0.000000
0.000000
0.000000
0.000000
0.000000
0.000000
0.000000
0.000000
0.000000
0.000000
0.000000
0.000000
0.000000
0.000000
0.000000
0.000000
0.000000
0.000000
0.000000
0.000000
0.000000
0.825773
0.165737
0.008490
0.000000
0.000000
0.000000
0.000000
0.000000
0.000000
0.000000
0.000000
0.000000
0.000000
0.000000
0.000000
0.000000
0.000000
0.000000
0.000000
0.000000
0.000000
0.000000
0.000000
0.000000
0.000000
0.000000
0.000000
0.000000
0.000000
0.000000
0.000000
0.000000
0.000000
0.000000
0.000000
0.000000
0.000000
0.000000
0.000000
0.000000
0.000000
0.000000
0.000000
0.000000
0.736904
0.259921
0.003175
0.000000
0.000000
0.000000
0.000000
0.000000
0.000000
0.000000
0.000000
0.000000
0.000000
0.000000
0.000000
0.000000
0.000000
0.000000
0.000000
0.000000
0.000000
0.000000
0.000000
0.000000
0.000000
0.000000
0.000000
0.000000
0.000000
0.000000
0.000000
0.000000
0.000000
0.000000
0.000000
0.000000
0.000000
0.000000
0.000000
0.000000
0.000000
0.000000
0.000000
0.000000
0.000002
0.000001
0.000002
0.000563
0.001684
0.000497
0.008884
0.008747
0.000053
0.000003
0.000008
0.000000
0.000000
0.000000
0.000000
0.000000
0.000000
0.000000
0.000000
0.000000
0.000000
0.000000
0.000000
0.000000
0.000000
0.000000
0.000000
0.000000
0.000000
0.000000
0.000000
0.000000
0.000000
0.000000
0.000000
0.000000
0.000000
0.000000
0.000000
0.000000
0.000000
0.000000
0.000000
0.000000
0.000002
0.000001
0.000002
0.000563
0.000122
0.000001
0.000089
0.000001
0.000004
0.000001
0.000000
0.015161
0.002570
0.000879
0.000285
0.000098
0.000387
0.000272
0.000001
0.000005
0.000000
0.000000
0.000000
0.000000
0.000000
0.000000
0.000000
0.000000
0.000000
0.000000
0.000000
0.000000
0.000000
0.000000
0.000000
0.000000
0.000000
0.000000
0.000000
0.000000
0.000000
0.000000
0.000000
0.000000
0.000002
0.000001
0.000002
0.000563
0.000122
0.000001
0.000089
0.000001
0.000004
0.000001
0.000000
0.002353
0.001850
0.000711
0.007198
0.001578
0.002167
0.003726
0.000056
0.000017
0.000001
0.000000
0.000000
0.000000
0.000000
0.000000
0.000000
0.000000
0.000000
0.000000
0.000000
0.000000
0.000000
0.000000
0.000000
0.000000
0.000000
0.000000
0.000000
0.000000
0.000000
0.000000
0.000000
0.000000
0.000002
0.000001
0.000002
0.000563
0.000122
0.000001
0.000089
0.000001
0.000004
0.000001
0.000000
0.000133
0.002373
0.014147
0.000001
0.001756
0.000205
0.001014
0.000015
0.000007
0.000007
0.000000
0.000000
0.000000
0.000000
0.000000
0.000000
0.000000
0.000000
0.000000
0.000000
0.000000
0.000000
0.000000
0.000000
0.000000
0.000000
0.000000
0.000000
0.000000
0.000000
0.000000
0.000000
0.000000
0.000002
0.000001
0.000002
0.000563
0.000122
0.000001
0.000089
0.000001
0.000004
0.000001
0.000000
0.000756
0.004849
0.003047
0.008557
0.001203
0.000346
0.000881
0.000012
0.000001
0.000004
0.000000
0.000000
0.000000
0.000000
0.000000
0.000000
0.000000
0.000000
0.000000
0.000000
0.000000
0.000000
0.000000
0.000000
0.000000
0.000000
0.000000
0.000000
0.000000
0.000000
0.000000
0.000000
0.000000
0.000002
0.000001
0.000002
0.000563
0.000122
0.000001
0.000089
0.000001
0.000004
0.000001
0.000000
0.000165
0.000016
0.000071
0.000488
0.004098
0.009231
0.002974
0.002512
0.000097
0.000006
0.000000
0.000000
0.000000
0.000000
0.000000
0.000000
0.000000
0.000000
0.000000
0.000000
0.000000
0.000000
0.000000
0.000000
0.000000
0.000000
0.000000
0.000000
0.000000
0.000000
0.000000
0.000000
0.000000
0.000002
0.000001
0.000002
0.000563
0.000122
0.000001
0.000089
0.000001
0.000004
0.000001
0.000000
0.000057
0.000133
0.000362
0.000418
0.001736
0.000892
0.000342
0.000775
0.000829
0.014114
0.000000
0.000000
0.000000
0.000000
0.000000
0.000000
0.000000
0.000000
0.000000
0.000000
0.000000
0.000000
0.000000
0.000000
0.000000
0.000000
0.000000
0.000000
0.000000
0.000000
0.000000
0.000000
0.000000
0.000002
0.000001
0.000002
0.000563
0.000122
0.000001
0.000089
0.000001
0.000004
0.000001
0.000000
0.000129
0.000240
0.000342
0.000402
0.001824
0.001442
0.001068
0.005293
0.007252
0.001664
0.000000
0.000000
0.000000
0.000000
0.000000
0.000000
0.000000
0.000000
0.000000
0.000000
0.000000
0.000000
0.000000
0.000000
0.000000
0.000000
0.000000
0.000000
0.000000
0.000000
0.000000
0.000000
0.000000
0.000002
0.000001
0.000002
0.000563
0.000122
0.000001
0.000089
0.000001
0.000004
0.000001
0.000000
0.000055
0.000017
0.000003
0.000000
0.000010
0.000025
0.000102
0.000003
0.000013
0.000015
0.013611
0.004116
0.000593
0.000828
0.000047
0.000001
0.000069
0.000020
0.000038
0.000076
0.000014
0.000000
0.000000
0.000001
0.000001
0.000000
0.000000
0.000000
0.000000
0.000000
0.000000
0.000000
0.000000
0.000002
0.000001
0.000002
0.000563
0.000122
0.000001
0.000089
0.000001
0.000004
0.000001
0.000000
0.000055
0.000017
0.000003
0.000000
0.000010
0.000025
0.000102
0.000003
0.000013
0.000015
0.000370
0.010764
0.005403
0.001711
0.000223
0.000386
0.000205
0.000038
0.000055
0.000213
0.000030
0.000001
0.000004
0.000000
0.000012
0.000000
0.000000
0.000000
0.000000
0.000000
0.000000
0.000000
0.000000
0.000002
0.000001
0.000002
0.000563
0.000122
0.000001
0.000089
0.000001
0.000004
0.000001
0.000000
0.000055
0.000017
0.000003
0.000000
0.000010
0.000025
0.000102
0.000003
0.000013
0.000015
0.000547
0.000069
0.000421
0.000657
0.001194
0.015793
0.000453
0.000190
0.000004
0.000015
0.000012
0.000037
0.000001
0.000021
0.000002
0.000000
0.000000
0.000000
0.000000
0.000000
0.000000
0.000000
0.000000
0.000002
0.000001
0.000002
0.000563
0.000122
0.000001
0.000089
0.000001
0.000004
0.000001
0.000000
0.000055
0.000017
0.000003
0.000000
0.000010
0.000025
0.000102
0.000003
0.000013
0.000015
0.004041
0.003021
0.000330
0.005524
0.000312
0.002733
0.000003
0.003279
0.000126
0.000005
0.000008
0.000015
0.000001
0.000001
0.000017
0.000000
0.000000
0.000000
0.000000
0.000000
0.000000
0.000000
0.000000
0.000002
0.000001
0.000002
0.000563
0.000122
0.000001
0.000089
0.000001
0.000004
0.000001
0.000000
0.000055
0.000017
0.000003
0.000000
0.000010
0.000025
0.000102
0.000003
0.000013
0.000015
0.000535
0.001356
0.007276
0.002060
0.000021
0.000104
0.006941
0.000146
0.000566
0.000067
0.000089
0.000120
0.000049
0.000062
0.000022
0.000000
0.000000
0.000000
0.000000
0.000000
0.000000
0.000000
0.000000
0.000002
0.000001
0.000002
0.000563
0.000122
0.000001
0.000089
0.000001
0.000004
0.000001
0.000000
0.000055
0.000017
0.000003
0.000000
0.000010
0.000025
0.000102
0.000003
0.000013
0.000015
0.000517
0.000465
0.000129
0.004206
0.000043
0.000001
0.000014
0.010384
0.001946
0.001063
0.000288
0.000310
0.000026
0.000018
0.000003
0.000000
0.000000
0.000000
0.000000
0.000000
0.000000
0.000000
0.000000
0.000002
0.000001
0.000002
0.000563
0.000122
0.000001
0.000089
0.000001
0.000004
0.000001
0.000000
0.000055
0.000017
0.000003
0.000000
0.000010
0.000025
0.000102
0.000003
0.000013
0.000015
0.000007
0.000174
0.004357
0.000156
0.006663
0.000018
0.005536
0.001232
0.001056
0.000001
0.000000
0.000014
0.000056
0.000050
0.000096
0.000000
0.000000
0.000000
0.000000
0.000000
0.000000
0.000000
0.000000
0.000002
0.000001
0.000002
0.000563
0.000122
0.000001
0.000089
0.000001
0.000004
0.000001
0.000000
0.000055
0.000017
0.000003
0.000000
0.000010
0.000025
0.000102
0.000003
0.000013
0.000015
0.000001
0.000084
0.000332
0.001182
0.006162
0.000386
0.000767
0.000273
0.004296
0.000008
0.000004
0.000127
0.003677
0.000061
0.002056
0.000000
0.000000
0.000000
0.000000
0.000000
0.000000
0.000000
0.000000
0.000002
0.000001
0.000002
0.000563
0.000122
0.000001
0.000089
0.000001
0.000004
0.000001
0.000000
0.000055
0.000017
0.000003
0.000000
0.000010
0.000025
0.000102
0.000003
0.000013
0.000015
0.000046
0.000104
0.000427
0.000799
0.000320
0.000337
0.004256
0.001316
0.005776
0.003089
0.000323
0.000254
0.000335
0.002031
0.000000
0.000000
0.000000
0.000000
0.000000
0.000000
0.000000
0.000000
0.000000
0.000002
0.000001
0.000002
0.000563
0.000122
0.000001
0.000089
0.000001
0.000004
0.000001
0.000000
0.000055
0.000017
0.000003
0.000000
0.000010
0.000025
0.000102
0.000003
0.000013
0.000015
0.000049
0.000015
0.000085
0.000001
0.001748
0.000020
0.000212
0.000339
0.000241
0.004765
0.006568
0.000235
0.003780
0.000062
0.001295
0.000000
0.000000
0.000000
0.000000
0.000000
0.000000
0.000000
0.000000
0.000002
0.000001
0.000002
0.000563
0.000122
0.000001
0.000089
0.000001
0.000004
0.000001
0.000000
0.000055
0.000017
0.000003
0.000000
0.000010
0.000025
0.000102
0.000003
0.000013
0.000015
0.000044
0.000023
0.000066
0.000233
0.000009
0.000062
0.000037
0.000309
0.000177
0.000381
0.000335
0.000163
0.000058
0.000008
0.000036
0.014681
0.000073
0.002342
0.000340
0.000014
0.000006
0.000017
0.000000
0.000002
0.000001
0.000002
0.000563
0.000122
0.000001
0.000089
0.000001
0.000004
0.000001
0.000000
0.000055
0.000017
0.000003
0.000000
0.000010
0.000025
0.000102
0.000003
0.000013
0.000015
0.000044
0.000023
0.000066
0.000233
0.000009
0.000062
0.000037
0.000309
0.000177
0.000381
0.000335
0.000163
0.000058
0.000008
0.000036
0.002494
0.008812
0.001434
0.000184
0.002067
0.001013
0.001469
0.000000
0.000002
0.000001
0.000002
0.000563
0.000122
0.000001
0.000089
0.000001
0.000004
0.000001
0.000000
0.000055
0.000017
0.000003
0.000000
0.000010
0.000025
0.000102
0.000003
0.000013
0.000015
0.000044
0.000023
0.000066
0.000233
0.000009
0.000062
0.000037
0.000309
0.000177
0.000381
0.000335
0.000163
0.000058
0.000008
0.000036
0.000051
0.001272
0.006267
0.000240
0.006370
0.002485
0.000788
0.000000
0.000002
0.000001
0.000002
0.000563
0.000122
0.000001
0.000089
0.000001
0.000004
0.000001
0.000000
0.000055
0.000017
0.000003
0.000000
0.000010
0.000025
0.000102
0.000003
0.000013
0.000015
0.000044
0.000023
0.000066
0.000233
0.000009
0.000062
0.000037
0.000309
0.000177
0.000381
0.000335
0.000163
0.000058
0.000008
0.000036
0.000470
0.004187
0.000013
0.000998
0.004678
0.001995
0.005132
0.000000
0.000002
0.000001
0.000002
0.000563
0.000122
0.000001
0.000089
0.000001
0.000004
0.000001
0.000000
0.000055
0.000017
0.000003
0.000000
0.000010
0.000025
0.000102
0.000003
0.000013
0.000015
0.000044
0.000023
0.000066
0.000233
0.000009
0.000062
0.000037
0.000309
0.000177
0.000381
0.000335
0.000163
0.000058
0.000008
0.000036
0.000080
0.000298
0.003860
0.001979
0.000588
0.008400
0.002270
0.000000
0.000002
0.000001
0.000002
0.000563
0.000122
0.000001
0.000089
0.000001
0.000004
0.000001
0.000000
0.000055
0.000017
0.000003
0.000000
0.000010
0.000025
0.000102
0.000003
0.000013
0.000015
0.000044
0.000023
0.000066
0.000233
0.000009
0.000062
0.000037
0.000309
0.000177
0.000381
0.000335
0.000163
0.000058
0.000008
0.000036
0.000690
0.000245
0.001204
0.005188
0.000717
0.004823
0.004607
0.000000
0.000002
0.000001
0.000002
0.000563
0.000122
0.000001
0.000089
0.000001
0.000004
0.000001
0.000000
0.000055
0.000017
0.000003
0.000000
0.000010
0.000025
0.000102
0.000003
0.000013
0.000015
0.000044
0.000023
0.000066
0.000233
0.000009
0.000062
0.000037
0.000309
0.000177
0.000381
0.000335
0.000163
0.000058
0.000008
0.000036
0.000461
0.005152
0.000571
0.002657
0.001246
0.001378
0.006008
0.000000
0.000002
0.000001
0.000002
0.000563
0.000122
0.000001
0.000089
0.000001
0.000004
0.000001
0.000000
0.000055
0.000017
0.000003
0.000000
0.000010
0.000025
0.000102
0.000003
0.000013
0.000015
0.000030
0.000004
0.000280
0.000015
0.001616
0.000001
0.000444
0.000036
0.001851
0.000425
0.001591
0.010148
0.000630
0.002257
0.000087
0.000000
0.000000
0.000000
0.000000
0.000000
0.000000
0.000000
0.000000
0.000002
0.000001
0.000002
0.000563
0.000122
0.000001
0.000089
0.000001
0.000004
0.000001
0.000000
0.000055
0.000017
0.000003
0.000000
0.000010
0.000025
0.000102
0.000003
0.000013
0.000015
0.000069
0.000007
0.000022
0.000303
0.000429
0.000024
0.000030
0.000003
0.000030
0.003413
0.000497
0.000159
0.000004
0.008834
0.005590
0.000000
0.000000
0.000000
0.000000
0.000000
0.000000
0.000000
0.000000
0.000002
0.000001
0.000002
0.000563
0.000122
0.000001
0.000089
0.000001
0.000004
0.000001
0.000000
0.000055
0.000017
0.000003
0.000000
0.000010
0.000025
0.000102
0.000003
0.000013
0.000015
0.000145
0.000027
0.000052
0.000805
0.000094
0.000000
0.000191
0.000322
0.001272
0.002471
0.003680
0.000022
0.000624
0.001710
0.007999
0.000000
0.000000
0.000000
0.000000
0.000000
0.000000
0.000000
0.000000
0.000002
0.000001
0.000002
0.000563
0.000122
0.000001
0.000089
0.000001
0.000004
0.000001
0.000000
0.000055
0.000017
0.000003
0.000000
0.000010
0.000025
0.000102
0.000003
0.000013
0.000015
0.000106
0.000010
0.000189
0.000379
0.000614
0.000046
0.000741
0.000549
0.001524
0.001841
0.001362
0.003378
0.000881
0.005079
0.002716
0.000000
0.000000
0.000000
0.000000
0.000000
0.000000
0.000000
0.000000
0.000002
0.000001
0.000002
0.000563
0.000061
0.002872
0.001071
0.000326
0.001297
0.005688
0.008560
0.000000
0.000000
0.000000
0.000000
0.000000
0.000000
0.000000
0.000000
0.000000
0.000000
0.000000
0.000000
0.000000
0.000000
0.000000
0.000000
0.000000
0.000000
0.000000
0.000000
0.000000
0.000000
0.000000
0.000000
0.000000
0.000000
0.000000
0.000000
0.000000
0.000000
0.000000
0.000000
0.000000
0.000002
0.000001
0.000002
0.000563
0.000048
0.004312
0.001548
0.000767
0.000002
0.000175
0.002832
0.000000
0.000000
0.000000
0.000000
0.000000
0.000000
0.000000
0.000000
0.000000
0.000000
0.000001
0.000003
0.000015
0.000063
0.000419
0.000051
0.000131
0.000049
0.000182
0.000134
0.001787
0.002211
0.004957
0.000072
0.000120
0.000000
0.000000
0.000000
0.000000
0.000000
0.000000
0.000000
0.000000
0.000002
0.000001
0.000002
0.000563
0.000048
0.004312
0.001548
0.000767
0.000002
0.000175
0.002832
0.000000
0.000000
0.000000
0.000000
0.000000
0.000000
0.000000
0.000000
0.000000
0.000000
0.000001
0.000003
0.000015
0.000063
0.000419
0.000051
0.000131
0.000049
0.000182
0.000134
0.001787
0.002211
0.004957
0.000072
0.000120
0.000000
0.000000
0.000000
0.000000
0.000000
0.000000
0.000000
0.000000
0.000002
0.000001
0.000002
0.000563
0.000906
0.001282
0.000539
0.000517
0.000251
0.000073
0.000001
0.000379
0.006249
0.000000
0.000738
0.000109
0.002991
0.004858
0.000881
0.000085
0.000018
0.000000
0.000000
0.000000
0.000000
0.000000
0.000000
0.000000
0.000000
0.000000
0.000000
0.000000
0.000000
0.000000
0.000000
0.000000
0.000000
0.000000
0.000000
0.000000
0.000000
0.000000
0.000000
0.000000
0.000002
0.000001
0.000002
0.000563
0.000906
0.001282
0.000539
0.000517
0.000251
0.000073
0.000001
0.000027
0.000622
0.000070
0.000408
0.000489
0.000212
0.001265
0.001704
0.001215
0.000104
0.000000
0.000000
0.000000
0.000000
0.000000
0.000000
0.000000
0.000000
0.000000
0.000000
0.000000
0.000000
0.000000
0.000000
0.000000
0.000730
0.000173
0.002348
0.004400
0.002353
0.000142
0.000047
0.000000
0.000002
0.000001
0.000002
0.000563
0.000906
0.001282
0.000539
0.000517
0.000251
0.000073
0.000001
0.000027
0.000622
0.000070
0.000408
0.000489
0.000212
0.001265
0.001704
0.001215
0.000104
0.000000
0.000000
0.000000
0.000000
0.000000
0.000000
0.000000
0.000000
0.000000
0.000000
0.000000
0.000000
0.000000
0.000000
0.000000
0.000730
0.000173
0.002348
0.004400
0.002353
0.000142
0.000047
0.000000
0.000002
0.000001
0.000002
0.000563
0.000906
0.001282
0.000539
0.000517
0.000251
0.000073
0.000001
0.000015
0.000076
0.000051
0.000392
0.000582
0.001582
0.000316
0.001084
0.009124
0.003085
0.000000
0.000000
0.000000
0.000000
0.000000
0.000000
0.000000
0.000000
0.000000
0.000000
0.000000
0.000000
0.000000
0.000000
0.000000
0.000000
0.000000
0.000000
0.000000
0.000000
0.000000
0.000000
0.000000
0.000002
0.000001
0.000002
0.000563
0.000906
0.001282
0.000539
0.000517
0.000251
0.000073
0.000001
0.000027
0.000419
0.000569
0.001090
0.006208
0.000202
0.000267
0.006291
0.000275
0.000961
0.000000
0.000000
0.000000
0.000000
0.000000
0.000000
0.000000
0.000000
0.000000
0.000000
0.000000
0.000000
0.000000
0.000000
0.000000
0.000000
0.000000
0.000000
0.000000
0.000000
0.000000
0.000000
0.000000
0.000002
0.000001
0.000002
0.000563
0.003372
0.000089
0.001987
0.004950
0.005080
0.001917
0.002482
0.000000
0.000000
0.000000
0.000000
0.000000
0.000000
0.000000
0.000000
0.000000
0.000000
0.000000
0.000000
0.000000
0.000000
0.000000
0.000000
0.000000
0.000000
0.000000
0.000000
0.000000
0.000000
0.000000
0.000000
0.000000
0.000000
0.000000
0.000000
0.000000
0.000000
0.000000
0.000000
0.000000
0.000002
0.000001
0.000002
0.000563
0.003596
0.001835
0.000157
0.002114
0.000299
0.008360
0.003514
0.000000
0.000000
0.000000
0.000000
0.000000
0.000000
0.000000
0.000000
0.000000
0.000000
0.000000
0.000000
0.000000
0.000000
0.000000
0.000000
0.000000
0.000000
0.000000
0.000000
0.000000
0.000000
0.000000
0.000000
0.000000
0.000000
0.000000
0.000000
0.000000
0.000000
0.000000
0.000000
0.000000
0.000002
0.000001
0.000002
0.000563
0.003628
0.000026
0.000000
0.000094
0.012296
0.003687
0.000145
0.000000
0.000000
0.000000
0.000000
0.000000
0.000000
0.000000
0.000000
0.000000
0.000000
0.000000
0.000000
0.000000
0.000000
0.000000
0.000000
0.000000
0.000000
0.000000
0.000000
0.000000
0.000000
0.000000
0.000000
0.000000
0.000000
0.000000
0.000000
0.000000
0.000000
0.000000
0.000000
0.000000
