1.0528376
-1.186306
-0.447454
-0.049128
-0.773002
-0.509398
-0.204905
-0.070082
-0.686934
0.119015
0.655600
0.180665
-0.336524
0.090397
0.092537
-0.030747
0.024551
0.047193
-0.029814
-0.021337
0.016500
0.003832
-0.002263
-0.000519
0.000021
0.000788
-0.000662
0.000011
-0.000243
0.000024
0.000033
0.000000
-0.000000
-0.000000
0.000000
0.000000
-0.000000
0.000000
-0.000000
0.000000
-0.000000
-0.000000
0.000000
-0.000000
-1.096724
0.403209
0.255663
-0.417884
0.456980
1.342587
1.046393
-0.378545
0.247090
-0.001063
0.115058
-0.127554
-0.133461
0.183158
0.158805
-0.114701
-0.003825
-0.109729
0.011520
-0.004694
-0.076666
-0.018548
-0.004970
0.002064
-0.000212
0.002339
0.000284
0.000360
0.000755
0.000115
-0.000230
0.000000
-0.000000
-0.000000
0.000000
0.000000
-0.000000
0.000000
-0.000000
0.000000
-0.000000
-0.000000
0.000000
-0.000000
-2.806071
-1.049251
-0.531449
0.394498
-0.540414
-0.170291
-0.127990
-0.166927
-0.155051
0.015007
-0.145262
-0.063061
0.019048
-0.070493
-0.026168
0.025465
0.022729
0.003508
-0.030217
-0.027234
-0.000232
-0.046225
0.015531
-0.001509
-0.018838
0.017059
-0.005156
-0.007838
-0.001465
-0.001098
0.000029
0.000000
-0.000000
-0.000000
0.000000
0.000000
-0.000000
0.000000
-0.000000
0.000000
-0.000000
-0.000000
0.000000
-0.000000
-2.324610
-0.612521
-0.451233
-0.167338
0.743413
0.802861
0.271076
-0.397936
-0.415461
0.104330
0.230133
-0.378855
0.148699
0.068420
-0.125472
0.039863
-0.040441
-0.025277
-0.008443
0.114690
0.043353
0.009753
0.016610
-0.002595
-0.007005
0.001558
0.003255
0.001822
0.001030
0.000430
-0.000612
0.000000
-0.000000
-0.000000
0.000000
0.000000
-0.000000
0.000000
-0.000000
0.000000
-0.000000
-0.000000
0.000000
-0.000000
0.632072
1.803642
-0.413455
-1.888448
5.157297
-1.151353
0.737328
-0.554658
-0.174620
-0.174536
-0.036211
0.157069
0.040214
-0.063363
0.046461
0.011168
0.013574
0.001159
-0.004149
-0.006961
0.000998
-0.000224
-0.001029
0.000059
0.001026
0.000247
0.000399
-0.001059
0.000212
-0.000059
-0.000005
0.000000
-0.000000
-0.000000
0.000000
0.000000
-0.000000
0.000000
-0.000000
0.000000
-0.000000
-0.000000
0.000000
-0.000000
14.003231
12.820074
-3.440327
-0.562855
-1.443981
0.078569
-0.035116
-0.269616
-0.098752
-0.027122
-0.021254
0.015721
0.014504
-0.014490
-0.008529
0.006848
-0.001518
-0.000660
-0.003018
0.000776
0.001600
-0.000049
0.000139
-0.000084
-0.000009
-0.000003
0.000033
0.000018
0.000009
-0.000013
0.000002
0.000000
-0.000000
-0.000000
0.000000
0.000000
-0.000000
0.000000
-0.000000
0.000000
-0.000000
-0.000000
0.000000
-0.000000
-1.942387
-0.515531
0.366662
0.435553
-0.700395
0.070430
-0.135300
0.004474
-0.037165
0.242912
0.154233
0.200132
0.427828
-0.120913
0.277389
-0.157166
-0.094791
0.020387
0.032395
0.007346
0.016538
0.004405
-0.000541
-0.002461
0.000768
0.001646
-0.000859
-0.001077
-0.000110
0.000204
-0.000042
0.000000
-0.000000
-0.000000
0.000000
0.000000
-0.000000
0.000000
-0.000000
0.000000
-0.000000
-0.000000
0.000000
-0.000000
-2.694518
-0.906345
-0.621171
0.422526
-0.543914
-0.240695
-0.018724
-0.268174
0.079849
-0.056795
0.031392
-0.053476
-0.006806
-0.017187
-0.058469
-0.006872
-0.034470
0.022989
-0.012078
0.014930
-0.008778
-0.020616
0.015795
-0.001337
0.027652
-0.001503
0.011393
-0.006132
0.000225
-0.003347
0.000681
0.000000
-0.000000
-0.000000
0.000000
0.000000
-0.000000
0.000000
-0.000000
0.000000
-0.000000
-0.000000
0.000000
-0.000000
-0.285185
0.121102
-0.301230
-0.246093
-0.633232
-0.539685
1.871741
1.896431
-0.081109
-0.363593
0.050679
-0.164871
0.034928
-0.046371
-0.070160
-0.071718
-0.009588
0.022578
-0.016022
-0.015089
0.009079
0.002716
-0.004307
-0.000562
-0.000537
0.000079
-0.000040
-0.000056
-0.000017
0.000009
0.000020
0.000000
-0.000000
-0.000000
0.000000
0.000000
-0.000000
0.000000
-0.000000
0.000000
-0.000000
-0.000000
0.000000
-0.000000
-1.452848
0.545719
-0.432167
-0.982630
1.234784
0.738583
-1.211941
0.724601
-0.102087
-0.138969
0.221637
-0.100195
0.120378
0.068869
-0.095542
0.055846
0.011628
0.069506
0.169042
-0.053580
-0.040795
-0.005876
-0.003059
-0.003331
-0.000102
-0.000303
0.000538
-0.001435
0.001625
0.000244
-0.000334
0.000000
-0.000000
-0.000000
0.000000
0.000000
-0.000000
0.000000
-0.000000
0.000000
-0.000000
-0.000000
0.000000
-0.000000
-2.740478
-1.011947
-0.559833
0.394205
-0.554212
-0.174653
-0.109970
-0.149455
-0.149466
0.031982
-0.136484
-0.081412
-0.005676
-0.107638
0.031539
0.034058
0.047048
-0.031212
-0.041348
-0.014233
-0.057319
0.050912
-0.000572
-0.032879
-0.003753
-0.000362
0.000880
-0.002092
0.003193
-0.000637
-0.000033
0.000000
-0.000000
-0.000000
0.000000
0.000000
-0.000000
0.000000
-0.000000
0.000000
-0.000000
-0.000000
0.000000
-0.000000
2.391651
1.543236
7.524355
-5.698944
-1.457151
-0.587341
-0.161720
-0.222142
-0.017548
0.011487
-0.022611
-0.058714
0.020687
0.003224
-0.029934
0.007952
0.008472
-0.012044
0.001380
0.004308
-0.003612
-0.001068
0.000630
0.000508
-0.000046
-0.000334
0.000229
0.000154
0.000063
-0.000014
-0.000001
0.000000
-0.000000
-0.000000
0.000000
0.000000
-0.000000
0.000000
-0.000000
0.000000
-0.000000
-0.000000
0.000000
-0.000000
-2.270395
-0.652688
-0.727471
0.408032
-0.386153
-0.550633
0.100377
-0.325959
0.412148
-0.040860
0.175900
0.045983
-0.015073
-0.100305
-0.065902
-0.035921
0.008527
-0.002632
0.019375
-0.033005
-0.008658
-0.018800
0.053211
-0.005354
-0.009107
-0.010542
-0.000802
0.008623
0.000720
0.000279
0.000520
0.000000
-0.000000
-0.000000
0.000000
0.000000
-0.000000
0.000000
-0.000000
0.000000
-0.000000
-0.000000
0.000000
-0.000000
0.057462
0.906351
-0.979414
-0.288229
1.002025
-1.086088
-0.598503
0.927980
0.365610
1.029842
-0.119562
-0.225698
-0.128070
0.075265
0.075250
-0.007632
0.000864
-0.005966
-0.000519
0.028205
0.002936
-0.003159
-0.000058
0.000293
0.000413
-0.000164
-0.000485
0.000211
-0.000114
-0.000065
-0.000021
0.000000
-0.000000
-0.000000
0.000000
0.000000
-0.000000
0.000000
-0.000000
0.000000
-0.000000
-0.000000
0.000000
-0.000000
32.304404
-7.351061
-0.700449
-0.157098
0.093233
0.104578
-0.068356
-0.036447
0.023722
-0.019666
-0.022482
-0.004610
0.006960
-0.005421
-0.000117
0.001360
-0.003024
-0.001730
0.001973
-0.000585
-0.000362
-0.000130
0.000005
0.000043
0.000063
-0.000001
0.000060
0.000004
-0.000005
0.000000
0.000001
0.000000
-0.000000
-0.000000
0.000000
0.000000
-0.000000
0.000000
-0.000000
0.000000
-0.000000
-0.000000
0.000000
-0.000000
-1.963540
-0.539740
-0.442772
0.490166
-0.522485
-0.310909
0.049001
-0.295137
0.316956
-0.328065
-0.101454
-0.120256
0.166056
0.295312
0.177670
0.032865
0.175833
0.110446
-0.032767
0.003994
0.025785
0.006528
0.003375
0.001475
-0.000177
-0.001164
0.000231
0.000043
-0.000080
0.000172
0.000001
0.000000
-0.000000
-0.000000
0.000000
0.000000
-0.000000
0.000000
-0.000000
0.000000
-0.000000
-0.000000
0.000000
-0.000000
-0.947703
0.483539
0.902946
-1.000228
0.739909
1.946048
0.377449
0.173251
0.283509
0.315032
-0.037446
0.252400
-0.108842
-0.167671
-0.067262
-0.011754
0.052316
0.157360
-0.066994
0.032376
-0.002820
0.000345
-0.002362
-0.000514
-0.001538
0.000005
0.000567
0.000159
0.000555
0.000007
0.000018
0.000000
-0.000000
-0.000000
0.000000
0.000000
-0.000000
0.000000
-0.000000
0.000000
-0.000000
-0.000000
0.000000
-0.000000
-1.859237
-0.562433
0.005562
0.204071
-0.778947
0.059469
0.564389
0.574347
0.049717
-0.023774
-0.020156
0.396497
-0.001833
0.044469
0.131267
0.297512
-0.036440
-0.058564
0.042098
0.056490
-0.012406
-0.003857
0.009940
0.001528
0.000038
-0.000258
-0.000222
-0.000112
-0.000151
0.000079
-0.000056
0.000000
-0.000000
-0.000000
0.000000
0.000000
-0.000000
0.000000
-0.000000
0.000000
-0.000000
-0.000000
0.000000
-0.000000
-2.486453
-0.647099
-0.029910
0.512635
-0.477127
-0.216493
0.025267
-0.370919
-0.119822
-0.328539
-0.475860
-0.061371
-0.322254
-0.020174
0.091366
-0.081448
-0.090103
0.081824
0.130961
0.055985
0.017538
0.004722
-0.000387
-0.003648
-0.002228
0.000332
-0.001621
0.001255
-0.000773
0.000216
0.000057
0.000000
-0.000000
-0.000000
0.000000
0.000000
-0.000000
0.000000
-0.000000
0.000000
-0.000000
-0.000000
0.000000
-0.000000
-2.506071
-0.685727
-0.473355
0.083812
-0.007167
0.113051
-0.198541
-0.055154
-0.168363
0.006650
-0.044021
-0.072058
0.071759
-0.065488
-0.009324
0.039223
0.030386
-0.008717
-0.006590
-0.008520
-0.016006
0.000151
-0.018160
0.000116
0.008042
0.009587
-0.002019
0.012531
-0.010597
-0.002069
0.000737
0.000000
-0.000000
-0.000000
0.000000
0.000000
-0.000000
0.000000
-0.000000
0.000000
-0.000000
-0.000000
0.000000
-0.000000
-1.892190
-0.263745
0.108197
-0.145654
0.050096
0.881390
0.349625
-0.060127
0.023603
0.191045
-0.085010
0.053720
-0.057086
-0.035675
-0.044071
-0.028454
0.108094
-0.113391
0.083215
-0.051659
0.082218
0.024755
0.014118
0.001408
0.010972
0.000844
-0.006467
-0.003573
-0.001070
-0.000143
0.000634
0.000000
-0.000000
-0.000000
0.000000
0.000000
-0.000000
0.000000
-0.000000
0.000000
-0.000000
-0.000000
0.000000
-0.000000
-2.722445
-0.922896
-0.473394
0.301916
-0.337551
-0.009618
-0.050141
-0.212872
-0.144985
0.015522
-0.097336
-0.082872
0.031966
-0.050331
0.002248
0.045406
-0.017501
-0.000065
-0.025424
-0.019320
0.008609
-0.011615
-0.018958
0.010762
0.005757
-0.000418
-0.008482
0.005583
0.014744
-0.001793
-0.000033
0.000000
-0.000000
-0.000000
0.000000
0.000000
-0.000000
0.000000
-0.000000
0.000000
-0.000000
-0.000000
0.000000
-0.000000
-1.592880
0.527618
0.090053
-0.961240
1.022813
0.791292
-1.029671
0.453874
0.203505
-0.372051
-0.085709
-0.062356
-0.080849
0.107338
0.078443
0.036584
-0.168541
-0.018216
-0.120686
-0.064880
0.039546
0.012743
0.011916
-0.002540
0.000092
0.000595
-0.000183
0.000409
-0.001232
0.000240
0.000317
0.000000
-0.000000
-0.000000
0.000000
0.000000
-0.000000
0.000000
-0.000000
0.000000
-0.000000
-0.000000
0.000000
-0.000000
-2.591631
-0.822718
-0.611466
0.408507
-0.469944
-0.282883
-0.114532
-0.158894
-0.002866
0.026668
-0.068209
-0.023421
-0.013684
-0.087370
-0.018593
-0.002030
0.000469
0.002929
-0.000088
-0.026639
-0.039032
0.047830
0.015192
0.034293
-0.005764
0.006678
0.008002
-0.000681
0.000503
0.000628
-0.000512
0.000000
-0.000000
-0.000000
0.000000
0.000000
-0.000000
0.000000
-0.000000
0.000000
-0.000000
-0.000000
0.000000
-0.000000
-2.624336
-0.867637
-0.506472
0.263821
-0.303304
0.006813
-0.018495
-0.237654
-0.114068
0.014184
-0.050477
-0.090977
0.021896
-0.052966
-0.020363
0.022214
-0.016045
0.004911
-0.032151
-0.008621
-0.016943
-0.003656
-0.004767
0.006907
0.002985
-0.016322
-0.009313
-0.003876
-0.006382
-0.000699
-0.003502
0.000000
-0.000000
-0.000000
0.000000
0.000000
-0.000000
0.000000
-0.000000
0.000000
-0.000000
-0.000000
0.000000
-0.000000
-2.558737
-0.749514
-0.296951
0.230166
-0.382692
0.176920
0.072175
-0.165738
-0.005782
0.091244
-0.110765
0.023942
-0.020074
-0.057254
0.023520
0.026485
0.024444
-0.049560
0.018553
-0.052536
0.050363
-0.020911
-0.034102
-0.003092
-0.015125
-0.007523
0.016260
0.001651
0.000087
-0.000282
-0.000790
0.000000
-0.000000
-0.000000
0.000000
0.000000
-0.000000
0.000000
-0.000000
0.000000
-0.000000
-0.000000
0.000000
-0.000000
-2.254677
-0.883571
-0.455966
0.290409
-0.323164
-0.252145
0.160874
-0.085590
-0.207074
0.242047
-0.287034
0.418054
0.117797
0.326388
-0.270647
-0.100105
-0.050329
-0.002753
-0.013689
-0.009545
-0.012621
0.005286
-0.002220
-0.003035
-0.002488
0.000009
-0.000322
0.001183
0.000107
-0.000170
-0.000083
0.000000
-0.000000
-0.000000
0.000000
0.000000
-0.000000
0.000000
-0.000000
0.000000
-0.000000
-0.000000
0.000000
-0.000000
-2.095292
-0.182548
-0.727710
-0.220646
0.282272
-0.126882
-1.513550
0.692336
0.095290
-0.495693
0.014918
0.191759
-0.033191
-0.074110
-0.030912
-0.125183
0.101495
-0.102751
-0.034125
0.095583
-0.005004
-0.007698
-0.006945
0.004084
-0.001916
-0.001623
-0.000132
-0.000401
0.000994
-0.000074
-0.000064
0.000000
-0.000000
-0.000000
0.000000
0.000000
-0.000000
0.000000
-0.000000
0.000000
-0.000000
-0.000000
0.000000
-0.000000
-2.774997
-0.990685
-0.573428
0.402841
-0.503861
-0.213145
-0.088902
-0.185332
-0.104076
0.018554
-0.111403
-0.035137
0.009000
-0.070567
-0.040582
0.021836
0.014281
-0.004170
-0.031556
-0.014547
-0.005987
-0.023281
-0.002406
-0.005244
0.018462
0.005610
0.001779
0.001196
0.000708
0.006138
-0.000716
0.000000
-0.000000
-0.000000
0.000000
0.000000
-0.000000
0.000000
-0.000000
0.000000
-0.000000
-0.000000
0.000000
-0.000000
-2.022420
-0.435878
-0.674567
0.395957
-0.427705
-0.687116
0.194408
-0.639500
0.911251
-0.140225
0.407087
0.014679
-0.028833
-0.015106
-0.149167
0.027657
-0.064673
0.003670
0.024268
0.014626
0.016999
0.015503
-0.031448
-0.003529
-0.002004
0.006600
-0.003737
-0.002419
-0.000616
0.000233
-0.000164
0.000000
-0.000000
-0.000000
0.000000
0.000000
-0.000000
0.000000
-0.000000
0.000000
-0.000000
-0.000000
0.000000
-0.000000
-2.628865
-0.862260
-0.544338
0.237473
-0.202572
0.074926
0.002175
-0.246560
-0.185513
0.055515
-0.021527
-0.123372
0.055863
-0.024368
-0.026866
0.033413
-0.018565
0.002248
-0.019305
0.007395
-0.022371
-0.003188
-0.017725
0.008638
-0.005417
-0.013292
-0.003511
-0.004478
-0.002699
0.001461
0.004145
0.000000
-0.000000
-0.000000
0.000000
0.000000
-0.000000
0.000000
-0.000000
0.000000
-0.000000
-0.000000
0.000000
-0.000000
5.274246
3.547613
6.162544
6.909828
0.986150
-0.078189
-0.135920
0.106125
-0.041508
-0.020087
0.043637
-0.020353
-0.015327
0.004423
-0.028413
0.007976
0.005141
-0.003271
-0.005797
-0.003720
-0.002449
-0.000581
-0.000183
0.000054
-0.000020
-0.000166
0.000104
0.000018
0.000021
-0.000018
0.000003
0.000000
-0.000000
-0.000000
0.000000
0.000000
-0.000000
0.000000
-0.000000
0.000000
-0.000000
-0.000000
0.000000
-0.000000
0.000000
0.000000
0.000000
-0.000000
0.000000
0.000000
-0.000000
-0.000000
0.000000
0.000000
0.000000
0.000000
-0.000000
-0.000000
0.000000
0.000000
0.000000
-0.000000
0.000000
0.000000
-0.000000
-0.000000
0.000000
-0.000000
-0.000000
0.000000
0.000000
0.000000
-0.000000
-0.000000
0.000000
0.000000
0.000000
0.000000
0.000000
-0.000000
0.000000
0.000000
0.000000
-0.000000
-0.000000
0.000000
0.000000
0.000000
0.000000
0.000000
0.000000
-0.000000
0.000000
0.000000
-0.000000
-0.000000
0.000000
0.000000
0.000000
0.000000
-0.000000
-0.000000
0.000000
0.000000
0.000000
-0.000000
0.000000
0.000000
-0.000000
-0.000000
0.000000
-0.000000
-0.000000
0.000000
0.000000
0.000000
-0.000000
-0.000000
0.000000
0.000000
0.000000
-0.000000
0.000000
-0.000000
-0.000000
0.000000
-0.000000
0.000000
0.000000
-0.000000
-0.000000
-0.000000
0.000000
0.000000
0.000000
-0.000000
0.000000
0.000000
-0.000000
-0.000000
0.000000
0.000000
0.000000
0.000000
-0.000000
-0.000000
0.000000
0.000000
0.000000
-0.000000
0.000000
0.000000
-0.000000
-0.000000
0.000000
-0.000000
-0.000000
0.000000
0.000000
0.000000
-0.000000
-0.000000
0.000000
0.000000
0.000000
0.000000
0.000000
0.000000
-0.000000
-0.000000
-0.000000
-0.000000
-0.000000
-0.000000
0.000000
0.000000
0.000000
0.000000
0.000000
-0.000000
0.000000
0.000000
-0.000000
-0.000000
0.000000
0.000000
0.000000
0.000000
-0.000000
-0.000000
0.000000
0.000000
0.000000
-0.000000
0.000000
0.000000
-0.000000
-0.000000
0.000000
-0.000000
-0.000000
0.000000
0.000000
0.000000
-0.000000
-0.000000
0.000000
0.000000
0.000000
-0.000000
0.000000
0.000000
0.000000
-0.000000
0.000000
0.000000
-0.000000
0.000000
0.000000
0.000000
0.000000
0.000000
0.000000
-0.000000
0.000000
0.000000
-0.000000
-0.000000
0.000000
0.000000
0.000000
0.000000
-0.000000
-0.000000
0.000000
0.000000
0.000000
-0.000000
0.000000
0.000000
-0.000000
-0.000000
0.000000
-0.000000
-0.000000
0.000000
0.000000
0.000000
-0.000000
-0.000000
0.000000
0.000000
0.000000
-0.000000
-0.000000
0.000000
-0.000000
0.000000
0.000000
-0.000000
-0.000000
0.000000
0.000000
-0.000000
0.000000
0.000000
0.000000
-0.000000
0.000000
0.000000
-0.000000
-0.000000
0.000000
0.000000
0.000000
0.000000
-0.000000
-0.000000
0.000000
0.000000
0.000000
-0.000000
0.000000
0.000000
-0.000000
-0.000000
0.000000
-0.000000
-0.000000
0.000000
0.000000
0.000000
-0.000000
-0.000000
0.000000
0.000000
0.000000
-0.000000
0.000000
0.000000
-0.000000
-0.000000
0.000000
-0.000000
0.000000
0.000000
0.000000
-0.000000
0.000000
0.000000
0.000000
-0.000000
0.000000
0.000000
-0.000000
-0.000000
0.000000
0.000000
0.000000
0.000000
-0.000000
-0.000000
0.000000
0.000000
0.000000
-0.000000
0.000000
0.000000
-0.000000
-0.000000
0.000000
-0.000000
-0.000000
0.000000
0.000000
0.000000
-0.000000
-0.000000
0.000000
0.000000
0.000000
-0.000000
-0.000000
-0.000000
0.000000
-0.000000
-0.000000
-0.000000
0.000000
-0.000000
0.000000
0.000000
0.000000
0.000000
0.000000
-0.000000
0.000000
0.000000
-0.000000
-0.000000
0.000000
0.000000
0.000000
0.000000
-0.000000
-0.000000
0.000000
0.000000
0.000000
-0.000000
0.000000
0.000000
-0.000000
-0.000000
0.000000
-0.000000
-0.000000
0.000000
0.000000
0.000000
-0.000000
-0.000000
0.000000
0.000000
0.000000
0.000000
0.000000
0.000000
0.000000
-0.000000
-0.000000
-0.000000
-0.000000
0.000000
-0.000000
-0.000000
0.000000
0.000000
0.000000
-0.000000
0.000000
0.000000
-0.000000
-0.000000
0.000000
0.000000
0.000000
0.000000
-0.000000
-0.000000
0.000000
0.000000
0.000000
-0.000000
0.000000
0.000000
-0.000000
-0.000000
0.000000
-0.000000
-0.000000
0.000000
0.000000
0.000000
-0.000000
-0.000000
0.000000
0.000000
0.000000
0.000000
0.000000
-0.000000
-0.000000
-0.000000
-0.000000
0.000000
0.000000
0.000000
-0.000000
0.000000
0.000000
0.000000
0.000000
-0.000000
0.000000
0.000000
-0.000000
-0.000000
0.000000
0.000000
0.000000
0.000000
-0.000000
-0.000000
0.000000
0.000000
0.000000
-0.000000
0.000000
0.000000
-0.000000
-0.000000
0.000000
-0.000000
-0.000000
0.000000
0.000000
0.000000
-0.000000
-0.000000
0.000000
0.000000
0.000000
0.000000
-0.000000
-0.000000
-0.000000
-0.000000
0.000000
0.000000
0.000000
-0.000000
0.000000
-0.000000
0.000000
0.000000
0.000000
-0.000000
0.000000
0.000000
-0.000000
-0.000000
0.000000
0.000000
0.000000
0.000000
-0.000000
-0.000000
0.000000
0.000000
0.000000
-0.000000
0.000000
0.000000
-0.000000
-0.000000
0.000000
-0.000000
-0.000000
0.000000
0.000000
0.000000
-0.000000
-0.000000
0.000000
0.000000
0.000000
-0.000000
-0.000000
-0.000000
-0.000000
-0.000000
0.000000
-0.000000
-0.000000
-0.000000
-0.000000
0.000000
0.000000
0.000000
0.000000
-0.000000
0.000000
0.000000
-0.000000
-0.000000
0.000000
0.000000
0.000000
0.000000
-0.000000
-0.000000
0.000000
0.000000
0.000000
-0.000000
0.000000
0.000000
-0.000000
-0.000000
0.000000
-0.000000
-0.000000
0.000000
0.000000
0.000000
-0.000000
-0.000000
0.000000
0.000000
0.000000
0.000000
-0.000000
0.000000
0.000000
0.000000
-0.000000
0.000000
0.000000
-0.000000
-0.000000
0.000000
