0.619622
0.212150
0.095663
0.000508
0.000147
0.020146
0.004087
0.020040
0.020828
0.000320
0.005865
0.000038
0.000140
0.000008
0.000368
0.000000
0.000058
0.000007
0.000002
0.000001
0.000000
0.000000
0.000000
0.000000
0.000000
0.000000
0.000000
0.000000
0.000000
0.000000
0.000000
0.000000
0.000000
0.000000
0.000000
0.000000
0.000000
0.000000
0.000000
0.000000
0.000000
0.000000
0.000000
0.000000
0.818049
0.173362
0.003501
0.002003
0.000437
0.000035
0.000014
0.000461
0.000797
0.000289
0.000418
0.000222
0.000021
0.000165
0.000001
0.000010
0.000019
0.000103
0.000000
0.000053
0.000003
0.000000
0.000030
0.000000
0.000000
0.000002
0.000001
0.000000
0.000000
0.000000
0.000000
0.000000
0.000000
0.000000
0.000000
0.000000
0.000000
0.000000
0.000000
0.000000
0.000000
0.000000
0.000000
0.000000
0.721936
0.071504
0.045285
0.003241
0.028995
0.000351
0.057776
0.060891
0.000080
0.007403
0.000206
0.001855
0.000309
0.000010
0.000090
0.000013
0.000041
0.000006
0.000004
0.000000
0.000001
0.000002
0.000000
0.000000
0.000000
0.000000
0.000000
0.000000
0.000000
0.000000
0.000000
0.000000
0.000000
0.000000
0.000000
0.000000
0.000000
0.000000
0.000000
0.000000
0.000000
0.000000
0.000000
0.000000
0.879947
0.033699
0.054939
0.025962
0.001121
0.002842
0.000024
0.000275
0.000367
0.000155
0.000010
0.000032
0.000325
0.000153
0.000061
0.000018
0.000047
0.000009
0.000001
0.000008
0.000003
0.000000
0.000000
0.000000
0.000000
0.000000
0.000000
0.000001
0.000000
0.000000
0.000000
0.000000
0.000000
0.000000
0.000000
0.000000
0.000000
0.000000
0.000000
0.000000
0.000000
0.000000
0.000000
0.000000
0.920269
0.033754
0.002255
0.039383
0.000520
0.000924
0.000560
0.000891
0.000010
0.000271
0.000057
0.000011
0.000529
0.000196
0.000203
0.000000
0.000020
0.000002
0.000002
0.000041
0.000059
0.000029
0.000001
0.000002
0.000000
0.000005
0.000003
0.000000
0.000000
0.000000
0.000000
0.000000
0.000000
0.000000
0.000000
0.000000
0.000000
0.000000
0.000000
0.000000
0.000000
0.000000
0.000000
0.000000
0.941471
0.008114
0.006301
0.040167
0.000005
0.001342
0.000508
0.000766
0.000098
0.000480
0.000003
0.000137
0.000211
0.000084
0.000018
0.000081
0.000140
0.000002
0.000010
0.000056
0.000001
0.000001
0.000000
0.000000
0.000001
0.000000
0.000000
0.000003
0.000000
0.000000
0.000000
0.000000
0.000000
0.000000
0.000000
0.000000
0.000000
0.000000
0.000000
0.000000
0.000000
0.000000
0.000000
0.000000
0.122992
0.250584
0.462850
0.095821
0.018388
0.026581
0.007286
0.005681
0.003541
0.001753
0.000001
0.003673
0.000246
0.000016
0.000301
0.000076
0.000119
0.000000
0.000080
0.000001
0.000007
0.000000
0.000001
0.000000
0.000000
0.000000
0.000000
0.000000
0.000000
0.000000
0.000000
0.000000
0.000000
0.000000
0.000000
0.000000
0.000000
0.000000
0.000000
0.000000
0.000000
0.000000
0.000000
0.000000
0.539745
0.350019
0.001606
0.095495
0.002242
0.000409
0.000464
0.004602
0.000003
0.002151
0.000092
0.000000
0.000220
0.000951
0.001317
0.000173
0.000104
0.000251
0.000073
0.000077
0.000000
0.000001
0.000002
0.000000
0.000001
0.000000
0.000000
0.000000
0.000000
0.000000
0.000000
0.000000
0.000000
0.000000
0.000000
0.000000
0.000000
0.000000
0.000000
0.000000
0.000000
0.000000
0.000000
0.000000
0.369059
0.173631
0.100432
0.330796
0.014022
0.001526
0.000458
0.002603
0.002760
0.002463
0.000200
0.000033
0.000780
0.000369
0.000223
0.000048
0.000190
0.000009
0.000371
0.000011
0.000001
0.000007
0.000001
0.000002
0.000003
0.000000
0.000000
0.000000
0.000000
0.000000
0.000000
0.000000
0.000000
0.000000
0.000000
0.000000
0.000000
0.000000
0.000000
0.000000
0.000000
0.000000
0.000000
0.000000
0.610457
0.019542
0.199085
0.160827
0.002042
0.000057
0.002993
0.000759
0.000179
0.002964
0.000116
0.000348
0.000158
0.000048
0.000055
0.000017
0.000010
0.000013
0.000289
0.000008
0.000001
0.000005
0.000010
0.000015
0.000001
0.000001
0.000000
0.000000
0.000000
0.000000
0.000000
0.000000
0.000000
0.000000
0.000000
0.000000
0.000000
0.000000
0.000000
0.000000
0.000000
0.000000
0.000000
0.000000
0.374546
0.028993
0.319481
0.226573
0.004754
0.018321
0.000866
0.015348
0.000004
0.005502
0.004175
0.000499
0.000367
0.000045
0.000158
0.000042
0.000175
0.000003
0.000115
0.000032
0.000001
0.000000
0.000001
0.000000
0.000001
0.000000
0.000000
0.000000
0.000000
0.000000
0.000000
0.000000
0.000000
0.000000
0.000000
0.000000
0.000000
0.000000
0.000000
0.000000
0.000000
0.000000
0.000000
0.000000
0.822415
0.171979
0.003373
0.001154
0.000001
0.000378
0.000259
0.000012
0.000090
0.000012
0.000200
0.000000
0.000009
0.000026
0.000003
0.000011
0.000037
0.000012
0.000026
0.000000
0.000000
0.000000
0.000000
0.000000
0.000001
0.000000
0.000001
0.000000
0.000000
0.000000
0.000000
0.000000
0.000000
0.000000
0.000000
0.000000
0.000000
0.000000
0.000000
0.000000
0.000000
0.000000
0.000000
0.000000
0.915227
0.083258
0.000219
0.000000
0.000212
0.000612
0.000000
0.000051
0.000117
0.000094
0.000103
0.000003
0.000046
0.000003
0.000005
0.000011
0.000016
0.000004
0.000018
0.000000
0.000000
0.000000
0.000000
0.000000
0.000001
0.000000
0.000000
0.000000
0.000000
0.000000
0.000000
0.000000
0.000000
0.000000
0.000000
0.000000
0.000000
0.000000
0.000000
0.000000
0.000000
0.000000
0.000000
0.000000
0.227619
0.082623
0.000245
0.135065
0.487276
0.049706
0.008743
0.004618
0.001335
0.000062
0.001549
0.000962
0.000121
0.000034
0.000018
0.000011
0.000002
0.000000
0.000001
0.000010
0.000000
0.000000
0.000000
0.000000
0.000000
0.000000
0.000000
0.000000
0.000000
0.000000
0.000000
0.000000
0.000000
0.000000
0.000000
0.000000
0.000000
0.000000
0.000000
0.000000
0.000000
0.000000
0.000000
0.000000
0.173601
0.648269
0.110195
0.004077
0.047050
0.000713
0.000084
0.009128
0.004200
0.000414
0.000259
0.000190
0.000505
0.000550
0.000247
0.000199
0.000015
0.000022
0.000083
0.000079
0.000117
0.000000
0.000001
0.000001
0.000000
0.000000
0.000000
0.000000
0.000000
0.000000
0.000000
0.000000
0.000000
0.000000
0.000000
0.000000
0.000000
0.000000
0.000000
0.000000
0.000000
0.000000
0.000000
0.000000
0.338194
0.552822
0.063796
0.005641
0.013194
0.000908
0.007946
0.002664
0.000134
0.009966
0.000052
0.003028
0.000619
0.000536
0.000002
0.000173
0.000145
0.000086
0.000075
0.000001
0.000011
0.000006
0.000000
0.000001
0.000000
0.000000
0.000000
0.000000
0.000000
0.000000
0.000000
0.000000
0.000000
0.000000
0.000000
0.000000
0.000000
0.000000
0.000000
0.000000
0.000000
0.000000
0.000000
0.000000
0.514415
0.434697
0.044396
0.002825
0.000025
0.000183
0.000230
0.000010
0.000850
0.001068
0.000009
0.000004
0.000005
0.000555
0.000274
0.000073
0.000018
0.000091
0.000025
0.000153
0.000060
0.000032
0.000000
0.000001
0.000000
0.000000
0.000000
0.000000
0.000000
0.000000
0.000000
0.000000
0.000000
0.000000
0.000000
0.000000
0.000000
0.000000
0.000000
0.000000
0.000000
0.000000
0.000000
0.000000
0.949267
0.031179
0.017742
0.000292
0.000111
0.000052
0.000670
0.000010
0.000036
0.000088
0.000051
0.000003
0.000021
0.000010
0.000064
0.000114
0.000094
0.000083
0.000009
0.000086
0.000010
0.000000
0.000003
0.000002
0.000000
0.000002
0.000001
0.000000
0.000000
0.000000
0.000000
0.000000
0.000000
0.000000
0.000000
0.000000
0.000000
0.000000
0.000000
0.000000
0.000000
0.000000
0.000000
0.000000
0.931881
0.065390
0.001129
0.000159
0.000008
0.000118
0.000059
0.000177
0.000307
0.000123
0.000074
0.000410
0.000015
0.000001
0.000001
0.000033
0.000029
0.000060
0.000005
0.000000
0.000001
0.000010
0.000002
0.000001
0.000002
0.000000
0.000003
0.000000
0.000003
0.000000
0.000000
0.000000
0.000000
0.000000
0.000000
0.000000
0.000000
0.000000
0.000000
0.000000
0.000000
0.000000
0.000000
0.000000
0.964425
0.000208
0.031727
0.002218
0.000008
0.000252
0.000009
0.000445
0.000003
0.000125
0.000032
0.000046
0.000096
0.000019
0.000202
0.000005
0.000024
0.000072
0.000027
0.000049
0.000004
0.000000
0.000001
0.000000
0.000002
0.000000
0.000002
0.000000
0.000000
0.000000
0.000000
0.000000
0.000000
0.000000
0.000000
0.000000
0.000000
0.000000
0.000000
0.000000
0.000000
0.000000
0.000000
0.000000
0.911515
0.049386
0.016719
0.000258
0.002994
0.007668
0.001625
0.000042
0.000223
0.002145
0.001932
0.001499
0.000212
0.002948
0.000692
0.000022
0.000023
0.000031
0.000023
0.000003
0.000020
0.000006
0.000011
0.000000
0.000001
0.000001
0.000000
0.000000
0.000000
0.000000
0.000000
0.000000
0.000000
0.000000
0.000000
0.000000
0.000000
0.000000
0.000000
0.000000
0.000000
0.000000
0.000000
0.000000
0.932846
0.027278
0.036460
0.002148
0.000311
0.000050
0.000068
0.000264
0.000163
0.000159
0.000039
0.000001
0.000000
0.000089
0.000033
0.000013
0.000019
0.000045
0.000000
0.000006
0.000003
0.000000
0.000001
0.000000
0.000000
0.000001
0.000000
0.000000
0.000000
0.000000
0.000000
0.000000
0.000000
0.000000
0.000000
0.000000
0.000000
0.000000
0.000000
0.000000
0.000000
0.000000
0.000000
0.000000
0.908635
0.070095
0.009207
0.006344
0.000101
0.000035
0.001220
0.000000
0.001418
0.000029
0.001639
0.000030
0.000912
0.000034
0.000010
0.000020
0.000065
0.000100
0.000020
0.000068
0.000002
0.000000
0.000017
0.000000
0.000000
0.000001
0.000000
0.000000
0.000000
0.000000
0.000000
0.000000
0.000000
0.000000
0.000000
0.000000
0.000000
0.000000
0.000000
0.000000
0.000000
0.000000
0.000000
0.000000
0.958268
0.037791
0.002902
0.000112
0.000240
0.000453
0.000002
0.000004
0.000033
0.000024
0.000088
0.000002
0.000027
0.000012
0.000010
0.000003
0.000005
0.000010
0.000012
0.000000
0.000000
0.000000
0.000000
0.000000
0.000000
0.000000
0.000000
0.000000
0.000000
0.000000
0.000000
0.000000
0.000000
0.000000
0.000000
0.000000
0.000000
0.000000
0.000000
0.000000
0.000000
0.000000
0.000000
0.000000
0.946819
0.047812
0.004279
0.000249
0.000124
0.000247
0.000159
0.000091
0.000017
0.000003
0.000104
0.000003
0.000019
0.000012
0.000012
0.000004
0.000005
0.000026
0.000011
0.000001
0.000000
0.000000
0.000000
0.000000
0.000001
0.000000
0.000000
0.000000
0.000000
0.000000
0.000000
0.000000
0.000000
0.000000
0.000000
0.000000
0.000000
0.000000
0.000000
0.000000
0.000000
0.000000
0.000000
0.000000
0.880938
0.111166
0.006064
0.000014
0.000004
0.000950
0.000275
0.000016
0.000189
0.000001
0.000183
0.000052
0.000033
0.000009
0.000021
0.000001
0.000013
0.000000
0.000046
0.000011
0.000006
0.000003
0.000000
0.000002
0.000002
0.000000
0.000000
0.000000
0.000001
0.000000
0.000000
0.000000
0.000000
0.000000
0.000000
0.000000
0.000000
0.000000
0.000000
0.000000
0.000000
0.000000
0.000000
0.000000
0.842980
0.149832
0.003413
0.002694
0.000278
0.000462
0.000082
0.000017
0.000067
0.000001
0.000020
0.000015
0.000026
0.000043
0.000001
0.000025
0.000019
0.000004
0.000015
0.000001
0.000004
0.000001
0.000000
0.000001
0.000000
0.000000
0.000000
0.000000
0.000000
0.000000
0.000000
0.000000
0.000000
0.000000
0.000000
0.000000
0.000000
0.000000
0.000000
0.000000
0.000000
0.000000
0.000000
0.000000
0.900116
0.082921
0.000201
0.010396
0.002335
0.000129
0.000890
0.001417
0.000092
0.000256
0.000269
0.000253
0.000367
0.000022
0.000063
0.000051
0.000047
0.000000
0.000091
0.000034
0.000000
0.000014
0.000018
0.000000
0.000015
0.000001
0.000000
0.000001
0.000000
0.000000
0.000000
0.000000
0.000000
0.000000
0.000000
0.000000
0.000000
0.000000
0.000000
0.000000
0.000000
0.000000
0.000000
0.000000
0.956008
0.001498
0.031501
0.001690
0.001018
0.006044
0.000066
0.000601
0.000009
0.000000
0.000060
0.000277
0.000003
0.000368
0.000076
0.000176
0.000024
0.000309
0.000257
0.000000
0.000001
0.000004
0.000004
0.000000
0.000003
0.000000
0.000002
0.000000
0.000000
0.000000
0.000000
0.000000
0.000000
0.000000
0.000000
0.000000
0.000000
0.000000
0.000000
0.000000
0.000000
0.000000
0.000000
0.000000
0.676262
0.223400
0.036676
0.050484
0.002883
0.000284
0.000097
0.000000
0.005522
0.000063
0.001286
0.001907
0.000008
0.000088
0.000240
0.000428
0.000218
0.000061
0.000013
0.000039
0.000008
0.000003
0.000026
0.000001
0.000001
0.000000
0.000000
0.000000
0.000000
0.000000
0.000000
0.000000
0.000000
0.000000
0.000000
0.000000
0.000000
0.000000
0.000000
0.000000
0.000000
0.000000
0.000000
0.000000
0.954540
0.019590
0.021181
0.002241
0.000167
0.000642
0.000190
0.000678
0.000127
0.000054
0.000033
0.000183
0.000000
0.000001
0.000000
0.000012
0.000034
0.000003
0.000036
0.000112
0.000155
0.000000
0.000006
0.000007
0.000000
0.000003
0.000000
0.000001
0.000000
0.000000
0.000000
0.000000
0.000000
0.000000
0.000000
0.000000
0.000000
0.000000
0.000000
0.000000
0.000000
0.000000
0.000000
0.000000
0.502757
0.012563
0.138132
0.333188
0.006836
0.000341
0.002342
0.000772
0.000093
0.000619
0.000669
0.000268
0.000899
0.000106
0.000004
0.000063
0.000190
0.000062
0.000043
0.000017
0.000003
0.000020
0.000000
0.000010
0.000000
0.000001
0.000000
0.000000
0.000000
0.000000
0.000000
0.000000
0.000000
0.000000
0.000000
0.000000
0.000000
0.000000
0.000000
0.000000
0.000000
0.000000
0.000000
0.000000
0.630472
0.163843
0.156021
0.000768
0.006719
0.029541
0.005258
0.001700
0.000575
0.000007
0.000406
0.000020
0.003343
0.000015
0.000599
0.000426
0.000168
0.000065
0.000028
0.000000
0.000014
0.000006
0.000003
0.000003
0.000000
0.000000
0.000000
0.000000
0.000000
0.000000
0.000000
0.000000
0.000000
0.000000
0.000000
0.000000
0.000000
0.000000
0.000000
0.000000
0.000000
0.000000
0.000000
0.000000
0.908735
0.082583
0.006696
0.000292
0.000164
0.001261
0.000083
0.000022
0.000030
0.000002
0.000040
0.000001
0.000002
0.000037
0.000007
0.000004
0.000024
0.000011
0.000001
0.000001
0.000001
0.000000
0.000000
0.000001
0.000000
0.000000
0.000000
0.000000
0.000000
0.000000
0.000000
0.000000
0.000000
0.000000
0.000000
0.000000
0.000000
0.000000
0.000000
0.000000
0.000000
0.000000
0.000000
0.000000
0.320706
0.025174
0.322494
0.250027
0.045692
0.024357
0.001520
0.001063
0.003046
0.000522
0.003948
0.000756
0.000137
0.000015
0.000092
0.000309
0.000001
0.000101
0.000000
0.000027
0.000005
0.000002
0.000004
0.000000
0.000001
0.000001
0.000000
0.000000
0.000000
0.000000
0.000000
0.000000
0.000000
0.000000
0.000000
0.000000
0.000000
0.000000
0.000000
0.000000
0.000000
0.000000
0.000000
0.000000
0.735224
0.008829
0.141729
0.089063
0.019280
0.000834
0.001643
0.000106
0.000138
0.000151
0.000025
0.000016
0.000276
0.000343
0.001486
0.000150
0.000314
0.000243
0.000067
0.000011
0.000070
0.000000
0.000000
0.000000
0.000001
0.000001
0.000000
0.000000
0.000000
0.000000
0.000000
0.000000
0.000000
0.000000
0.000000
0.000000
0.000000
0.000000
0.000000
0.000000
0.000000
0.000000
0.000000
0.000000
0.928191
0.069934
0.000233
0.000401
0.000143
0.000434
0.000148
0.000121
0.000013
0.000152
0.000019
0.000000
0.000012
0.000026
0.000013
0.000004
0.000013
0.000117
0.000002
0.000013
0.000003
0.000002
0.000001
0.000002
0.000001
0.000000
0.000000
0.000000
0.000001
0.000000
0.000000
0.000000
0.000000
0.000000
0.000000
0.000000
0.000000
0.000000
0.000000
0.000000
0.000000
0.000000
0.000000
0.000000
0.307213
0.377830
0.007951
0.092498
0.051674
0.000294
0.127932
0.027944
0.001232
0.005007
0.000024
0.000352
0.000004
0.000004
0.000004
0.000028
0.000000
0.000002
0.000006
0.000001
0.000000
0.000000
0.000000
0.000000
0.000000
0.000000
0.000000
0.000000
0.000000
0.000000
0.000000
0.000000
0.000000
0.000000
0.000000
0.000000
0.000000
0.000000
0.000000
0.000000
0.000000
0.000000
0.000000
0.000000
0.297294
0.620374
0.062013
0.001194
0.013589
0.001025
0.000487
0.002005
0.001658
0.000002
0.000000
0.000069
0.000018
0.000039
0.000036
0.000010
0.000030
0.000032
0.000002
0.000045
0.000033
0.000026
0.000008
0.000005
0.000002
0.000004
0.000000
0.000000
0.000000
0.000000
0.000000
0.000000
0.000000
0.000000
0.000000
0.000000
0.000000
0.000000
0.000000
0.000000
0.000000
0.000000
0.000000
0.000000
0.977528
0.001289
0.017990
0.000040
0.000082
0.000033
0.000006
0.000304
0.000338
0.001634
0.000017
0.000116
0.000216
0.000016
0.000254
0.000005
0.000020
0.000011
0.000027
0.000003
0.000001
0.000048
0.000015
0.000000
0.000002
0.000000
0.000001
0.000000
0.000000
0.000000
0.000000
0.000000
0.000000
0.000000
0.000000
0.000000
0.000000
0.000000
0.000000
0.000000
0.000000
0.000000
0.000000
0.000000
0.700706
0.005772
0.001870
0.000106
0.168231
0.091903
0.018250
0.009472
0.000031
0.001588
0.000496
0.001015
0.000006
0.000354
0.000006
0.000001
0.000137
0.000004
0.000004
0.000000
0.000031
0.000012
0.000002
0.000000
0.000000
0.000000
0.000000
0.000000
0.000000
0.000000
0.000000
0.000000
0.000000
0.000000
0.000000
0.000000
0.000000
0.000000
0.000000
0.000000
0.000000
0.000000
0.000000
0.000000
0.989020
0.004769
0.005265
0.000066
0.000370
0.000206
0.000044
0.000069
0.000000
0.000003
0.000019
0.000000
0.000022
0.000003
0.000044
0.000000
0.000020
0.000066
0.000000
0.000004
0.000004
0.000000
0.000001
0.000002
0.000001
0.000000
0.000000
0.000000
0.000001
0.000000
0.000000
0.000000
0.000000
0.000000
0.000000
0.000000
0.000000
0.000000
0.000000
0.000000
0.000000
0.000000
0.000000
0.000000
0.907959
0.051923
0.004107
0.021415
0.000096
0.000158
0.000447
0.003411
0.002710
0.001003
0.002631
0.001231
0.001231
0.000121
0.000163
0.001307
0.000001
0.000033
0.000021
0.000025
0.000004
0.000000
0.000000
0.000001
0.000000
0.000000
0.000000
0.000001
0.000000
0.000000
0.000000
0.000000
0.000000
0.000000
0.000000
0.000000
0.000000
0.000000
0.000000
0.000000
0.000000
0.000000
0.000000
0.000000
0.961980
0.032670
0.003992
0.000237
0.000417
0.000525
0.000080
0.000045
0.000005
0.000000
0.000020
0.000000
0.000001
0.000007
0.000015
0.000001
0.000000
0.000004
0.000000
0.000000
0.000000
0.000000
0.000000
0.000000
0.000000
0.000000
0.000000
0.000000
0.000000
0.000000
0.000000
0.000000
0.000000
0.000000
0.000000
0.000000
0.000000
0.000000
0.000000
0.000000
0.000000
0.000000
0.000000
0.000000
