0.019490
0.037193
0.036775
0.000249
0.000156
0.068681
0.015967
0.111582
0.389532
0.006512
0.213750
0.001960
0.011185
0.000967
0.049139
0.000001
0.021369
0.003407
0.000780
0.001230
0.000745
0.000093
0.000000
0.000574
0.001096
0.000716
0.000015
0.002489
0.000900
0.001546
0.000313
0.001588
0.000000
0.000000
0.000000
0.000000
0.000000
0.000000
0.000000
0.000000
0.000000
0.000000
0.000000
0.000000
0.025731
0.030393
0.001346
0.000983
0.000463
0.000119
0.000056
0.002569
0.014907
0.005885
0.015248
0.011329
0.001668
0.019477
0.000169
0.002479
0.007103
0.047499
0.000008
0.048641
0.004845
0.001047
0.174386
0.000779
0.000883
0.084281
0.036832
0.031151
0.003134
0.000310
0.079159
0.003423
0.214555
0.013783
0.019762
0.000259
0.006673
0.004003
0.015065
0.005579
0.001798
0.004768
0.026275
0.031176
0.022708
0.012536
0.017409
0.001590
0.030705
0.001195
0.225733
0.339036
0.001500
0.150699
0.007514
0.094836
0.024652
0.001125
0.012080
0.003029
0.015244
0.002936
0.002093
0.000174
0.001556
0.008852
0.000176
0.005669
0.000625
0.001313
0.000079
0.000803
0.003450
0.002411
0.002289
0.000510
0.000000
0.000223
0.001693
0.000002
0.000005
0.001650
0.000789
0.000718
0.000099
0.000091
0.000058
0.000145
0.027678
0.005908
0.021120
0.012738
0.001187
0.009690
0.000093
0.001533
0.006856
0.003162
0.000363
0.001643
0.025940
0.018034
0.008164
0.004349
0.017594
0.004171
0.000410
0.007576
0.005303
0.000231
0.000064
0.000260
0.000713
0.000433
0.000994
0.064685
0.001907
0.012191
0.003848
0.006605
0.002753
0.033351
0.013961
0.000553
0.017829
0.003421
0.032455
0.087651
0.257730
0.000132
0.000005
0.274717
0.028947
0.005917
0.000867
0.019323
0.000551
0.003151
0.002188
0.004962
0.000195
0.005510
0.002095
0.000539
0.042235
0.023117
0.027147
0.000093
0.007394
0.000867
0.001103
0.037601
0.090812
0.118668
0.007339
0.030931
0.008837
0.201628
0.167216
0.008372
0.033911
0.045724
0.000677
0.013154
0.001411
0.001049
0.000439
0.000876
0.000114
0.003437
0.000025
0.000344
0.000978
0.015900
0.004131
0.030222
0.029614
0.001422
0.002422
0.019708
0.000006
0.004576
0.001984
0.004268
0.001838
0.009776
0.000108
0.007000
0.016881
0.009885
0.002407
0.019308
0.052035
0.000851
0.005037
0.051128
0.001011
0.006026
0.000159
0.000085
0.013184
0.014075
0.000724
0.280121
0.001103
0.094134
0.009871
0.025830
0.096196
0.044562
0.001799
0.000544
0.027636
0.000669
0.034089
0.008324
0.017768
0.004921
0.000184
0.076730
0.003869
0.043931
0.177929
0.047014
0.019472
0.090619
0.028466
0.031630
0.066218
0.035683
0.000042
0.187788
0.019679
0.001920
0.040142
0.018153
0.044309
0.000030
0.041229
0.000820
0.011252
0.000047
0.005773
0.005074
0.005810
0.000211
0.000722
0.004409
0.007221
0.017555
0.000018
0.000036
0.002202
0.003216
0.006146
0.000187
0.001415
0.001639
0.000786
0.009408
0.012372
0.000811
0.000577
0.004172
0.016977
0.061363
0.000618
0.046854
0.002374
0.001393
0.001812
0.025626
0.000057
0.043780
0.003361
0.000019
0.017596
0.112020
0.175856
0.041381
0.038409
0.115039
0.037781
0.071060
0.000297
0.005006
0.011482
0.005987
0.023159
0.000472
0.000159
0.034747
0.047025
0.002586
0.004358
0.003194
0.001962
0.004523
0.001796
0.000023
0.001133
0.003450
0.000592
0.005523
0.018160
0.002407
0.000577
0.008006
0.011609
0.030440
0.038608
0.162303
0.014849
0.005204
0.001790
0.014494
0.051626
0.050132
0.007276
0.001704
0.062269
0.043480
0.029725
0.011486
0.070429
0.004172
0.191081
0.010053
0.001731
0.028393
0.007965
0.034825
0.060735
0.003089
0.000851
0.026676
0.007399
0.001426
0.003227
0.000204
0.002921
0.000001
0.000464
0.000021
0.000164
0.003994
0.000278
0.000340
0.000047
0.002078
0.000154
0.000285
0.019202
0.003426
0.076532
0.078909
0.002162
0.000194
0.011694
0.004227
0.003351
0.060333
0.004226
0.017777
0.012639
0.005601
0.007311
0.004158
0.003766
0.005923
0.148739
0.007295
0.000894
0.021086
0.059279
0.245546
0.024928
0.024321
0.002172
0.011430
0.036816
0.000382
0.015193
0.047363
0.000444
0.000139
0.000162
0.000099
0.000000
0.018690
0.000150
0.000381
0.003334
0.008359
0.000594
0.000775
0.011781
0.005083
0.122815
0.111167
0.005035
0.062457
0.003382
0.085456
0.000069
0.112001
0.152144
0.025491
0.029348
0.005297
0.021046
0.009985
0.064877
0.001324
0.058931
0.029591
0.001196
0.000005
0.005129
0.000016
0.016335
0.008285
0.007562
0.003418
0.005889
0.001242
0.000044
0.000789
0.008149
0.000066
0.006065
0.000019
0.001611
0.005006
0.002825
0.000945
0.005700
0.000012
0.002395
0.000018
0.025869
0.030150
0.001297
0.000566
0.000001
0.001287
0.001010
0.000069
0.001692
0.000242
0.007271
0.000014
0.000745
0.003071
0.000388
0.002740
0.013847
0.005503
0.013290
0.000009
0.000468
0.000264
0.000003
0.000030
0.027265
0.003430
0.045362
0.003772
0.004633
0.008463
0.011114
0.007371
0.025034
0.109080
0.047324
0.071998
0.018073
0.014068
0.035621
0.057752
0.051441
0.102243
0.246109
0.000018
0.028788
0.014596
0.000084
0.000000
0.000224
0.002085
0.000001
0.000284
0.002190
0.001911
0.003737
0.000141
0.003663
0.000332
0.000730
0.002694
0.005996
0.002058
0.009027
0.000211
0.000037
0.000122
0.000005
0.000007
0.016348
0.002850
0.028102
0.000001
0.003639
0.003223
0.008962
0.007409
0.035691
0.012360
0.001469
0.053160
0.137791
0.024892
0.158676
0.309056
0.061428
0.002529
0.026412
0.027078
0.007160
0.014485
0.000094
0.066269
0.516015
0.169452
0.034158
0.025713
0.024959
0.001264
0.056443
0.049162
0.009657
0.004051
0.002424
0.002521
0.000690
0.000006
0.000756
0.008973
0.000009
0.001030
0.000773
0.000308
0.000267
0.000511
0.000775
0.000341
0.000000
0.000002
0.000081
0.000284
0.000048
0.000011
0.000022
0.000170
0.000441
0.000118
0.000004
0.000335
0.000001
0.000113
0.000087
0.000018
0.005461
0.113650
0.042361
0.002000
0.049824
0.002432
0.000327
0.050823
0.078550
0.008433
0.009446
0.009710
0.040329
0.064814
0.032962
0.047727
0.005647
0.010110
0.042918
0.072145
0.179605
0.000042
0.005517
0.018659
0.000152
0.008139
0.012629
0.003585
0.010101
0.012563
0.002716
0.000678
0.003750
0.000010
0.002964
0.004358
0.008564
0.000622
0.000002
0.010155
0.001720
0.018934
0.000003
0.004864
0.010638
0.096917
0.024525
0.002768
0.013972
0.003094
0.031045
0.014833
0.002498
0.202870
0.001886
0.154788
0.049469
0.063145
0.000322
0.041435
0.053981
0.039327
0.038614
0.000548
0.016563
0.024361
0.002444
0.008369
0.003012
0.000414
0.024785
0.011016
0.031279
0.000596
0.002597
0.013252
0.001245
0.000038
0.005584
0.000121
0.000335
0.001403
0.000228
0.000245
0.000010
0.000898
0.002354
0.002177
0.016181
0.076208
0.017067
0.001386
0.000026
0.000623
0.000899
0.000054
0.015890
0.021739
0.000337
0.000202
0.000438
0.065335
0.036574
0.017461
0.006628
0.041738
0.013114
0.140938
0.091380
0.133060
0.000348
0.018517
0.000402
0.000520
0.018219
0.022321
0.017467
0.000931
0.013486
0.050961
0.036298
0.000539
0.057943
0.000634
0.009834
0.003407
0.000421
0.000761
0.000095
0.046747
0.000984
0.001887
0.029859
0.005466
0.006821
0.000143
0.000117
0.000176
0.002616
0.000054
0.000670
0.001798
0.001864
0.000152
0.001671
0.001200
0.008522
0.027340
0.034704
0.038290
0.004599
0.079259
0.015396
0.000086
0.018686
0.028610
0.000102
0.065972
0.049684
0.007726
0.047323
0.000477
0.014195
0.064723
0.015193
0.016153
0.084007
0.023579
0.021438
0.036729
0.022405
0.006177
0.157194
0.002351
0.000191
0.056283
0.029312
0.011464
0.000434
0.000078
0.000008
0.000403
0.000232
0.000983
0.005744
0.002501
0.002679
0.020947
0.001232
0.000158
0.000133
0.007852
0.010666
0.027423
0.002335
0.000002
0.002037
0.042769
0.009706
0.018852
0.050902
0.004831
0.161065
0.001155
0.378016
0.061996
0.004563
0.102319
0.006845
0.000452
0.000451
0.002096
0.004614
0.015179
0.000378
0.004853
0.001467
0.000033
0.000642
0.000195
0.030336
0.000036
0.012196
0.001088
0.000008
0.000858
0.000033
0.002478
0.000063
0.002535
0.001153
0.002349
0.007662
0.002184
0.026920
0.001301
0.009004
0.033204
0.014114
0.045296
0.006199
0.000003
0.004907
0.003690
0.048953
0.000682
0.098151
0.000394
0.001564
0.056646
0.388872
0.071135
0.027262
0.000713
0.054082
0.000204
0.002062
0.000129
0.002710
0.006311
0.015344
0.000501
0.005136
0.011527
0.028671
0.008658
0.006427
0.000127
0.003170
0.026142
0.006351
0.000232
0.004171
0.043667
0.070423
0.076656
0.016921
0.347175
0.092350
0.005171
0.008690
0.014389
0.011602
0.002695
0.030713
0.023562
0.066255
0.001380
0.018591
0.024237
0.025550
0.008772
0.002127
0.012427
0.000023
0.001097
0.001475
0.000112
0.000012
0.000134
0.000614
0.000411
0.000579
0.001437
0.002654
0.003151
0.000057
0.000944
0.029342
0.004782
0.014016
0.001054
0.000329
0.000171
0.000265
0.001471
0.003057
0.003228
0.001437
0.000065
0.000025
0.010484
0.004429
0.003229
0.007022
0.020659
0.000143
0.005253
0.004773
0.001531
0.005632
0.003239
0.004542
0.023508
0.014837
0.002882
0.000482
0.007849
0.010448
0.006941
0.009066
0.025985
0.013203
0.039545
0.233530
0.073589
0.000201
0.197698
0.061313
0.092850
0.004175
0.051721
0.028581
0.012288
0.003539
0.003113
0.000107
0.000118
0.004767
0.000001
0.026516
0.000592
0.059715
0.001518
0.072818
0.004026
0.001375
0.004858
0.024031
0.045926
0.010485
0.062099
0.002578
0.000001
0.096229
0.001021
0.005002
0.022907
0.010527
0.012141
0.000005
0.199972
0.050659
0.034953
0.031120
0.004430
0.043162
0.001218
0.003059
0.013909
0.007905
0.023545
0.025892
0.027728
0.001445
0.014120
0.030142
0.006625
0.001115
0.000055
0.000255
0.001543
0.000008
0.000025
0.000618
0.000496
0.003218
0.000126
0.002169
0.001380
0.001308
0.000836
0.001846
0.004534
0.006114
0.000017
0.000112
0.000000
0.000251
0.000213
0.007604
0.005857
0.011466
0.000159
0.002798
0.004321
0.002869
0.007650
0.076018
0.261595
0.144382
0.016704
0.170189
0.020922
0.019056
0.030231
0.013978
0.000591
0.092740
0.047862
0.029782
0.008382
0.001645
0.000122
0.000132
0.000841
0.000622
0.000509
0.000323
0.000057
0.003804
0.000168
0.001483
0.001399
0.001639
0.000928
0.001984
0.012008
0.005436
0.001259
0.000492
0.000645
0.001293
0.001240
0.010478
0.006088
0.023856
0.000536
0.000117
0.003982
0.020960
0.000000
0.004756
0.007843
0.002525
0.425867
0.064097
0.002293
0.205631
0.020403
0.001655
0.001462
0.000123
0.121136
0.027710
0.019489
0.002331
0.000007
0.000004
0.003239
0.001074
0.000090
0.003540
0.000016
0.006667
0.002661
0.002666
0.001070
0.002765
0.000271
0.004749
0.000155
0.023710
0.010176
0.009846
0.010370
0.001017
0.026876
0.039156
0.000184
0.016610
0.004046
0.056469
0.038942
0.144989
0.039034
0.010602
0.008856
0.121674
0.051818
0.000951
0.069854
0.102718
0.012410
0.029263
0.018887
0.065881
0.007160
0.026516
0.026267
0.001312
0.001322
0.000294
0.001574
0.000319
0.000095
0.001251
0.000019
0.000724
0.000747
0.002082
0.005094
0.000081
0.005884
0.007232
0.001621
0.007947
0.000903
0.005881
0.005586
0.001574
0.008630
0.007198
0.008821
0.000067
0.012797
0.003413
0.099055
0.000413
0.125248
0.003276
0.059810
0.001039
0.023445
0.000091
0.398720
0.031936
0.005908
0.010578
0.088846
0.001702
0.004680
0.028313
0.014537
0.000077
0.005101
0.002473
0.000441
0.003478
0.007890
0.001714
0.005205
0.009803
0.012925
0.029314
0.002579
0.008345
0.012239
0.017500
0.000191
0.046965
0.031329
0.000220
0.058902
0.101744
0.002671
0.299523
0.033406
0.017023
0.124072
0.015870
0.001418
0.007085
0.034221
0.003602
0.001616
0.006213
0.000603
0.000349
0.013754
0.001186
0.004722
0.007833
0.016744
0.000550
0.006256
0.030071
0.000263
0.012110
0.000829
0.001078
0.020606
0.000257
0.003347
0.000175
0.000000
0.002197
0.014166
0.000242
0.043314
0.010163
0.042235
0.008800
0.141805
0.132227
0.000159
0.002110
0.014702
0.022935
0.000975
0.065930
0.010621
0.099667
0.006159
0.010824
0.085585
0.004034
0.006428
0.049167
0.002140
0.012176
0.003269
0.007719
0.029372
0.048207
0.000796
0.019989
0.011166
0.010687
0.011299
0.021272
0.039165
0.014099
0.024770
0.003053
0.000970
0.000380
0.000000
0.103267
0.001291
0.046871
0.097473
0.000669
0.010366
0.032065
0.102581
0.080759
0.028197
0.006622
0.035939
0.012430
0.011580
0.149915
0.022533
0.026318
0.001176
0.006852
0.000102
0.002241
0.000072
0.009748
0.000152
0.060793
0.000245
0.000527
0.000721
0.005712
0.000425
0.005763
0.007372
0.014242
0.002259
0.008997
0.000014
0.030025
0.003434
0.008143
0.001100
0.000177
0.002190
0.000744
0.003774
0.002383
0.001099
0.001208
0.009350
0.000010
0.000115
0.000030
0.002988
0.012492
0.001384
0.018658
0.102574
0.238024
0.001182
0.035877
0.123940
0.009301
0.103647
0.000653
0.132309
0.000030
0.080583
0.010268
0.034987
0.000338
0.002122
0.010708
0.001638
0.000681
0.007433
0.000005
0.000277
0.002158
0.000144
0.001112
0.000708
0.015814
0.002202
0.053101
0.163477
0.007240
0.001163
0.009150
0.004297
0.001746
0.012592
0.024381
0.013706
0.071796
0.012469
0.000497
0.015182
0.070559
0.028626
0.022246
0.015653
0.005307
0.081719
0.000976
0.160470
0.000444
0.054149
0.005154
0.032992
0.042165
0.001107
0.001093
0.038852
0.007200
0.000257
0.007984
0.001613
0.001707
0.001756
0.001605
0.000269
0.003133
0.000276
0.003698
0.000176
0.019831
0.028724
0.059978
0.000377
0.007115
0.100708
0.020544
0.009467
0.010760
0.000134
0.014788
0.001023
0.267012
0.001749
0.079912
0.102062
0.062513
0.029722
0.014301
0.000332
0.021619
0.024998
0.016745
0.046476
0.000925
0.005603
0.008597
0.009756
0.018174
0.005523
0.000007
0.000157
0.000163
0.000019
0.005436
0.000107
0.000055
0.000331
0.000221
0.000676
0.000008
0.000496
0.001336
0.001518
0.028584
0.014478
0.002574
0.000143
0.000174
0.004299
0.000325
0.000125
0.000562
0.000038
0.001460
0.000036
0.000192
0.004378
0.000911
0.000910
0.008983
0.005033
0.000689
0.001256
0.001475
0.000773
0.000338
0.013545
0.005097
0.000621
0.000000
0.000009
0.010075
0.043631
0.021986
0.000002
0.187127
0.212686
0.021468
0.069124
0.000002
0.001734
0.139541
0.014346
0.035034
0.123265
0.011424
0.011547
0.010088
0.004413
0.123973
0.122675
0.048386
0.083034
0.005939
0.005920
0.056958
0.010621
0.143897
0.038664
0.010955
0.001755
0.012259
0.073987
0.000482
0.046181
0.000005
0.024521
0.008328
0.006794
0.021426
0.001114
0.029945
0.032233
0.007669
0.011648
0.003108
0.017021
0.000033
0.000115
0.011531
0.000104
0.004238
0.000040
0.001052
0.008860
0.002048
0.000364
0.002062
0.001705
0.002928
0.000920
0.023126
0.001548
0.054484
0.043698
0.020418
0.002844
0.006418
0.000588
0.002572
0.003083
0.000911
0.000813
0.022065
0.040337
0.198339
0.035865
0.116502
0.111757
0.034238
0.010177
0.107118
0.001443
0.000011
0.005543
0.027008
0.048894
0.010140
0.016195
0.000951
0.000419
0.007967
0.029290
0.001356
0.000607
0.000021
0.000000
0.000245
0.003396
0.000235
0.001098
0.002854
0.003904
0.000224
0.001297
0.029196
0.012260
0.000090
0.000197
0.000152
0.001480
0.000577
0.000676
0.000236
0.003091
0.000699
0.000019
0.000939
0.003072
0.001793
0.000928
0.004789
0.053535
0.000781
0.011664
0.005271
0.009188
0.007746
0.031178
0.030150
0.004171
0.016002
0.008250
0.104446
0.004940
0.006974
0.011427
0.003312
0.047682
0.145658
0.009952
0.097933
0.003222
0.004278
0.029577
0.069145
0.004729
0.166009
0.052585
0.009663
0.066238
0.003057
0.045384
0.054722
0.001002
0.499833
0.155589
0.023049
0.101917
0.000870
0.017998
0.000333
0.000428
0.000550
0.006736
0.000019
0.000883
0.003125
0.000534
0.000021
0.000043
0.000002
0.000083
0.000524
0.001350
0.002353
0.000108
0.002046
0.000058
0.000238
0.000825
0.000081
0.000002
0.000002
0.000020
0.000035
0.000006
0.000012
0.000078
0.000096
0.000001
0.000032
0.000056
0.009351
0.108759
0.023839
0.000586
0.014391
0.003494
0.001902
0.011166
0.031004
0.000040
0.000000
0.003525
0.001418
0.004610
0.004788
0.002285
0.011220
0.014895
0.001245
0.041028
0.050897
0.107337
0.044377
0.074790
0.041265
0.159926
0.016187
0.000340
0.000859
0.010876
0.005679
0.034639
0.015509
0.000833
0.064760
0.003812
0.000382
0.001549
0.001577
0.000904
0.015985
0.039001
0.010502
0.008470
0.030748
0.000226
0.006916
0.000020
0.000087
0.000113
0.000024
0.001694
0.006329
0.033252
0.000630
0.005955
0.017289
0.001878
0.033881
0.001271
0.007530
0.005233
0.014077
0.002990
0.001234
0.196707
0.089352
0.000041
0.033847
0.011122
0.039251
0.001154
0.008432
0.000257
0.118949
0.130991
0.002934
0.000849
0.060264
0.010066
0.000693
0.011115
0.003810
0.005650
0.008189
0.060087
0.034859
0.000001
0.022040
0.001012
0.000719
0.000052
0.178153
0.313307
0.071305
0.052741
0.000581
0.032316
0.018058
0.051876
0.000493
0.041653
0.000777
0.000217
0.050841
0.001972
0.002215
0.000199
0.048125
0.050266
0.012163
0.006495
0.003457
0.011360
0.001611
0.011862
0.000232
0.000398
0.001348
0.001480
0.005445
0.000002
0.000026
0.000029
0.000724
0.001012
0.000899
0.000785
0.001297
0.000185
0.000250
0.000020
0.031109
0.000836
0.002024
0.000032
0.000392
0.000702
0.000174
0.000385
0.000005
0.000060
0.000677
0.000024
0.001737
0.000410
0.005817
0.000089
0.007391
0.030401
0.000045
0.003790
0.005790
0.001361
0.008665
0.028769
0.015169
0.000073
0.001430
0.005268
0.067486
0.001128
0.000226
0.030245
0.001947
0.000110
0.011258
0.027070
0.137478
0.190187
0.027717
0.010477
0.009667
0.251159
0.077522
0.003696
0.028559
0.009103
0.001579
0.010507
0.000101
0.000540
0.001745
0.018991
0.050687
0.020416
0.095894
0.062952
0.098330
0.014265
0.021827
0.313435
0.000369
0.015351
0.010973
0.022699
0.005846
0.000121
0.000268
0.011693
0.005651
0.003832
0.008053
0.078707
0.000010
0.047157
0.003334
0.003438
0.007950
0.001272
0.005886
0.000758
0.000309
0.003572
0.000704
0.003707
0.003797
0.003886
0.000007
0.001719
0.030259
0.005728
0.001535
0.000116
0.000441
0.001790
0.000313
0.000253
0.000091
0.000002
0.000727
0.000001
0.000082
0.000778
0.001938
0.000321
0.000004
0.001668
0.000189
0.000204
0.000455
0.000002
0.001070
0.000299
0.009167
0.000042
0.000347
0.001124
0.004864
0.008872
0.005087
0.006995
0.023274
0.120555
0.011245
0.153543
0.012663
0.000068
0.086664
0.112409
0.052496
0.033649
0.186872
0.121801
