0.981009
0.018821
0.000169
0.000000
0.000000
0.000000
0.000000
0.000000
0.000000
0.000000
0.000000
0.000000
0.000000
0.000000
0.000000
0.000000
0.000000
0.000000
0.000000
0.000000
0.000000
0.000000
0.000000
0.000000
0.000000
0.000000
0.000000
0.000000
0.000000
0.000000
0.000000
0.000000
0.000000
0.000000
0.000000
0.000000
0.000000
0.000000
0.000000
0.000000
0.000000
0.000000
0.000000
0.000000
0.078071
0.701546
0.220383
0.000000
0.000000
0.000000
0.000000
0.000000
0.000000
0.000000
0.000000
0.000000
0.000000
0.000000
0.000000
0.000000
0.000000
0.000000
0.000000
0.000000
0.000000
0.000000
0.000000
0.000000
0.000000
0.000000
0.000000
0.000000
0.000000
0.000000
0.000000
0.000000
0.000000
0.000000
0.000000
0.000000
0.000000
0.000000
0.000000
0.000000
0.000000
0.000000
0.000000
0.000000
0.663298
0.125441
0.211261
0.000000
0.000000
0.000000
0.000000
0.000000
0.000000
0.000000
0.000000
0.000000
0.000000
0.000000
0.000000
0.000000
0.000000
0.000000
0.000000
0.000000
0.000000
0.000000
0.000000
0.000000
0.000000
0.000000
0.000000
0.000000
0.000000
0.000000
0.000000
0.000000
0.000000
0.000000
0.000000
0.000000
0.000000
0.000000
0.000000
0.000000
0.000000
0.000000
0.000000
0.000000
0.940378
0.056308
0.003314
0.000000
0.000000
0.000000
0.000000
0.000000
0.000000
0.000000
0.000000
0.000000
0.000000
0.000000
0.000000
0.000000
0.000000
0.000000
0.000000
0.000000
0.000000
0.000000
0.000000
0.000000
0.000000
0.000000
0.000000
0.000000
0.000000
0.000000
0.000000
0.000000
0.000000
0.000000
0.000000
0.000000
0.000000
0.000000
0.000000
0.000000
0.000000
0.000000
0.000000
0.000000
0.000014
0.000004
0.000000
0.001216
0.000833
0.000187
0.004517
0.005743
0.028826
0.000665
0.002238
0.001005
0.000000
0.000000
0.000000
0.000000
0.000000
0.000000
0.000000
0.000000
0.000000
0.000000
0.000000
0.000000
0.000000
0.000000
0.000000
0.000000
0.000000
0.000000
0.000000
0.000000
0.000000
0.000000
0.000000
0.000000
0.000000
0.000000
0.000000
0.000000
0.000000
0.000000
0.000000
0.000000
0.000014
0.000004
0.000000
0.001216
0.000070
0.000315
0.000037
0.000045
0.000012
0.000000
0.000002
0.000002
0.025292
0.000272
0.003106
0.007875
0.006955
0.000009
0.000014
0.000006
0.000001
0.000000
0.000001
0.000000
0.000000
0.000000
0.000000
0.000000
0.000000
0.000000
0.000000
0.000000
0.000000
0.000000
0.000000
0.000000
0.000000
0.000000
0.000000
0.000000
0.000000
0.000000
0.000000
0.000000
0.000014
0.000004
0.000000
0.001216
0.000070
0.000315
0.000037
0.000045
0.000012
0.000000
0.000002
0.000002
0.013988
0.003119
0.003123
0.009247
0.013379
0.000130
0.000463
0.000000
0.000006
0.000063
0.000009
0.000002
0.000000
0.000000
0.000000
0.000000
0.000000
0.000000
0.000000
0.000000
0.000000
0.000000
0.000000
0.000000
0.000000
0.000000
0.000000
0.000000
0.000000
0.000000
0.000000
0.000000
0.000014
0.000004
0.000000
0.001216
0.000070
0.000315
0.000037
0.000045
0.000012
0.000000
0.000002
0.000002
0.000002
0.003444
0.015057
0.002585
0.001433
0.009059
0.000017
0.011492
0.000169
0.000001
0.000267
0.000004
0.000000
0.000000
0.000000
0.000000
0.000000
0.000000
0.000000
0.000000
0.000000
0.000000
0.000000
0.000000
0.000000
0.000000
0.000000
0.000000
0.000000
0.000000
0.000000
0.000000
0.000014
0.000004
0.000000
0.001216
0.000070
0.000315
0.000037
0.000045
0.000012
0.000000
0.000002
0.000002
0.000562
0.012880
0.000148
0.010563
0.002903
0.006607
0.007534
0.002086
0.000057
0.000140
0.000039
0.000012
0.000000
0.000000
0.000000
0.000000
0.000000
0.000000
0.000000
0.000000
0.000000
0.000000
0.000000
0.000000
0.000000
0.000000
0.000000
0.000000
0.000000
0.000000
0.000000
0.000000
0.000014
0.000004
0.000000
0.001216
0.000070
0.000315
0.000037
0.000045
0.000012
0.000000
0.000002
0.000002
0.000031
0.000006
0.011485
0.001771
0.011447
0.000003
0.002990
0.014478
0.000020
0.000892
0.000392
0.000016
0.000000
0.000000
0.000000
0.000000
0.000000
0.000000
0.000000
0.000000
0.000000
0.000000
0.000000
0.000000
0.000000
0.000000
0.000000
0.000000
0.000000
0.000000
0.000000
0.000000
0.000014
0.000004
0.000000
0.001216
0.000070
0.000315
0.000037
0.000045
0.000012
0.000000
0.000002
0.000002
0.000230
0.000265
0.000010
0.000149
0.000558
0.000854
0.002017
0.004155
0.031803
0.000811
0.002672
0.000006
0.000000
0.000000
0.000000
0.000000
0.000000
0.000000
0.000000
0.000000
0.000000
0.000000
0.000000
0.000000
0.000000
0.000000
0.000000
0.000000
0.000000
0.000000
0.000000
0.000000
0.000014
0.000004
0.000000
0.001216
0.000070
0.000315
0.000037
0.000045
0.000012
0.000000
0.000002
0.000002
0.000139
0.000667
0.000011
0.000583
0.000383
0.000000
0.000003
0.001789
0.000895
0.023597
0.015463
0.000000
0.000000
0.000000
0.000000
0.000000
0.000000
0.000000
0.000000
0.000000
0.000000
0.000000
0.000000
0.000000
0.000000
0.000000
0.000000
0.000000
0.000000
0.000000
0.000000
0.000000
0.000014
0.000004
0.000000
0.001216
0.000070
0.000315
0.000037
0.000045
0.000012
0.000000
0.000002
0.000002
0.000205
0.000791
0.001256
0.005262
0.004124
0.003886
0.009284
0.009357
0.008687
0.000250
0.000395
0.000032
0.000000
0.000000
0.000000
0.000000
0.000000
0.000000
0.000000
0.000000
0.000000
0.000000
0.000000
0.000000
0.000000
0.000000
0.000000
0.000000
0.000000
0.000000
0.000000
0.000000
0.000014
0.000004
0.000000
0.001216
0.000070
0.000315
0.000037
0.000045
0.000012
0.000000
0.000002
0.000002
0.000163
0.000018
0.000012
0.000174
0.000063
0.000020
0.000042
0.000001
0.000017
0.000045
0.000090
0.000000
0.018260
0.014079
0.001468
0.000002
0.001930
0.003347
0.002149
0.001112
0.000001
0.000019
0.000011
0.000237
0.000142
0.000002
0.000047
0.000081
0.000000
0.000000
0.000000
0.000000
0.000014
0.000004
0.000000
0.001216
0.000070
0.000315
0.000037
0.000045
0.000012
0.000000
0.000002
0.000002
0.000163
0.000018
0.000012
0.000174
0.000063
0.000020
0.000042
0.000001
0.000017
0.000045
0.000090
0.000000
0.000043
0.000534
0.030593
0.009658
0.000714
0.000396
0.000051
0.000308
0.000049
0.000354
0.000063
0.000015
0.000001
0.000027
0.000007
0.000073
0.000000
0.000000
0.000000
0.000000
0.000014
0.000004
0.000000
0.001216
0.000070
0.000315
0.000037
0.000045
0.000012
0.000000
0.000002
0.000002
0.000163
0.000018
0.000012
0.000174
0.000063
0.000020
0.000042
0.000001
0.000017
0.000045
0.000090
0.000000
0.000471
0.000002
0.001136
0.000507
0.011520
0.018498
0.004232
0.005597
0.000062
0.000419
0.000007
0.000028
0.000259
0.000127
0.000007
0.000014
0.000000
0.000000
0.000000
0.000000
0.000014
0.000004
0.000000
0.001216
0.000070
0.000315
0.000037
0.000045
0.000012
0.000000
0.000002
0.000002
0.000163
0.000018
0.000012
0.000174
0.000063
0.000020
0.000042
0.000001
0.000017
0.000045
0.000090
0.000000
0.000004
0.001749
0.009163
0.017536
0.008913
0.002016
0.000504
0.002112
0.000039
0.000128
0.000311
0.000034
0.000028
0.000311
0.000036
0.000002
0.000000
0.000000
0.000000
0.000000
0.000014
0.000004
0.000000
0.001216
0.000070
0.000315
0.000037
0.000045
0.000012
0.000000
0.000002
0.000002
0.000163
0.000018
0.000012
0.000174
0.000063
0.000020
0.000042
0.000001
0.000017
0.000045
0.000090
0.000000
0.000007
0.001941
0.000222
0.000069
0.003145
0.004474
0.003937
0.000971
0.005130
0.008675
0.006396
0.000059
0.000504
0.005921
0.000999
0.000435
0.000000
0.000000
0.000000
0.000000
0.000014
0.000004
0.000000
0.001216
0.000070
0.000315
0.000037
0.000045
0.000012
0.000000
0.000002
0.000002
0.000163
0.000018
0.000012
0.000174
0.000063
0.000020
0.000042
0.000001
0.000017
0.000045
0.000090
0.000000
0.003111
0.002659
0.000026
0.001207
0.002380
0.004213
0.018062
0.007292
0.000740
0.002432
0.000066
0.000194
0.000196
0.000050
0.000232
0.000026
0.000000
0.000000
0.000000
0.000000
0.000014
0.000004
0.000000
0.001216
0.000070
0.000315
0.000037
0.000045
0.000012
0.000000
0.000002
0.000002
0.000163
0.000018
0.000012
0.000174
0.000063
0.000020
0.000042
0.000001
0.000017
0.000045
0.000090
0.000000
0.000000
0.002598
0.000084
0.003394
0.006216
0.000420
0.003203
0.019273
0.000242
0.006703
0.000068
0.000254
0.000303
0.000000
0.000125
0.000001
0.000000
0.000000
0.000000
0.000000
0.000014
0.000004
0.000000
0.001216
0.000070
0.000315
0.000037
0.000045
0.000012
0.000000
0.000002
0.000002
0.000163
0.000018
0.000012
0.000174
0.000063
0.000020
0.000042
0.000001
0.000017
0.000045
0.000090
0.000000
0.000013
0.002017
0.000399
0.003442
0.001641
0.000583
0.000023
0.001207
0.003914
0.001455
0.003353
0.010962
0.008329
0.000679
0.002349
0.002520
0.000000
0.000000
0.000000
0.000000
0.000014
0.000004
0.000000
0.001216
0.000070
0.000315
0.000037
0.000045
0.000012
0.000000
0.000002
0.000002
0.000163
0.000018
0.000012
0.000174
0.000063
0.000020
0.000042
0.000001
0.000017
0.000045
0.000090
0.000000
0.000045
0.001549
0.000279
0.002647
0.004686
0.004830
0.001154
0.000088
0.005995
0.005167
0.005116
0.001795
0.002820
0.005758
0.000662
0.000295
0.000000
0.000000
0.000000
0.000000
0.000014
0.000004
0.000000
0.001216
0.000070
0.000315
0.000037
0.000045
0.000012
0.000000
0.000002
0.000002
0.000163
0.000018
0.000012
0.000174
0.000063
0.000020
0.000042
0.000001
0.000017
0.000045
0.000090
0.000000
0.000112
0.000792
0.000221
0.000044
0.001083
0.003124
0.005678
0.001580
0.005002
0.012147
0.002817
0.000277
0.001613
0.008237
0.000135
0.000025
0.000000
0.000000
0.000000
0.000000
0.000014
0.000004
0.000000
0.001216
0.000070
0.000315
0.000037
0.000045
0.000012
0.000000
0.000002
0.000002
0.000163
0.000018
0.000012
0.000174
0.000063
0.000020
0.000042
0.000001
0.000017
0.000045
0.000090
0.000000
0.000069
0.001072
0.000122
0.000876
0.001780
0.002548
0.000416
0.000424
0.006845
0.003691
0.004834
0.000194
0.017921
0.000114
0.000189
0.001790
0.000000
0.000000
0.000000
0.000000
0.000014
0.000004
0.000000
0.001216
0.000070
0.000315
0.000037
0.000045
0.000012
0.000000
0.000002
0.000002
0.000163
0.000018
0.000012
0.000174
0.000063
0.000020
0.000042
0.000001
0.000017
0.000045
0.000090
0.000000
0.000111
0.000736
0.000095
0.000419
0.000045
0.000019
0.000224
0.000073
0.002568
0.002846
0.002456
0.000540
0.000832
0.010516
0.008568
0.012836
0.000000
0.000000
0.000000
0.000000
0.000014
0.000004
0.000000
0.001216
0.000070
0.000315
0.000037
0.000045
0.000012
0.000000
0.000002
0.000002
0.000163
0.000018
0.000012
0.000174
0.000063
0.000020
0.000042
0.000001
0.000017
0.000045
0.000090
0.000000
0.000108
0.000740
0.000145
0.001144
0.000166
0.000031
0.001167
0.001145
0.001429
0.000007
0.000009
0.001519
0.000732
0.000112
0.000574
0.000000
0.020485
0.012035
0.001337
0.000000
0.000014
0.000004
0.000000
0.001216
0.000070
0.000315
0.000037
0.000045
0.000012
0.000000
0.000002
0.000002
0.000163
0.000018
0.000012
0.000174
0.000063
0.000020
0.000042
0.000001
0.000017
0.000045
0.000090
0.000000
0.000108
0.000740
0.000145
0.001144
0.000166
0.000031
0.001167
0.001145
0.001429
0.000007
0.000009
0.001519
0.000732
0.000112
0.000574
0.000000
0.020191
0.010346
0.003320
0.000000
0.000014
0.000004
0.000000
0.001216
0.000070
0.000315
0.000037
0.000045
0.000012
0.000000
0.000002
0.000002
0.000163
0.000018
0.000012
0.000174
0.000063
0.000020
0.000042
0.000001
0.000017
0.000045
0.000090
0.000000
0.000108
0.000740
0.000145
0.001144
0.000166
0.000031
0.001167
0.001145
0.001429
0.000007
0.000009
0.001519
0.000732
0.000112
0.000574
0.000000
0.002282
0.008344
0.023231
0.000000
0.000014
0.000004
0.000000
0.001216
0.000070
0.000315
0.000037
0.000045
0.000012
0.000000
0.000002
0.000002
0.000163
0.000018
0.000012
0.000174
0.000063
0.000020
0.000042
0.000001
0.000017
0.000045
0.000090
0.000000
0.000108
0.000740
0.000145
0.001144
0.000166
0.000031
0.001167
0.001145
0.001429
0.000007
0.000009
0.001519
0.000732
0.000112
0.000574
0.000000
0.002184
0.014418
0.017255
0.000000
0.000014
0.000004
0.000000
0.001216
0.000070
0.000315
0.000037
0.000045
0.000012
0.000000
0.000002
0.000002
0.000163
0.000018
0.000012
0.000174
0.000063
0.000020
0.000042
0.000001
0.000017
0.000045
0.000090
0.000000
0.005687
0.003031
0.000239
0.000051
0.000000
0.000011
0.000003
0.000006
0.000367
0.000102
0.004966
0.011644
0.005097
0.000188
0.007568
0.003926
0.000000
0.000000
0.000000
0.000000
0.000014
0.000004
0.000000
0.001216
0.000070
0.000315
0.000037
0.000045
0.000012
0.000000
0.000002
0.000002
0.000163
0.000018
0.000012
0.000174
0.000063
0.000020
0.000042
0.000001
0.000017
0.000045
0.000090
0.000000
0.005571
0.003020
0.000301
0.000010
0.000093
0.000271
0.000390
0.000215
0.001406
0.000814
0.003380
0.004191
0.002439
0.008976
0.001815
0.009994
0.000000
0.000000
0.000000
0.000000
0.000014
0.000004
0.000000
0.001216
0.000070
0.000315
0.000037
0.000045
0.000012
0.000000
0.000002
0.000002
0.000163
0.000018
0.000012
0.000174
0.000063
0.000020
0.000042
0.000001
0.000017
0.000045
0.000090
0.000000
0.005694
0.003024
0.000077
0.000694
0.000311
0.000048
0.000401
0.000269
0.004785
0.000161
0.001312
0.002041
0.000158
0.000285
0.019844
0.003782
0.000000
0.000000
0.000000
0.000000
0.000014
0.000004
0.000000
0.001216
0.000070
0.000315
0.000037
0.000045
0.000012
0.000000
0.000002
0.000002
0.000163
0.000018
0.000012
0.000174
0.000063
0.000020
0.000042
0.000001
0.000017
0.000045
0.000090
0.000000
0.005513
0.003379
0.000136
0.000010
0.000025
0.000219
0.000048
0.000038
0.002285
0.000000
0.009950
0.006600
0.001575
0.003502
0.000264
0.009343
0.000000
0.000000
0.000000
0.000000
0.000014
0.000004
0.000000
0.001216
0.000076
0.000325
0.000012
0.033329
0.003298
0.001957
0.004619
0.000399
0.000000
0.000000
0.000000
0.000000
0.000000
0.000000
0.000000
0.000000
0.000000
0.000000
0.000000
0.000000
0.000000
0.000000
0.000000
0.000000
0.000000
0.000000
0.000000
0.000000
0.000000
0.000000
0.000000
0.000000
0.000000
0.000000
0.000000
0.000000
0.000000
0.000000
0.000000
0.000000
0.000014
0.000004
0.000000
0.001216
0.000010
0.004124
0.000005
0.000966
0.000032
0.008323
0.001991
0.028563
0.000000
0.000000
0.000000
0.000000
0.000000
0.000000
0.000000
0.000000
0.000000
0.000000
0.000000
0.000000
0.000000
0.000000
0.000000
0.000000
0.000000
0.000000
0.000000
0.000000
0.000000
0.000000
0.000000
0.000000
0.000000
0.000000
0.000000
0.000000
0.000000
0.000000
0.000000
0.000000
0.000014
0.000004
0.000000
0.001216
0.000245
0.004845
0.000126
0.000076
0.001464
0.032451
0.001711
0.003096
0.000000
0.000000
0.000000
0.000000
0.000000
0.000000
0.000000
0.000000
0.000000
0.000000
0.000000
0.000000
0.000000
0.000000
0.000000
0.000000
0.000000
0.000000
0.000000
0.000000
0.000000
0.000000
0.000000
0.000000
0.000000
0.000000
0.000000
0.000000
0.000000
0.000000
0.000000
0.000000
0.000014
0.000004
0.000000
0.001216
0.000126
0.004484
0.000681
0.000170
0.000029
0.000310
0.000701
0.001400
0.000015
0.002672
0.001967
0.000427
0.001074
0.013181
0.016406
0.000286
0.000011
0.000020
0.000049
0.000006
0.000000
0.000000
0.000000
0.000000
0.000000
0.000000
0.000000
0.000000
0.000000
0.000000
0.000000
0.000000
0.000000
0.000000
0.000000
0.000000
0.000000
0.000000
0.000000
0.000000
0.000014
0.000004
0.000000
0.001216
0.000126
0.004484
0.000681
0.000170
0.000029
0.000310
0.000701
0.001400
0.000997
0.018298
0.004473
0.002768
0.001550
0.002133
0.004155
0.000707
0.000037
0.000540
0.000429
0.000029
0.000000
0.000000
0.000000
0.000000
0.000000
0.000000
0.000000
0.000000
0.000000
0.000000
0.000000
0.000000
0.000000
0.000000
0.000000
0.000000
0.000000
0.000000
0.000000
0.000000
0.000014
0.000004
0.000000
0.001216
0.000126
0.004484
0.000681
0.000170
0.000029
0.000310
0.000701
0.001400
0.000136
0.000520
0.001140
0.000029
0.000004
0.003530
0.000295
0.000243
0.000045
0.000335
0.000897
0.028940
0.000000
0.000000
0.000000
0.000000
0.000000
0.000000
0.000000
0.000000
0.000000
0.000000
0.000000
0.000000
0.000000
0.000000
0.000000
0.000000
0.000000
0.000000
0.000000
0.000000
0.000014
0.000004
0.000000
0.001216
0.000126
0.004484
0.000681
0.000170
0.000029
0.000310
0.000701
0.001400
0.000135
0.001069
0.000950
0.000065
0.000000
0.003660
0.000331
0.000494
0.000918
0.005395
0.009639
0.013457
0.000000
0.000000
0.000000
0.000000
0.000000
0.000000
0.000000
0.000000
0.000000
0.000000
0.000000
0.000000
0.000000
0.000000
0.000000
0.000000
0.000000
0.000000
0.000000
0.000000
0.000014
0.000004
0.000000
0.001216
0.000126
0.004484
0.000681
0.000170
0.000029
0.000310
0.000701
0.001400
0.000147
0.000789
0.002175
0.000341
0.000068
0.001688
0.000798
0.000032
0.002158
0.012203
0.013086
0.002629
0.000000
0.000000
0.000000
0.000000
0.000000
0.000000
0.000000
0.000000
0.000000
0.000000
0.000000
0.000000
0.000000
0.000000
0.000000
0.000000
0.000000
0.000000
0.000000
0.000000
0.000014
0.000004
0.000000
0.001216
0.016182
0.000006
0.003516
0.001371
0.002979
0.000002
0.017446
0.002513
0.000000
0.000000
0.000000
0.000000
0.000000
0.000000
0.000000
0.000000
0.000000
0.000000
0.000000
0.000000
0.000000
0.000000
0.000000
0.000000
0.000000
0.000000
0.000000
0.000000
0.000000
0.000000
0.000000
0.000000
0.000000
0.000000
0.000000
0.000000
0.000000
0.000000
0.000000
0.000000
0.000014
0.000004
0.000000
0.001216
0.017566
0.001205
0.004770
0.000986
0.004825
0.000065
0.012130
0.002468
0.000000
0.000000
0.000000
0.000000
0.000000
0.000000
0.000000
0.000000
0.000000
0.000000
0.000000
0.000000
0.000000
0.000000
0.000000
0.000000
0.000000
0.000000
0.000000
0.000000
0.000000
0.000000
0.000000
0.000000
0.000000
0.000000
0.000000
0.000000
0.000000
0.000000
0.000000
0.000000
0.000014
0.000004
0.000000
0.001216
0.007637
0.003202
0.027768
0.000551
0.003252
0.000128
0.001442
0.000033
0.000000
0.000000
0.000000
0.000000
0.000000
0.000000
0.000000
0.000000
0.000000
0.000000
0.000000
0.000000
0.000000
0.000000
0.000000
0.000000
0.000000
0.000000
0.000000
0.000000
0.000000
0.000000
0.000000
0.000000
0.000000
0.000000
0.000000
0.000000
0.000000
0.000000
0.000000
0.000000
