0.582554
0.163208
0.004237
0.131777
0.000000
0.000000
0.000000
0.000000
0.000000
0.000000
0.000000
0.000000
0.000000
0.000000
0.000000
0.000000
0.000000
0.000000
0.000000
0.000000
0.000000
0.000000
0.000000
0.000000
0.000000
0.000000
0.000000
0.000000
0.000000
0.000000
0.000000
0.000000
0.000000
0.000000
0.000000
0.000000
0.000000
0.000000
0.000000
0.000000
0.000000
0.000000
0.000000
0.118223
0.002987
0.391974
0.355038
0.131777
0.000000
0.000000
0.000000
0.000000
0.000000
0.000000
0.000000
0.000000
0.000000
0.000000
0.000000
0.000000
0.000000
0.000000
0.000000
0.000000
0.000000
0.000000
0.000000
0.000000
0.000000
0.000000
0.000000
0.000000
0.000000
0.000000
0.000000
0.000000
0.000000
0.000000
0.000000
0.000000
0.000000
0.000000
0.000000
0.000000
0.000000
0.000000
0.000000
0.118223
0.043677
0.120616
0.585707
0.131777
0.000000
0.000000
0.000000
0.000000
0.000000
0.000000
0.000000
0.000000
0.000000
0.000000
0.000000
0.000000
0.000000
0.000000
0.000000
0.000000
0.000000
0.000000
0.000000
0.000000
0.000000
0.000000
0.000000
0.000000
0.000000
0.000000
0.000000
0.000000
0.000000
0.000000
0.000000
0.000000
0.000000
0.000000
0.000000
0.000000
0.000000
0.000000
0.000000
0.118223
0.370782
0.324201
0.055017
0.131777
0.000000
0.000000
0.000000
0.000000
0.000000
0.000000
0.000000
0.000000
0.000000
0.000000
0.000000
0.000000
0.000000
0.000000
0.000000
0.000000
0.000000
0.000000
0.000000
0.000000
0.000000
0.000000
0.000000
0.000000
0.000000
0.000000
0.000000
0.000000
0.000000
0.000000
0.000000
0.000000
0.000000
0.000000
0.000000
0.000000
0.000000
0.000000
0.000000
0.118223
0.000000
0.000000
0.000000
0.011822
0.018444
0.004145
0.100067
0.127216
0.638547
0.014741
0.049569
0.022270
0.000000
0.000000
0.000000
0.000000
0.000000
0.000000
0.000000
0.000000
0.000000
0.000000
0.000000
0.000000
0.000000
0.000000
0.000000
0.000000
0.000000
0.000000
0.000000
0.000000
0.000000
0.000000
0.000000
0.000000
0.000000
0.000000
0.000000
0.000000
0.000000
0.000000
0.000000
0.013178
0.000000
0.000000
0.000000
0.011822
0.001556
0.006985
0.000811
0.001005
0.000255
0.000000
0.000049
0.000052
0.560266
0.006029
0.068810
0.174436
0.154071
0.000191
0.000306
0.000130
0.000022
0.000003
0.000019
0.000003
0.000000
0.000000
0.000000
0.000000
0.000000
0.000000
0.000000
0.000000
0.000000
0.000000
0.000000
0.000000
0.000000
0.000000
0.000000
0.000000
0.000000
0.000000
0.000000
0.013178
0.000000
0.000000
0.000000
0.011822
0.001556
0.006985
0.000811
0.001005
0.000255
0.000000
0.000049
0.000052
0.309858
0.069098
0.069185
0.204842
0.296375
0.002876
0.010266
0.000000
0.000136
0.001395
0.000205
0.000049
0.000000
0.000000
0.000000
0.000000
0.000000
0.000000
0.000000
0.000000
0.000000
0.000000
0.000000
0.000000
0.000000
0.000000
0.000000
0.000000
0.000000
0.000000
0.000000
0.013178
0.000000
0.000000
0.000000
0.011822
0.001556
0.006985
0.000811
0.001005
0.000255
0.000000
0.000049
0.000052
0.000041
0.076286
0.333532
0.057270
0.031748
0.200681
0.000371
0.254578
0.003745
0.000032
0.005909
0.000092
0.000000
0.000000
0.000000
0.000000
0.000000
0.000000
0.000000
0.000000
0.000000
0.000000
0.000000
0.000000
0.000000
0.000000
0.000000
0.000000
0.000000
0.000000
0.000000
0.013178
0.000000
0.000000
0.000000
0.011822
0.001556
0.006985
0.000811
0.001005
0.000255
0.000000
0.000049
0.000052
0.012440
0.285313
0.003282
0.233996
0.064303
0.146349
0.166888
0.046209
0.001272
0.003099
0.000863
0.000272
0.000000
0.000000
0.000000
0.000000
0.000000
0.000000
0.000000
0.000000
0.000000
0.000000
0.000000
0.000000
0.000000
0.000000
0.000000
0.000000
0.000000
0.000000
0.000000
0.013178
0.000000
0.000000
0.000000
0.011822
0.001556
0.006985
0.000811
0.001005
0.000255
0.000000
0.000049
0.000052
0.000685
0.000143
0.254417
0.039221
0.253567
0.000070
0.066234
0.320705
0.000451
0.019769
0.008679
0.000344
0.000000
0.000000
0.000000
0.000000
0.000000
0.000000
0.000000
0.000000
0.000000
0.000000
0.000000
0.000000
0.000000
0.000000
0.000000
0.000000
0.000000
0.000000
0.000000
0.013178
0.000000
0.000000
0.000000
0.011822
0.001556
0.006985
0.000811
0.001005
0.000255
0.000000
0.000049
0.000052
0.005098
0.005863
0.000211
0.003310
0.012355
0.018919
0.044683
0.092051
0.704492
0.017969
0.059192
0.000142
0.000000
0.000000
0.000000
0.000000
0.000000
0.000000
0.000000
0.000000
0.000000
0.000000
0.000000
0.000000
0.000000
0.000000
0.000000
0.000000
0.000000
0.000000
0.000000
0.013178
0.000000
0.000000
0.000000
0.011822
0.001556
0.006985
0.000811
0.001005
0.000255
0.000000
0.000049
0.000052
0.003086
0.014768
0.000251
0.012910
0.008475
0.000005
0.000075
0.039624
0.019832
0.522717
0.342542
0.000001
0.000000
0.000000
0.000000
0.000000
0.000000
0.000000
0.000000
0.000000
0.000000
0.000000
0.000000
0.000000
0.000000
0.000000
0.000000
0.000000
0.000000
0.000000
0.000000
0.013178
0.000000
0.000000
0.000000
0.011822
0.001556
0.006985
0.000811
0.001005
0.000255
0.000000
0.000049
0.000052
0.004540
0.017532
0.027832
0.116561
0.091363
0.086074
0.205659
0.207270
0.192443
0.005540
0.008752
0.000718
0.000000
0.000000
0.000000
0.000000
0.000000
0.000000
0.000000
0.000000
0.000000
0.000000
0.000000
0.000000
0.000000
0.000000
0.000000
0.000000
0.000000
0.000000
0.000000
0.013178
0.000000
0.000000
0.000000
0.011822
0.001556
0.006985
0.000811
0.001005
0.000255
0.000000
0.000049
0.000052
0.003616
0.000389
0.000267
0.003852
0.001400
0.000447
0.000925
0.000020
0.000370
0.000990
0.002000
0.000009
0.404499
0.311878
0.032511
0.000039
0.042748
0.074143
0.047612
0.024627
0.000017
0.000419
0.000241
0.005253
0.003138
0.000045
0.001031
0.001798
0.000000
0.000000
0.000000
0.013178
0.000000
0.000000
0.000000
0.011822
0.001556
0.006985
0.000811
0.001005
0.000255
0.000000
0.000049
0.000052
0.003616
0.000389
0.000267
0.003852
0.001400
0.000447
0.000925
0.000020
0.000370
0.000990
0.002000
0.000009
0.000960
0.011834
0.677683
0.213933
0.015821
0.008775
0.001127
0.006830
0.001091
0.007852
0.001390
0.000340
0.000013
0.000591
0.000148
0.001612
0.000000
0.000000
0.000000
0.013178
0.000000
0.000000
0.000000
0.011822
0.001556
0.006985
0.000811
0.001005
0.000255
0.000000
0.000049
0.000052
0.003616
0.000389
0.000267
0.003852
0.001400
0.000447
0.000925
0.000020
0.000370
0.000990
0.002000
0.000009
0.010435
0.000049
0.025155
0.011230
0.255194
0.409764
0.093749
0.123982
0.001364
0.009285
0.000152
0.000614
0.005746
0.002812
0.000151
0.000316
0.000000
0.000000
0.000000
0.013178
0.000000
0.000000
0.000000
0.011822
0.001556
0.006985
0.000811
0.001005
0.000255
0.000000
0.000049
0.000052
0.003616
0.000389
0.000267
0.003852
0.001400
0.000447
0.000925
0.000020
0.000370
0.000990
0.002000
0.000009
0.000087
0.038739
0.202986
0.388460
0.197432
0.044665
0.011157
0.046775
0.000870
0.002837
0.006891
0.000745
0.000615
0.006898
0.000788
0.000055
0.000000
0.000000
0.000000
0.013178
0.000000
0.000000
0.000000
0.011822
0.001556
0.006985
0.000811
0.001005
0.000255
0.000000
0.000049
0.000052
0.003616
0.000389
0.000267
0.003852
0.001400
0.000447
0.000925
0.000020
0.000370
0.000990
0.002000
0.000009
0.000161
0.043008
0.004927
0.001534
0.069660
0.099117
0.087202
0.021518
0.113631
0.192171
0.141678
0.001306
0.011171
0.131157
0.022130
0.009630
0.000000
0.000000
0.000000
0.013178
0.000000
0.000000
0.000000
0.011822
0.001556
0.006985
0.000811
0.001005
0.000255
0.000000
0.000049
0.000052
0.003616
0.000389
0.000267
0.003852
0.001400
0.000447
0.000925
0.000020
0.000370
0.000990
0.002000
0.000009
0.068905
0.058897
0.000580
0.026736
0.052717
0.093329
0.400097
0.161526
0.016400
0.053883
0.001470
0.004301
0.004337
0.001113
0.005136
0.000572
0.000000
0.000000
0.000000
0.013178
0.000000
0.000000
0.000000
0.011822
0.001556
0.006985
0.000811
0.001005
0.000255
0.000000
0.000049
0.000052
0.003616
0.000389
0.000267
0.003852
0.001400
0.000447
0.000925
0.000020
0.000370
0.000990
0.002000
0.000009
0.000000
0.057547
0.001871
0.075189
0.137690
0.009307
0.070958
0.426935
0.005359
0.148489
0.001504
0.005637
0.006722
0.000000
0.002769
0.000024
0.000000
0.000000
0.000000
0.013178
0.000000
0.000000
0.000000
0.011822
0.001556
0.006985
0.000811
0.001005
0.000255
0.000000
0.000049
0.000052
0.003616
0.000389
0.000267
0.003852
0.001400
0.000447
0.000925
0.000020
0.000370
0.000990
0.002000
0.000009
0.000293
0.044673
0.008843
0.076249
0.036352
0.012925
0.000515
0.026736
0.086694
0.032241
0.074265
0.242834
0.184497
0.015043
0.052027
0.055813
0.000000
0.000000
0.000000
0.013178
0.000000
0.000000
0.000000
0.011822
0.001556
0.006985
0.000811
0.001005
0.000255
0.000000
0.000049
0.000052
0.003616
0.000389
0.000267
0.003852
0.001400
0.000447
0.000925
0.000020
0.000370
0.000990
0.002000
0.000009
0.000987
0.034319
0.006175
0.058625
0.103793
0.106997
0.025574
0.001952
0.132796
0.114461
0.113324
0.039753
0.062474
0.127559
0.014671
0.006541
0.000000
0.000000
0.000000
0.013178
0.000000
0.000000
0.000000
0.011822
0.001556
0.006985
0.000811
0.001005
0.000255
0.000000
0.000049
0.000052
0.003616
0.000389
0.000267
0.003852
0.001400
0.000447
0.000925
0.000020
0.000370
0.000990
0.002000
0.000009
0.002476
0.017545
0.004888
0.000977
0.023982
0.069211
0.125779
0.034994
0.110796
0.269084
0.062413
0.006144
0.035725
0.182457
0.002983
0.000548
0.000000
0.000000
0.000000
0.013178
0.000000
0.000000
0.000000
0.011822
0.001556
0.006985
0.000811
0.001005
0.000255
0.000000
0.000049
0.000052
0.003616
0.000389
0.000267
0.003852
0.001400
0.000447
0.000925
0.000020
0.000370
0.000990
0.002000
0.000009
0.001531
0.023753
0.002703
0.019405
0.039430
0.056454
0.009223
0.009382
0.151630
0.081767
0.107082
0.004303
0.396980
0.002515
0.004189
0.039656
0.000000
0.000000
0.000000
0.013178
0.000000
0.000000
0.000000
0.011822
0.001556
0.006985
0.000811
0.001005
0.000255
0.000000
0.000049
0.000052
0.003616
0.000389
0.000267
0.003852
0.001400
0.000447
0.000925
0.000020
0.000370
0.000990
0.002000
0.000009
0.002468
0.016303
0.002114
0.009271
0.000987
0.000428
0.004958
0.001627
0.056885
0.063041
0.054411
0.011965
0.018439
0.232953
0.189803
0.284348
0.000000
0.000000
0.000000
0.013178
0.000000
0.000000
0.000000
0.011822
0.001556
0.006985
0.000811
0.001005
0.000255
0.000000
0.000049
0.000052
0.003616
0.000389
0.000267
0.003852
0.001400
0.000447
0.000925
0.000020
0.000370
0.000990
0.002000
0.000009
0.002392
0.016393
0.003219
0.025352
0.003671
0.000683
0.025851
0.025357
0.031646
0.000149
0.000210
0.033654
0.016204
0.002491
0.012725
0.000002
0.453789
0.266602
0.029609
0.013178
0.000000
0.000000
0.000000
0.011822
0.001556
0.006985
0.000811
0.001005
0.000255
0.000000
0.000049
0.000052
0.003616
0.000389
0.000267
0.003852
0.001400
0.000447
0.000925
0.000020
0.000370
0.000990
0.002000
0.000009
0.002392
0.016393
0.003219
0.025352
0.003671
0.000683
0.025851
0.025357
0.031646
0.000149
0.000210
0.033654
0.016204
0.002491
0.012725
0.000002
0.447270
0.229180
0.073550
0.013178
0.000000
0.000000
0.000000
0.011822
0.001556
0.006985
0.000811
0.001005
0.000255
0.000000
0.000049
0.000052
0.003616
0.000389
0.000267
0.003852
0.001400
0.000447
0.000925
0.000020
0.000370
0.000990
0.002000
0.000009
0.002392
0.016393
0.003219
0.025352
0.003671
0.000683
0.025851
0.025357
0.031646
0.000149
0.000210
0.033654
0.016204
0.002491
0.012725
0.000002
0.050551
0.184831
0.514618
0.013178
0.000000
0.000000
0.000000
0.011822
0.001556
0.006985
0.000811
0.001005
0.000255
0.000000
0.000049
0.000052
0.003616
0.000389
0.000267
0.003852
0.001400
0.000447
0.000925
0.000020
0.000370
0.000990
0.002000
0.000009
0.002392
0.016393
0.003219
0.025352
0.003671
0.000683
0.025851
0.025357
0.031646
0.000149
0.000210
0.033654
0.016204
0.002491
0.012725
0.000002
0.048390
0.319387
0.382223
0.013178
0.000000
0.000000
0.000000
0.011822
0.001556
0.006985
0.000811
0.001005
0.000255
0.000000
0.000049
0.000052
0.003616
0.000389
0.000267
0.003852
0.001400
0.000447
0.000925
0.000020
0.000370
0.000990
0.002000
0.000009
0.125969
0.067150
0.005294
0.001135
0.000000
0.000234
0.000067
0.000139
0.008133
0.002265
0.109999
0.257933
0.112905
0.004168
0.167650
0.086958
0.000000
0.000000
0.000000
0.013178
0.000000
0.000000
0.000000
0.011822
0.001556
0.006985
0.000811
0.001005
0.000255
0.000000
0.000049
0.000052
0.003616
0.000389
0.000267
0.003852
0.001400
0.000447
0.000925
0.000020
0.000370
0.000990
0.002000
0.000009
0.123412
0.066896
0.006662
0.000232
0.002061
0.005997
0.008632
0.004761
0.031150
0.018034
0.074863
0.092845
0.054037
0.198836
0.040199
0.221382
0.000000
0.000000
0.000000
0.013178
0.000000
0.000000
0.000000
0.011822
0.001556
0.006985
0.000811
0.001005
0.000255
0.000000
0.000049
0.000052
0.003616
0.000389
0.000267
0.003852
0.001400
0.000447
0.000925
0.000020
0.000370
0.000990
0.002000
0.000009
0.126139
0.066982
0.001710
0.015364
0.006890
0.001069
0.008889
0.005955
0.105996
0.003573
0.029058
0.045209
0.003495
0.006308
0.439578
0.083786
0.000000
0.000000
0.000000
0.013178
0.000000
0.000000
0.000000
0.011822
0.001556
0.006985
0.000811
0.001005
0.000255
0.000000
0.000049
0.000052
0.003616
0.000389
0.000267
0.003852
0.001400
0.000447
0.000925
0.000020
0.000370
0.000990
0.002000
0.000009
0.122113
0.074854
0.003021
0.000213
0.000559
0.004854
0.001055
0.000833
0.050606
0.000003
0.220420
0.146200
0.034889
0.077579
0.005846
0.206954
0.000000
0.000000
0.000000
0.013178
0.000000
0.000000
0.000000
0.011822
0.001682
0.007203
0.000257
0.738298
0.073056
0.043355
0.102317
0.008832
0.000000
0.000000
0.000000
0.000000
0.000000
0.000000
0.000000
0.000000
0.000000
0.000000
0.000000
0.000000
0.000000
0.000000
0.000000
0.000000
0.000000
0.000000
0.000000
0.000000
0.000000
0.000000
0.000000
0.000000
0.000000
0.000000
0.000000
0.000000
0.000000
0.000000
0.000000
0.013178
0.000000
0.000000
0.000000
0.011822
0.000232
0.091349
0.000109
0.021395
0.000720
0.184375
0.044096
0.632724
0.000000
0.000000
0.000000
0.000000
0.000000
0.000000
0.000000
0.000000
0.000000
0.000000
0.000000
0.000000
0.000000
0.000000
0.000000
0.000000
0.000000
0.000000
0.000000
0.000000
0.000000
0.000000
0.000000
0.000000
0.000000
0.000000
0.000000
0.000000
0.000000
0.000000
0.000000
0.013178
0.000000
0.000000
0.000000
0.011822
0.005425
0.107327
0.002787
0.001680
0.032429
0.718861
0.037908
0.068582
0.000000
0.000000
0.000000
0.000000
0.000000
0.000000
0.000000
0.000000
0.000000
0.000000
0.000000
0.000000
0.000000
0.000000
0.000000
0.000000
0.000000
0.000000
0.000000
0.000000
0.000000
0.000000
0.000000
0.000000
0.000000
0.000000
0.000000
0.000000
0.000000
0.000000
0.000000
0.013178
0.000000
0.000000
0.000000
0.011822
0.002780
0.099327
0.015082
0.003768
0.000640
0.006872
0.015520
0.031011
0.000327
0.059191
0.043564
0.009449
0.023792
0.291987
0.363434
0.006333
0.000253
0.000452
0.001077
0.000140
0.000000
0.000000
0.000000
0.000000
0.000000
0.000000
0.000000
0.000000
0.000000
0.000000
0.000000
0.000000
0.000000
0.000000
0.000000
0.000000
0.000000
0.000000
0.000000
0.013178
0.000000
0.000000
0.000000
0.011822
0.002780
0.099327
0.015082
0.003768
0.000640
0.006872
0.015520
0.031011
0.022080
0.405337
0.099086
0.061311
0.034346
0.047251
0.092035
0.015661
0.000809
0.011954
0.009497
0.000634
0.000000
0.000000
0.000000
0.000000
0.000000
0.000000
0.000000
0.000000
0.000000
0.000000
0.000000
0.000000
0.000000
0.000000
0.000000
0.000000
0.000000
0.000000
0.000000
0.013178
0.000000
0.000000
0.000000
0.011822
0.002780
0.099327
0.015082
0.003768
0.000640
0.006872
0.015520
0.031011
0.003020
0.011514
0.025251
0.000651
0.000096
0.078185
0.006539
0.005378
0.001004
0.007419
0.019867
0.641075
0.000000
0.000000
0.000000
0.000000
0.000000
0.000000
0.000000
0.000000
0.000000
0.000000
0.000000
0.000000
0.000000
0.000000
0.000000
0.000000
0.000000
0.000000
0.000000
0.013178
0.000000
0.000000
0.000000
0.011822
0.002780
0.099327
0.015082
0.003768
0.000640
0.006872
0.015520
0.031011
0.002996
0.023670
0.021048
0.001441
0.000005
0.081083
0.007336
0.010939
0.020334
0.119517
0.213523
0.298108
0.000000
0.000000
0.000000
0.000000
0.000000
0.000000
0.000000
0.000000
0.000000
0.000000
0.000000
0.000000
0.000000
0.000000
0.000000
0.000000
0.000000
0.000000
0.000000
0.013178
0.000000
0.000000
0.000000
0.011822
0.002780
0.099327
0.015082
0.003768
0.000640
0.006872
0.015520
0.031011
0.003248
0.017481
0.048186
0.007557
0.001495
0.037390
0.017681
0.000718
0.047798
0.270327
0.289877
0.058241
0.000000
0.000000
0.000000
0.000000
0.000000
0.000000
0.000000
0.000000
0.000000
0.000000
0.000000
0.000000
0.000000
0.000000
0.000000
0.000000
0.000000
0.000000
0.000000
0.013178
0.000000
0.000000
0.000000
0.011822
0.358463
0.000123
0.077880
0.030379
0.065983
0.000036
0.386467
0.055668
0.000000
0.000000
0.000000
0.000000
0.000000
0.000000
0.000000
0.000000
0.000000
0.000000
0.000000
0.000000
0.000000
0.000000
0.000000
0.000000
0.000000
0.000000
0.000000
0.000000
0.000000
0.000000
0.000000
0.000000
0.000000
0.000000
0.000000
0.000000
0.000000
0.000000
0.000000
0.013178
0.000000
0.000000
0.000000
0.011822
0.389111
0.026703
0.105668
0.021835
0.106875
0.001433
0.268712
0.054662
0.000000
0.000000
0.000000
0.000000
0.000000
0.000000
0.000000
0.000000
0.000000
0.000000
0.000000
0.000000
0.000000
0.000000
0.000000
0.000000
0.000000
0.000000
0.000000
0.000000
0.000000
0.000000
0.000000
0.000000
0.000000
0.000000
0.000000
0.000000
0.000000
0.000000
0.000000
0.013178
0.000000
0.000000
0.000000
0.011822
0.169175
0.070931
0.615108
0.012214
0.072040
0.002840
0.031951
0.000741
0.000000
0.000000
0.000000
0.000000
0.000000
0.000000
0.000000
0.000000
0.000000
0.000000
0.000000
0.000000
0.000000
0.000000
0.000000
0.000000
0.000000
0.000000
0.000000
0.000000
0.000000
0.000000
0.000000
0.000000
0.000000
0.000000
0.000000
0.000000
0.000000
0.000000
0.000000
0.013178
