0.020682
0.060466
0.000017
0.000332
0.000000
0.000000
0.000000
0.000000
0.000000
0.000000
0.000000
0.000000
0.000000
0.000000
0.000000
0.000000
0.000000
0.000000
0.000000
0.000000
0.000000
0.000000
0.000000
0.000000
0.000000
0.000000
0.000000
0.000000
0.000000
0.000000
0.000000
0.000000
0.000000
0.000000
0.000000
0.000000
0.000000
0.000000
0.000000
0.000000
0.000000
0.000000
0.000000
0.918503
0.022420
0.021787
0.038378
0.020177
0.012504
0.086900
0.062194
0.011466
0.025043
0.001057
0.000000
0.042390
0.000417
0.000571
0.000991
0.005198
0.056244
0.003444
0.001704
0.048872
0.000606
0.002966
0.002029
0.054951
0.028575
0.000000
0.002634
0.006389
0.000146
0.052704
0.008277
0.043569
0.003905
0.035145
0.059728
0.050304
0.105059
0.017805
0.014325
0.010728
0.009646
0.013778
0.014611
0.000359
0.023123
0.022597
0.006452
0.000049
0.003271
0.009050
0.000310
0.000484
0.122739
0.000653
0.009009
0.000150
0.026182
0.052572
0.032132
0.057368
0.000770
0.007398
0.010455
0.003939
0.002323
0.007585
0.004339
0.004485
0.001533
0.004335
0.001418
0.000071
0.034063
0.074368
0.006447
0.002712
0.058700
0.002062
0.000203
0.035571
0.001327
0.000010
0.020062
0.000338
0.252524
0.036121
0.056992
0.003709
0.024645
0.002608
0.000000
0.000497
0.008708
0.218538
0.096652
0.270637
0.000186
0.212765
0.004205
0.013359
0.000129
0.002423
0.000289
0.000135
0.034146
0.000369
0.010135
0.009976
0.007037
0.003314
0.000338
0.002467
0.001128
0.001374
0.001824
0.000163
0.003533
0.001177
0.000970
0.003386
0.010271
0.003375
0.000008
0.000826
0.000167
0.002832
0.012438
0.004091
0.005922
0.022819
0.000017
0.000118
0.018884
0.086073
0.001881
0.025260
0.076171
0.198781
0.096522
0.037762
0.004833
0.039215
0.035428
0.000041
0.004246
0.004787
0.001075
0.012701
0.059411
0.016027
0.018350
0.033159
0.000006
0.006040
0.000044
0.012502
0.021700
0.000215
0.006822
0.001813
0.003506
0.000002
0.024680
0.005886
0.004251
0.027371
0.000352
0.001353
0.058658
0.000530
0.000419
0.024972
0.019709
0.003772
0.002144
0.002646
0.021825
0.043779
0.000015
0.001936
0.001976
0.000364
0.000732
0.000243
0.004543
0.000243
0.000463
0.000001
0.003348
0.011249
0.011781
0.155454
0.008469
0.006308
0.027290
0.011160
0.017293
0.100714
0.004318
0.049603
0.041712
0.035840
0.000032
0.003697
0.014414
0.006516
0.000140
0.027667
0.000401
0.136945
0.019078
0.027545
0.109286
0.025949
0.013834
0.035258
0.001457
0.001224
0.014850
0.001048
0.024701
0.001082
0.002055
0.013243
0.014033
0.000008
0.000001
0.013755
0.006605
0.018779
0.002151
0.002672
0.007356
0.007662
0.058887
0.011632
0.011531
0.001282
0.377129
0.278565
0.003701
0.018832
0.002776
0.000228
0.000677
0.000057
0.009769
0.007079
0.027009
0.005960
0.002559
0.007456
0.003604
0.009845
0.005873
0.013781
0.003825
0.000737
0.000295
0.005160
0.015677
0.000047
0.001046
0.000878
0.024333
0.007069
0.000260
0.039926
0.017606
0.158482
0.143631
0.026802
0.044734
0.031547
0.067266
0.044783
0.002095
0.005083
0.085293
0.090976
0.038646
0.022036
0.015158
0.024465
0.008010
0.000931
0.002087
0.008648
0.018745
0.000253
0.004867
0.005334
0.000491
0.001786
0.000242
0.008706
0.000762
0.000000
0.000543
0.026917
0.003300
0.003015
0.004976
0.005304
0.000761
0.001387
0.000357
0.002386
0.021994
0.040636
0.001943
0.032176
0.025489
0.000464
0.000024
0.004012
0.000511
0.007668
0.000379
0.021364
0.023224
0.030786
0.026084
0.115787
0.031674
0.115347
0.000030
0.020346
0.004077
0.078264
0.013264
0.005613
0.000087
0.011560
0.015648
0.071961
0.037329
0.070349
0.014526
0.001510
0.059678
0.004849
0.000785
0.010362
0.001529
0.027207
0.006953
0.000154
0.029555
0.005836
0.003956
0.005007
0.018893
0.083089
0.010135
0.160426
0.010523
0.006582
0.058529
0.006308
0.076498
0.001566
0.017232
0.000075
0.000533
0.011642
0.027742
0.030083
0.012476
0.004808
0.049766
0.000025
0.003189
0.053459
0.000902
0.022329
0.032920
0.004194
0.003273
0.034496
0.000481
0.058743
0.005535
0.000009
0.000775
0.007203
0.002532
0.000490
0.028032
0.000889
0.045371
0.073137
0.000018
0.018302
0.013022
0.003768
0.020651
0.042965
0.051806
0.000033
0.050408
0.000000
0.008815
0.042089
0.002126
0.019771
0.134938
0.026231
0.004727
0.026964
0.000246
0.021268
0.006120
0.023848
0.015873
0.000611
0.062951
0.017423
0.013441
0.019736
0.061849
0.001616
0.000373
0.000005
0.010001
0.001453
0.034341
0.013478
0.000050
0.010741
0.050412
0.109536
0.000003
0.000615
0.000024
0.029709
0.009012
0.005489
0.047181
0.001071
0.024375
0.005489
0.003059
0.004935
0.002577
0.005196
0.012673
0.005619
0.001011
0.002301
0.003087
0.019788
0.011172
0.127821
0.023365
0.000013
0.055080
0.000451
0.000281
0.010957
0.001578
0.002352
0.052650
0.014821
0.124279
0.022724
0.000618
0.112854
0.002312
0.014195
0.051489
0.001449
0.035599
0.018705
0.004607
0.003887
0.023567
0.054551
0.001040
0.100624
0.000069
0.009400
0.025488
0.001895
0.024787
0.000271
0.000771
0.025037
0.000600
0.000411
0.000270
0.003620
0.018029
0.000554
0.002524
0.003486
0.040601
0.035133
0.028517
0.000786
0.000288
0.001360
0.002481
0.000000
0.002246
0.015941
0.226424
0.196789
0.037997
0.002086
0.015778
0.007238
0.002553
0.103772
0.018025
0.052746
0.017223
0.000273
0.048859
0.012053
0.007232
0.002367
0.003876
0.005906
0.028146
0.002168
0.000165
0.000611
0.022859
0.028518
0.000465
0.000114
0.002522
0.001765
0.005124
0.011295
0.000229
0.005818
0.005057
0.000031
0.002327
0.000680
0.002849
0.000959
0.001406
0.000477
0.001618
0.000691
0.043450
0.001603
0.000488
0.008535
0.015051
0.360491
0.025810
0.037167
0.079212
0.103118
0.091853
0.019846
0.001492
0.008506
0.011912
0.021354
0.000121
0.024597
0.009767
0.003437
0.001602
0.000073
0.031366
0.004344
0.022799
0.028211
0.003889
0.000063
0.000013
0.002557
0.002672
0.000357
0.001384
0.000522
0.008831
0.003242
0.006253
0.000955
0.002656
0.018769
0.002237
0.000121
0.024145
0.003098
0.000009
0.029752
0.000266
0.000011
0.003798
0.025197
0.295238
0.000980
0.253781
0.004254
0.002208
0.002321
0.015592
0.017121
0.002928
0.005992
0.000242
0.079273
0.003882
0.005317
0.018352
0.007367
0.089076
0.004268
0.023518
0.017391
0.004825
0.000710
0.139832
0.000226
0.202826
0.001838
0.071324
0.110050
0.000009
0.002533
0.011522
0.046478
0.002183
0.042812
0.013514
0.037458
0.001268
0.000499
0.009010
0.019817
0.000049
0.040540
0.003650
0.000019
0.001657
0.033096
0.001847
0.000929
0.041439
0.000059
0.006446
0.003126
0.015009
0.000162
0.021697
0.020445
0.004718
0.013634
0.008185
0.000029
0.020415
0.003209
0.023739
0.014770
0.003066
0.003469
0.038760
0.010390
0.037732
0.006978
0.029212
0.026800
0.045583
0.000278
0.042992
0.011661
0.092035
0.026535
0.044272
0.090559
0.040550
0.004206
0.005344
0.002537
0.014409
0.006405
0.001830
0.014131
0.041972
0.055148
0.000789
0.019448
0.000019
0.004694
0.001340
0.000823
0.104038
0.008441
0.072332
0.022693
0.002877
0.008306
0.000569
0.000085
0.015086
0.003098
0.024702
0.000311
0.004205
0.006606
0.079290
0.008097
0.001227
0.001752
0.043479
0.023164
0.005423
0.019491
0.078332
0.012051
0.001160
0.002942
0.000009
0.066952
0.000886
0.009723
0.063585
0.005583
0.000437
0.000266
0.000948
0.075932
0.012573
0.163792
0.078107
0.018065
0.027512
0.011861
0.080367
0.004944
0.004300
0.006705
0.022502
0.016295
0.007409
0.000168
0.002265
0.002016
0.004269
0.000297
0.024746
0.000510
0.001801
0.051018
0.001882
0.006917
0.003735
0.002437
0.013702
0.000309
0.016321
0.017523
0.028862
0.031174
0.006978
0.018047
0.001375
0.024461
0.002225
0.001430
0.065090
0.011059
0.007135
0.000758
0.002478
0.025465
0.006262
0.080395
0.000212
0.001149
0.006737
0.201050
0.000095
0.000654
0.142905
0.024448
0.012544
0.017654
0.003492
0.111813
0.002441
0.016579
0.003512
0.000621
0.023862
0.012699
0.003862
0.044687
0.032055
0.000035
0.005670
0.046881
0.085761
0.174461
0.002918
0.000702
0.005461
0.020906
0.057432
0.002714
0.009162
0.082473
0.000959
0.001870
0.003901
0.000453
0.000431
0.006963
0.001601
0.007737
0.026731
0.027718
0.014035
0.004274
0.050668
0.061856
0.000292
0.000611
0.081679
0.036437
0.023446
0.000005
0.001963
0.000548
0.002907
0.008366
0.020524
0.002285
0.023321
0.013885
0.023241
0.000053
0.056651
0.000363
0.006505
0.000182
0.011031
0.001361
0.114413
0.017782
0.015291
0.001921
0.017107
0.036147
0.007234
0.004482
0.027678
0.017470
0.002812
0.002640
0.000662
0.000027
0.044974
0.129186
0.052807
0.000070
0.001287
0.008213
0.007792
0.076034
0.006197
0.003481
0.002329
0.013003
0.058896
0.000642
0.059037
0.059860
0.002881
0.029789
0.038352
0.002911
0.024571
0.003220
0.001359
0.037195
0.032079
0.013228
0.030401
0.014050
0.001020
0.002015
0.021171
0.000248
0.002590
0.009359
0.037010
0.004606
0.000544
0.000248
0.000429
0.018995
0.000292
0.031797
0.000078
0.001116
0.001630
0.006201
0.038497
0.088202
0.000081
0.002463
0.068437
0.023366
0.085272
0.051221
0.013939
0.089915
0.002934
0.118193
0.031506
0.074969
0.000728
0.001391
0.011704
0.001729
0.020812
0.058221
0.001046
0.016907
0.002582
0.000116
0.000468
0.011036
0.008805
0.000044
0.000065
0.030761
0.011547
0.004515
0.001617
0.000279
0.015963
0.014435
0.000049
0.000009
0.021871
0.007222
0.205677
0.195290
0.003961
0.005806
0.009454
0.001621
0.009064
0.020225
0.011387
0.000000
0.008315
0.152991
0.000622
0.059320
0.011339
0.000531
0.003358
0.051362
0.001294
0.000671
0.011968
0.007377
0.024755
0.000692
0.000897
0.000950
0.022653
0.001647
0.001038
0.029895
0.012685
0.062332
0.001866
0.020866
0.014565
0.000081
0.028562
0.015798
0.096518
0.012387
0.037751
0.161221
0.025784
0.043221
0.002709
0.010526
0.016301
0.000393
0.045727
0.000000
0.112740
0.012576
0.034428
0.028740
0.023112
0.037849
0.035056
0.016189
0.000084
0.000790
0.001246
0.000111
0.000525
0.000267
0.003591
0.000879
0.024663
0.001801
0.001571
0.021667
0.023101
0.019018
0.001445
0.000789
0.005280
0.043715
0.125469
0.003439
0.061562
0.031697
0.011169
0.054225
0.060378
0.004609
0.007426
0.005491
0.070773
0.059058
0.005829
0.000637
0.000661
0.025628
0.007603
0.009460
0.011400
0.077548
0.067372
0.005455
0.014337
0.061637
0.004525
0.008662
0.024574
0.002785
0.001548
0.017019
0.007051
0.000159
0.006389
0.001375
0.024202
0.007545
0.004399
0.008052
0.000547
0.016332
0.000049
0.003501
0.000255
0.000015
0.040701
0.011326
0.011614
0.008349
0.000818
0.012324
0.031670
0.008347
0.000162
0.013722
0.000020
0.072931
0.000979
0.091927
0.001472
0.000071
0.000516
0.004713
0.019434
0.024437
0.032798
0.040487
0.121397
0.018942
0.057537
0.000116
0.037996
0.000632
0.055463
0.022090
0.000403
0.177587
0.014116
0.000006
0.024030
0.011563
0.000086
0.002571
0.046936
0.001706
0.004293
0.000087
0.007885
0.032683
0.000134
0.004579
0.024138
0.000557
0.006102
0.016017
0.003931
0.004132
0.000001
0.006120
0.010666
0.009126
0.000019
0.006397
0.005656
0.006738
0.000158
0.070652
0.000433
0.043700
0.031298
0.020969
0.334323
0.000030
0.009499
0.001139
0.009980
0.112787
0.016193
0.091032
0.000468
0.000735
0.020439
0.000012
0.021357
0.033503
0.049370
0.000100
0.006773
0.011310
0.004874
0.009877
0.000983
0.003498
0.007895
0.041745
0.013754
0.105983
0.088822
0.016399
0.032611
0.002073
0.013856
0.092920
0.012540
0.035199
0.000859
0.008547
0.005482
0.013764
0.026013
0.000180
0.018614
0.017362
0.073462
0.006598
0.004343
0.086608
0.000026
0.006072
0.000246
0.003838
0.044401
0.000453
0.050227
0.000356
0.026541
0.000570
0.024678
0.001462
0.001919
0.015321
0.000235
0.000054
0.003056
0.000019
0.000341
0.003109
0.010644
0.003319
0.010681
0.054469
0.004996
0.001889
0.004086
0.001645
0.007982
0.009739
0.024952
0.013710
0.029981
0.004003
0.027478
0.029567
0.005940
0.019654
0.059714
0.000057
0.022152
0.049235
0.036938
0.076403
0.070302
0.027316
0.006925
0.008103
0.002086
0.025420
0.034227
0.058433
0.206809
0.000951
0.022469
0.031268
0.008971
0.045105
0.003425
0.040706
0.000769
0.018606
0.037582
0.054177
0.020920
0.000555
0.052407
0.000231
0.022884
0.145849
0.035886
0.166897
0.005341
0.001043
0.001545
0.002511
0.002723
0.022125
0.001336
0.000519
0.000030
0.027708
0.006681
0.003597
0.034872
0.001373
0.003857
0.014965
0.026897
0.002365
0.001820
0.055147
0.013348
0.014088
0.019943
0.026119
0.000595
0.000747
0.023095
0.020231
0.014428
0.010656
0.048198
0.000685
0.023756
0.000000
0.000045
0.008936
0.048585
0.188966
0.049707
0.091087
0.082732
0.015478
0.011926
0.013311
0.005998
0.015161
0.055591
0.034115
0.006546
0.005236
0.008182
0.006403
0.053326
0.000008
0.000526
0.037440
0.046091
0.009241
0.000013
0.002301
0.001638
0.005832
0.010251
0.031640
0.000657
0.000174
0.007137
0.000002
0.001440
0.003228
0.019238
0.020224
0.176855
0.001615
0.024716
0.034852
0.005357
0.012908
0.015661
0.000098
0.000011
0.293900
0.035147
0.006344
0.031400
0.000129
0.071332
0.073489
0.010119
0.001460
0.007096
0.000067
0.005691
0.002240
0.027701
0.003148
0.048113
0.027414
0.000570
0.000167
0.002840
0.000008
0.000207
0.009131
0.008977
0.004187
0.009078
0.000089
0.000069
0.000358
0.000032
0.000787
0.007002
0.000171
0.022768
0.025987
0.011593
0.028321
0.017661
0.000339
0.000015
0.000346
0.000485
0.000153
0.008953
0.000083
0.026610
0.019129
0.016826
0.000495
0.033478
0.036592
0.063178
0.071781
0.280615
0.033898
0.003130
0.000872
0.009547
0.000793
0.003691
0.001080
0.006048
0.000870
0.024085
0.004457
0.021116
0.018411
0.000295
0.026692
0.008247
0.003487
0.081299
0.004263
0.039674
0.035965
0.006170
0.000501
0.024768
0.000129
0.001942
0.021143
0.003531
0.000693
0.000019
0.004724
0.006394
0.001616
0.099174
0.000005
0.065764
0.014134
0.017677
0.005137
0.006634
0.012798
0.003074
0.000010
0.010708
0.070303
0.103437
0.000356
0.008779
0.123718
0.030752
0.035236
0.011076
0.114095
0.022806
0.025231
0.017746
0.013136
0.013610
0.006421
0.056488
0.000207
0.003242
0.004556
0.016356
0.001994
0.019843
0.000542
0.017043
0.062926
0.146154
0.000005
0.000347
0.010023
0.000844
0.075566
0.014825
0.005104
0.000112
0.000029
0.000029
0.004787
0.055122
0.001813
0.014523
0.009955
0.010555
0.004901
0.001377
0.007304
0.016000
0.000089
0.185486
0.000137
0.051631
0.000346
0.000846
0.005111
0.000022
0.013331
0.000723
0.003543
0.026568
0.033522
0.019006
0.005346
0.003574
0.006160
0.098333
0.044704
0.040315
0.001861
0.024710
0.000522
0.003280
0.076129
0.002998
0.000449
0.037969
0.100261
0.016997
0.059953
0.012706
0.015600
0.119724
0.069665
0.023790
0.009886
0.046733
0.013417
0.103504
0.015416
0.087302
0.007329
0.008546
0.023680
0.023322
0.001801
0.018406
0.006941
0.000404
0.001861
0.012159
0.000714
0.009259
0.000003
0.009927
0.002250
0.003809
0.004654
0.000014
0.000006
0.000582
0.022591
0.000214
0.000516
0.024739
0.000070
0.003366
0.001000
0.003885
0.000007
0.000217
0.000665
0.031928
0.000069
0.008004
0.054743
0.019940
0.015217
0.020862
0.000034
0.001955
0.009593
0.000744
0.035119
0.027600
0.015901
0.196993
0.008487
0.002234
0.003240
0.009041
0.000584
0.006239
0.005332
0.000905
0.036633
0.000384
0.073330
0.109347
0.095312
0.062566
0.005329
0.029010
0.000031
0.028878
0.001661
0.048328
0.000475
0.023581
0.000688
0.050350
0.019403
0.044338
0.000012
0.026364
0.033108
0.037535
0.004733
0.000023
0.017087
0.001534
0.006185
0.000049
0.012695
0.107337
0.097140
0.002868
0.030547
0.007734
0.035296
0.005647
0.008760
0.003476
0.000000
0.044465
0.003569
0.070203
0.008351
0.025610
0.028776
0.000416
0.017012
0.005398
0.056854
0.002428
0.030393
0.002891
0.001383
0.054304
0.000715
0.070525
0.000214
0.023124
0.024691
0.000349
0.005609
0.035779
0.000095
0.000016
0.004404
0.049797
0.022100
0.017020
0.001455
0.001908
0.017670
0.000042
0.004511
0.002493
0.000893
0.011298
0.016783
0.005695
0.052875
0.000469
0.021995
0.160710
0.000306
0.031706
0.008051
0.016391
0.016534
0.031377
0.101462
0.000162
0.016382
0.026643
0.001469
0.044150
0.003780
0.010839
0.014189
0.134167
0.055910
0.000547
0.004157
0.023729
0.015464
0.001487
0.027548
0.040676
0.001284
0.030699
0.027386
0.015709
0.004160
0.000009
0.008868
0.069010
0.061965
0.002770
0.000173
0.000042
0.001087
0.004794
0.000098
0.000316
0.000593
0.000732
0.004775
0.000429
0.021559
0.000224
0.005596
0.000087
0.007654
0.041409
0.003670
0.000271
0.000029
0.000873
0.034090
0.063962
0.264419
0.008488
0.153810
0.028789
0.016351
0.001548
0.003365
0.017865
0.000003
0.292963
0.000555
0.051193
0.067555
0.023634
0.093329
0.121225
0.001999
0.035157
0.036463
0.005322
0.021659
0.021118
0.000126
0.000004
0.003401
0.066997
0.000907
0.000628
0.002380
0.000520
0.000925
0.012359
0.006982
0.018441
0.000003
0.034207
0.009993
0.000701
0.010398
0.000000
0.005563
0.003690
0.003058
0.000179
0.000194
0.000000
0.000155
0.023908
0.003348
0.000351
0.000544
0.024591
0.002856
0.001554
0.007603
0.000778
0.000148
0.000031
0.000033
0.031516
0.002836
0.000366
0.000042
0.000100
0.000343
0.001258
0.003001
0.000473
0.001589
0.001804
0.003534
0.000296
0.000958
0.000773
0.006435
0.001007
0.000271
0.017711
0.001146
0.000005
0.007796
0.019548
0.016622
0.006818
0.002652
0.010238
0.065664
0.016535
0.005119
0.472964
0.000126
0.016040
0.172538
0.073028
0.001254
0.013647
0.141597
0.062309
0.178182
0.012489
0.062333
0.050397
0.055808
0.002319
0.002535
0.049552
0.023614
0.051398
0.007523
0.043389
0.006496
0.000617
0.000001
0.013010
0.000410
0.008126
0.010929
0.001268
0.092183
0.002268
0.001630
0.009312
0.024101
0.005232
0.007173
0.000210
0.017670
0.000163
0.003565
0.003301
0.000044
0.017345
0.009501
0.000316
0.000066
0.000151
0.001840
0.000781
0.005196
0.024707
0.001132
0.001623
0.043621
0.000209
0.002283
0.008442
0.009086
0.017748
0.005514
0.016226
0.006383
0.035881
0.006532
0.002185
0.022312
0.026803
0.002300
0.001079
0.013553
0.032257
0.072012
0.054906
0.027720
0.044993
0.018910
0.003138
0.014266
0.044899
0.025181
0.000571
0.009267
0.003790
0.038516
0.003014
0.044343
0.036294
0.014926
0.000732
0.019711
0.025082
0.191230
0.025325
0.001297
