16.920201
-3.757001
-0.843716
-0.588286
0.405357
-0.206565
0.450833
0.185971
0.416086
-0.109766
0.049067
-0.107698
0.056427
-0.043720
0.004442
-0.009170
-0.003776
0.010239
-0.003997
0.003040
0.003927
0.002665
0.004905
0.000092
0.003046
-0.001297
0.000066
-0.000014
-0.000010
-0.000001
-0.000000
0.000000
-0.000000
-0.000000
0.000000
-0.000000
0.000000
-0.000000
0.000000
0.000000
-0.000000
0.000000
-0.000000
0.000000
16.920201
-3.757001
-0.843716
-0.588286
0.405357
-0.206565
0.450833
0.185971
0.416086
-0.109766
0.049067
-0.107698
0.056427
-0.043720
0.004442
-0.009170
-0.003776
0.010239
-0.003997
0.003040
0.003927
0.002665
0.004905
0.000092
0.003046
-0.001297
0.000066
-0.000014
-0.000010
-0.000001
-0.000000
-0.000000
0.000000
0.000000
-0.000000
-0.000000
-0.000000
0.000000
-0.000000
-0.000000
0.000000
-0.000000
0.000000
-0.000000
-4.952506
-0.377643
-0.287291
0.065480
-0.126300
-0.066273
0.033004
-0.213364
0.098362
-0.085317
0.038592
0.081588
0.050436
-0.101266
-0.047713
-0.023423
-0.051522
0.059308
0.042113
0.004030
-0.004203
-0.008835
-0.004856
-0.004554
-0.006628
0.002582
-0.000079
0.000017
0.000006
0.000002
-0.000000
0.000000
0.000000
0.000000
-0.000000
-0.000000
-0.000000
0.000000
-0.000000
-0.000000
-0.000000
0.000000
0.000000
-0.000000
-4.733074
-0.511112
-0.244036
0.103319
-0.166914
-0.018899
0.021353
-0.196080
0.164640
-0.086147
0.069687
0.027278
0.186726
-0.059056
0.064889
0.043729
0.022617
-0.030890
-0.010352
0.002090
-0.008234
0.000754
-0.003571
0.001048
-0.003016
0.003808
-0.000020
-0.000671
-0.000168
0.000155
-0.000062
0.000000
0.000000
0.000000
-0.000000
-0.000000
-0.000000
0.000000
-0.000000
-0.000000
-0.000000
0.000000
0.000000
-0.000000
-4.950085
-0.480034
-0.242107
0.077977
-0.177124
-0.011917
0.027394
-0.215120
0.136884
-0.086977
0.082043
0.072132
0.099946
-0.050368
0.014817
0.013329
-0.021267
-0.013028
-0.022302
-0.042951
-0.015410
-0.000913
-0.002588
0.007629
-0.001668
-0.000687
-0.000219
0.000713
0.000204
-0.000154
0.000063
0.000000
0.000000
0.000000
-0.000000
-0.000000
-0.000000
0.000000
-0.000000
-0.000000
-0.000000
0.000000
0.000000
-0.000000
-4.923566
-0.493781
-0.229828
0.091664
-0.122583
-0.067241
0.059325
-0.201031
0.059367
-0.068986
0.018596
0.050720
0.087564
-0.006708
0.025392
0.021821
0.026730
-0.034613
0.012585
0.047701
0.008361
0.002714
-0.002136
-0.008648
-0.000357
0.000048
-0.000370
0.000672
0.000147
-0.000151
0.000062
0.000000
0.000000
0.000000
-0.000000
-0.000000
-0.000000
0.000000
-0.000000
-0.000000
-0.000000
0.000000
0.000000
-0.000000
-3.803572
-0.500320
-0.235122
0.148113
-0.212351
0.162249
0.348092
0.054553
0.791995
0.048194
0.142765
-0.335789
-0.149191
0.038946
-0.012822
-0.009171
-0.000802
-0.006143
-0.012006
0.006702
-0.008792
-0.002090
-0.005372
0.002438
-0.003204
0.003707
0.000116
-0.000779
-0.000310
-0.000103
0.000066
0.000000
0.000000
0.000000
-0.000000
-0.000000
-0.000000
0.000000
-0.000000
-0.000000
-0.000000
0.000000
0.000000
-0.000000
-4.996374
-0.431622
-0.231575
0.153851
-0.102449
-0.083188
0.112398
-0.093166
0.141681
-0.021898
0.020368
0.056470
-0.169738
-0.063628
-0.025054
-0.020400
-0.035457
-0.007483
-0.037379
0.025592
-0.010505
0.003750
-0.000425
0.004517
0.003091
0.000929
-0.000613
0.000799
0.000295
0.000103
-0.000065
0.000000
0.000000
0.000000
-0.000000
-0.000000
-0.000000
0.000000
-0.000000
-0.000000
-0.000000
0.000000
0.000000
-0.000000
-3.947027
-0.530783
-0.232119
0.060045
-0.242024
0.185776
0.300600
-0.073251
0.682076
-0.000144
0.153666
-0.296903
0.021337
0.103478
-0.011290
0.001419
0.017923
-0.014018
0.026052
-0.016201
0.002526
-0.005151
-0.006755
-0.003638
-0.003499
-0.001801
-0.000169
0.000801
0.000330
0.000105
-0.000066
0.000000
0.000000
0.000000
-0.000000
-0.000000
-0.000000
0.000000
-0.000000
-0.000000
-0.000000
0.000000
0.000000
-0.000000
14.673151
-3.779813
-0.675922
-0.273969
0.684454
-0.623361
-0.728713
-0.093583
-0.422929
0.197539
-0.192285
0.250731
0.025360
0.108280
-0.040864
-0.021796
-0.023765
-0.031914
-0.000244
0.001389
-0.010721
-0.002777
-0.010696
0.000501
-0.005299
0.002767
-0.000218
0.000019
0.000008
0.000002
0.000000
0.000000
0.000000
0.000000
-0.000000
-0.000000
-0.000000
0.000000
-0.000000
-0.000000
-0.000000
0.000000
0.000000
-0.000000
-0.442783
-0.728907
-1.548769
-1.051874
1.635964
-1.948301
-0.337388
-0.513281
-0.459190
-0.095654
0.597539
0.012561
-0.163156
-0.015619
0.036003
0.041330
0.033776
0.011327
0.009559
-0.008373
0.003001
-0.002466
0.000594
-0.000698
-0.001054
-0.000075
0.000083
0.000010
0.000012
0.000000
0.000000
0.000000
0.000000
0.000000
-0.000000
-0.000000
-0.000000
0.000000
-0.000000
-0.000000
-0.000000
0.000000
0.000000
-0.000000
7.500896
-2.765618
0.798666
0.942929
-2.255761
0.927741
-0.346539
-0.032277
-0.089767
0.114131
-0.176268
0.105988
-0.132540
-0.011028
0.032194
0.040770
0.026781
0.013803
-0.001482
-0.016788
0.010316
-0.004230
0.006350
-0.008968
-0.001822
0.002647
-0.001370
0.000362
-0.000224
0.000039
0.000021
0.000000
0.000000
0.000000
-0.000000
-0.000000
-0.000000
0.000000
-0.000000
-0.000000
-0.000000
0.000000
0.000000
-0.000000
4.650826
-2.229827
0.888604
0.804159
-2.303886
1.095318
-0.505293
-0.455120
-0.729825
-0.057188
0.394338
-0.155876
-0.010181
-0.010953
-0.004590
-0.003929
0.000871
-0.003246
0.009052
0.010456
-0.007870
0.001880
-0.005530
0.008165
0.001033
-0.002782
0.001446
-0.000354
0.000234
-0.000039
-0.000021
0.000000
0.000000
0.000000
-0.000000
-0.000000
-0.000000
0.000000
-0.000000
-0.000000
-0.000000
0.000000
0.000000
-0.000000
-2.280600
-1.009312
-0.295017
0.217214
-0.092809
-0.243850
0.233680
0.212874
0.650764
0.111416
-0.534993
0.362710
-0.110211
-0.005610
0.026624
0.047207
0.019587
0.006686
0.017993
0.002726
-0.004628
-0.001771
-0.004913
0.007688
0.000316
-0.002988
0.001549
-0.000342
0.000247
-0.000039
-0.000021
0.000000
0.000000
0.000000
-0.000000
-0.000000
-0.000000
0.000000
-0.000000
-0.000000
-0.000000
0.000000
0.000000
-0.000000
11.998068
8.401624
-2.990532
5.060556
0.349771
-0.017962
0.095045
-0.280920
0.032098
-0.083083
-0.025660
-0.002161
-0.003594
-0.003373
-0.000008
-0.001134
0.000223
-0.002753
0.000269
-0.000438
0.000531
-0.000523
-0.000431
-0.000069
-0.000065
-0.000071
0.000010
-0.000001
0.000001
0.000000
0.000000
0.000000
0.000000
0.000000
-0.000000
-0.000000
-0.000000
0.000000
-0.000000
-0.000000
-0.000000
0.000000
0.000000
-0.000000
-2.088570
-1.609442
0.912498
0.491288
3.012803
3.241290
-0.149642
0.004330
-0.205301
0.023544
0.047954
0.020007
-0.034385
-0.006285
0.008044
0.010144
0.006944
0.002851
0.002043
-0.001671
0.000610
-0.000731
0.000153
-0.000197
-0.000212
-0.000059
0.000024
0.000002
0.000003
-0.000000
0.000000
0.000000
0.000000
0.000000
-0.000000
-0.000000
-0.000000
0.000000
-0.000000
-0.000000
-0.000000
0.000000
0.000000
-0.000000
2.832600
0.677739
8.743521
2.081137
0.674164
-1.183400
0.419352
0.049399
-0.021597
-0.056119
0.002638
-0.024170
0.006282
-0.000158
0.000158
-0.001551
-0.000439
0.000422
0.000028
-0.000467
0.000028
-0.000035
0.000030
-0.000059
-0.000010
-0.000014
0.000000
-0.000000
0.000000
0.000000
-0.000000
0.000000
0.000000
0.000000
-0.000000
-0.000000
-0.000000
0.000000
-0.000000
-0.000000
-0.000000
0.000000
0.000000
-0.000000
7.980713
6.380390
0.766538
-3.973439
-0.552454
0.737696
2.191550
-0.079061
-0.281311
-0.157134
0.083688
0.146404
-0.027008
0.020719
-0.000933
0.004372
0.000121
-0.005921
0.001335
-0.001011
-0.002150
-0.000995
-0.002587
-0.000299
-0.001595
0.000670
0.000006
0.000014
-0.000022
0.000002
0.000000
0.000000
0.000000
0.000000
-0.000000
-0.000000
-0.000000
0.000000
-0.000000
-0.000000
-0.000000
0.000000
0.000000
-0.000000
3.313239
4.439675
0.984556
-2.103091
-0.052186
0.138564
-1.913382
0.100239
0.313282
-0.021801
-0.047848
-0.049351
-0.010546
-0.002933
-0.014499
0.018390
-0.008111
0.001205
0.014812
-0.003182
-0.009114
0.030692
0.005272
-0.001582
-0.001985
0.000082
-0.000219
-0.000002
0.000007
0.000001
-0.000001
0.000000
0.000000
0.000000
-0.000000
-0.000000
-0.000000
0.000000
-0.000000
-0.000000
-0.000000
0.000000
0.000000
-0.000000
3.056219
4.307212
0.989709
-2.207601
-0.062852
0.110459
-1.902061
0.103854
0.250723
0.001095
-0.031743
-0.024964
0.028484
-0.014117
0.018121
-0.024441
0.006584
0.003180
-0.016532
0.005492
0.010978
-0.029692
-0.002827
0.001812
0.003641
-0.000747
0.000213
-0.000013
0.000015
-0.000003
0.000001
0.000000
0.000000
0.000000
-0.000000
-0.000000
-0.000000
0.000000
-0.000000
-0.000000
-0.000000
0.000000
0.000000
-0.000000
-4.809741
-0.306388
-0.317276
0.189467
-0.137254
-0.030714
0.051724
-0.301739
-0.013519
-0.078679
0.006852
0.065776
0.058060
0.131916
0.102609
-0.024299
-0.039878
0.066025
-0.014329
0.009211
-0.004971
0.005237
0.002733
-0.000750
0.002771
-0.000139
-0.000153
-0.000013
0.000020
-0.000004
-0.000000
0.000000
0.000000
0.000000
-0.000000
-0.000000
-0.000000
0.000000
-0.000000
-0.000000
-0.000000
0.000000
0.000000
-0.000000
-5.096665
-0.473303
-0.189042
0.102154
-0.172786
-0.003334
0.058802
-0.227654
0.075457
-0.062930
0.047688
0.125525
0.016172
0.012318
-0.013326
-0.044917
0.006499
-0.007369
0.008293
-0.006639
0.040176
0.010537
0.000791
0.018382
0.000894
0.002617
-0.000301
-0.000031
0.000014
-0.000002
-0.000000
0.000000
0.000000
0.000000
-0.000000
-0.000000
-0.000000
0.000000
-0.000000
-0.000000
-0.000000
0.000000
0.000000
-0.000000
-1.459394
1.134739
-0.181165
-0.461501
0.147924
-0.258672
0.445675
-0.380505
-0.148370
1.345627
-0.057241
-0.129008
0.051165
-0.024904
-0.006109
0.003306
0.003602
0.009777
-0.003153
0.000814
0.001648
0.001570
0.003149
0.000540
0.001411
-0.000559
-0.000024
-0.000011
0.000023
-0.000002
-0.000000
0.000000
0.000000
0.000000
-0.000000
-0.000000
-0.000000
0.000000
-0.000000
-0.000000
-0.000000
0.000000
0.000000
-0.000000
-2.173556
0.336002
-0.855805
-0.081527
0.144782
-0.387388
0.102555
0.931658
-0.656042
-0.133979
-0.380560
-0.264172
0.030165
0.001869
-0.005756
0.019584
0.046608
0.027485
0.011586
0.007074
-0.011823
-0.001315
-0.005140
0.013211
0.003838
0.000524
-0.001306
0.000330
-0.000216
0.000034
0.000022
0.000000
0.000000
0.000000
-0.000000
-0.000000
-0.000000
0.000000
-0.000000
-0.000000
-0.000000
0.000000
0.000000
-0.000000
-3.768410
-0.400100
-0.521827
-0.420476
0.193973
-0.310246
0.096674
-0.304395
-0.391868
-0.203434
-0.543067
-0.186908
-0.016947
-0.021151
0.000785
-0.050687
0.034041
-0.000838
-0.008449
-0.013826
0.002266
0.004803
0.000887
-0.011226
0.003810
0.002848
0.002610
0.000128
0.000307
-0.000001
0.000002
0.000000
0.000000
0.000000
-0.000000
-0.000000
-0.000000
0.000000
-0.000000
-0.000000
-0.000000
0.000000
0.000000
-0.000000
-3.941058
-0.384378
-0.509383
-0.451769
0.194826
-0.324629
0.127641
-0.269864
-0.413059
-0.177471
-0.503226
-0.245547
-0.050385
-0.018081
0.030353
0.008060
-0.071195
-0.033735
0.002783
-0.001977
0.010635
-0.003112
0.004631
-0.001274
-0.008175
-0.003554
-0.001278
-0.000463
-0.000087
-0.000033
-0.000024
0.000000
0.000000
0.000000
-0.000000
-0.000000
-0.000000
0.000000
-0.000000
-0.000000
-0.000000
0.000000
0.000000
-0.000000
-5.095705
-0.455470
-0.228194
0.058541
-0.127094
-0.058868
0.057214
-0.227678
0.031081
-0.067731
0.021896
0.093195
0.001859
0.000150
-0.034982
-0.001262
-0.008169
-0.010174
0.006951
-0.012440
-0.000334
0.003067
-0.011134
-0.009556
0.019990
-0.001098
-0.001666
-0.000554
-0.000141
-0.000043
-0.000022
0.000000
0.000000
0.000000
-0.000000
-0.000000
-0.000000
0.000000
-0.000000
-0.000000
-0.000000
0.000000
0.000000
-0.000000
-5.010154
-0.491182
-0.241602
0.101897
-0.137188
-0.048793
0.039516
-0.249766
0.057003
-0.102862
-0.002404
0.161225
0.028964
0.001959
-0.046027
-0.067760
0.085670
0.014244
-0.017489
0.001096
-0.008900
0.000655
0.006821
-0.003070
-0.009467
-0.003436
-0.001329
-0.000416
-0.000088
-0.000033
-0.000024
0.000000
0.000000
0.000000
-0.000000
-0.000000
-0.000000
0.000000
-0.000000
-0.000000
-0.000000
0.000000
0.000000
-0.000000
-3.554297
0.284848
-0.586983
0.398443
-0.172905
-0.123407
0.064561
1.007543
-0.214193
-0.008035
0.189822
0.015741
0.040276
0.036391
-0.045436
0.047626
-0.012810
0.007358
-0.012660
-0.001500
0.006682
-0.003715
0.010314
-0.003946
-0.000701
0.001818
-0.000183
-0.000519
0.001018
-0.000069
-0.000025
0.000000
0.000000
0.000000
-0.000000
-0.000000
-0.000000
0.000000
-0.000000
-0.000000
-0.000000
0.000000
0.000000
-0.000000
-3.966437
0.157985
-0.514645
0.470990
-0.218767
-0.104773
0.024083
1.003891
-0.129295
0.128555
0.235375
0.086732
-0.015471
0.001498
0.027269
-0.038982
-0.013678
-0.024271
0.013502
-0.004565
-0.004747
-0.002028
0.008938
-0.002123
0.001082
0.000667
0.001015
0.000327
-0.000808
-0.000132
-0.000087
0.000000
0.000000
0.000000
-0.000000
-0.000000
-0.000000
0.000000
-0.000000
-0.000000
-0.000000
0.000000
0.000000
-0.000000
-4.036582
0.121990
-0.513592
0.438199
-0.221476
-0.120588
0.024311
1.042991
-0.144674
0.130299
0.230007
0.096905
-0.020408
-0.028220
0.026000
-0.035995
-0.015314
-0.007715
-0.008928
-0.004310
0.009161
0.007627
-0.012883
-0.007327
-0.004108
-0.003016
0.000460
-0.000137
0.000008
0.000168
0.000089
0.000000
0.000000
0.000000
-0.000000
-0.000000
-0.000000
0.000000
-0.000000
-0.000000
-0.000000
0.000000
0.000000
-0.000000
-5.069361
-0.427518
-0.229708
0.099317
-0.129707
-0.044788
0.065091
-0.259682
0.047392
-0.071863
0.036017
0.086571
0.005749
0.032689
-0.023026
-0.011080
-0.013943
-0.030922
0.021842
0.002023
-0.014069
-0.009036
0.021596
0.003694
0.006247
-0.000406
0.000355
-0.000086
-0.000020
0.000166
0.000090
0.000000
0.000000
0.000000
-0.000000
-0.000000
-0.000000
0.000000
-0.000000
-0.000000
-0.000000
0.000000
0.000000
-0.000000
-4.746600
-0.341650
-0.295122
0.045082
-0.062504
-0.105372
-0.018290
-0.215734
-0.044035
-0.153434
-0.022370
0.011986
0.062363
0.040684
-0.089708
0.078078
-0.014677
0.020881
-0.027496
0.003866
0.011696
0.000802
-0.000221
-0.001826
-0.001351
-0.001688
0.001497
0.000227
-0.000794
0.000035
0.000003
0.000000
0.000000
0.000000
-0.000000
-0.000000
-0.000000
0.000000
-0.000000
-0.000000
-0.000000
0.000000
0.000000
-0.000000
-0.000000
0.000000
0.000000
-0.000000
0.000000
-0.000000
-0.000000
0.000000
-0.000000
0.000000
-0.000000
0.000000
0.000000
-0.000000
-0.000000
0.000000
0.000000
-0.000000
-0.000000
0.000000
-0.000000
-0.000000
0.000000
-0.000000
-0.000000
-0.000000
0.000000
-0.000000
0.000000
-0.000000
0.000000
0.000000
0.000000
-0.000000
-0.000000
0.000000
-0.000000
0.000000
-0.000000
-0.000000
-0.000000
-0.000000
-0.000000
-0.000000
-0.000000
0.000000
0.000000
-0.000000
0.000000
-0.000000
-0.000000
0.000000
-0.000000
0.000000
-0.000000
0.000000
0.000000
-0.000000
-0.000000
0.000000
0.000000
-0.000000
-0.000000
0.000000
-0.000000
-0.000000
0.000000
-0.000000
-0.000000
-0.000000
0.000000
-0.000000
0.000000
-0.000000
0.000000
0.000000
0.000000
-0.000000
0.000000
0.000000
-0.000000
0.000000
0.000000
-0.000000
0.000000
0.000000
0.000000
-0.000000
-0.000000
0.000000
0.000000
-0.000000
0.000000
-0.000000
-0.000000
0.000000
-0.000000
0.000000
-0.000000
0.000000
0.000000
-0.000000
-0.000000
0.000000
0.000000
-0.000000
-0.000000
0.000000
-0.000000
-0.000000
0.000000
-0.000000
-0.000000
-0.000000
0.000000
-0.000000
0.000000
-0.000000
0.000000
0.000000
0.000000
-0.000000
-0.000000
-0.000000
0.000000
-0.000000
0.000000
-0.000000
-0.000000
-0.000000
-0.000000
-0.000000
-0.000000
0.000000
0.000000
-0.000000
0.000000
-0.000000
-0.000000
0.000000
-0.000000
0.000000
-0.000000
0.000000
0.000000
-0.000000
-0.000000
0.000000
0.000000
-0.000000
-0.000000
0.000000
-0.000000
-0.000000
0.000000
-0.000000
-0.000000
-0.000000
0.000000
-0.000000
0.000000
-0.000000
0.000000
0.000000
0.000000
-0.000000
-0.000000
0.000000
0.000000
-0.000000
-0.000000
0.000000
-0.000000
0.000000
-0.000000
0.000000
-0.000000
0.000000
0.000000
-0.000000
0.000000
-0.000000
-0.000000
0.000000
-0.000000
0.000000
-0.000000
0.000000
0.000000
-0.000000
-0.000000
0.000000
0.000000
-0.000000
-0.000000
0.000000
-0.000000
-0.000000
0.000000
-0.000000
-0.000000
-0.000000
0.000000
-0.000000
0.000000
-0.000000
0.000000
0.000000
0.000000
-0.000000
0.000000
-0.000000
0.000000
0.000000
0.000000
0.000000
-0.000000
0.000000
0.000000
0.000000
-0.000000
0.000000
0.000000
-0.000000
0.000000
-0.000000
-0.000000
0.000000
-0.000000
0.000000
-0.000000
0.000000
0.000000
-0.000000
-0.000000
0.000000
0.000000
-0.000000
-0.000000
0.000000
-0.000000
-0.000000
0.000000
-0.000000
-0.000000
-0.000000
0.000000
-0.000000
0.000000
-0.000000
0.000000
0.000000
0.000000
-0.000000
-0.000000
0.000000
0.000000
0.000000
-0.000000
0.000000
0.000000
-0.000000
0.000000
-0.000000
-0.000000
0.000000
0.000000
-0.000000
0.000000
-0.000000
-0.000000
0.000000
-0.000000
0.000000
-0.000000
0.000000
0.000000
-0.000000
-0.000000
0.000000
0.000000
-0.000000
-0.000000
0.000000
-0.000000
-0.000000
0.000000
-0.000000
-0.000000
-0.000000
0.000000
-0.000000
0.000000
-0.000000
0.000000
0.000000
0.000000
-0.000000
-0.000000
0.000000
-0.000000
-0.000000
0.000000
-0.000000
0.000000
0.000000
0.000000
0.000000
-0.000000
0.000000
0.000000
-0.000000
0.000000
-0.000000
-0.000000
0.000000
-0.000000
0.000000
-0.000000
0.000000
0.000000
-0.000000
-0.000000
0.000000
0.000000
-0.000000
-0.000000
0.000000
-0.000000
-0.000000
0.000000
-0.000000
-0.000000
-0.000000
0.000000
-0.000000
0.000000
-0.000000
0.000000
0.000000
0.000000
-0.000000
0.000000
-0.000000
-0.000000
-0.000000
0.000000
0.000000
0.000000
-0.000000
-0.000000
-0.000000
-0.000000
0.000000
0.000000
-0.000000
0.000000
-0.000000
-0.000000
0.000000
-0.000000
0.000000
-0.000000
0.000000
0.000000
-0.000000
-0.000000
0.000000
0.000000
-0.000000
-0.000000
0.000000
-0.000000
-0.000000
0.000000
-0.000000
-0.000000
-0.000000
0.000000
-0.000000
0.000000
-0.000000
0.000000
0.000000
0.000000
-0.000000
0.000000
0.000000
0.000000
-0.000000
-0.000000
-0.000000
0.000000
-0.000000
-0.000000
0.000000
-0.000000
0.000000
0.000000
-0.000000
0.000000
-0.000000
-0.000000
0.000000
-0.000000
0.000000
-0.000000
0.000000
0.000000
-0.000000
-0.000000
0.000000
0.000000
-0.000000
-0.000000
0.000000
-0.000000
-0.000000
0.000000
-0.000000
-0.000000
-0.000000
0.000000
-0.000000
0.000000
-0.000000
0.000000
0.000000
0.000000
-0.000000
-0.000000
-0.000000
-0.000000
0.000000
-0.000000
-0.000000
-0.000000
0.000000
-0.000000
0.000000
-0.000000
0.000000
0.000000
-0.000000
0.000000
-0.000000
-0.000000
0.000000
-0.000000
0.000000
-0.000000
0.000000
0.000000
-0.000000
-0.000000
0.000000
0.000000
-0.000000
-0.000000
0.000000
-0.000000
-0.000000
0.000000
-0.000000
-0.000000
-0.000000
0.000000
-0.000000
0.000000
-0.000000
0.000000
0.000000
0.000000
-0.000000
0.000000
-0.000000
-0.000000
-0.000000
-0.000000
0.000000
-0.000000
-0.000000
0.000000
0.000000
