0.812062
-0.552083
-0.128541
-0.078427
0.025033
-0.095190
-0.023340
0.019375
0.020175
-0.006190
-0.017162
0.039628
0.003160
0.006326
-0.002593
-0.000145
-0.010047
-0.002345
0.000296
0.001377
0.000694
0.000483
0.000390
0.000648
0.001106
0.000180
-0.000064
0.000022
-0.000043
0.000017
-0.000011
0.000000
-0.000000
0.000000
-0.000000
0.000000
-0.000000
-0.000000
0.000000
0.000000
-0.000000
0.000000
0.000000
0.000000
0.767018
0.090655
-0.065770
-0.380172
-0.124635
0.111890
0.469090
0.003558
-0.023121
-0.075324
0.010485
0.013144
-0.002068
-0.000573
-0.000961
-0.000150
0.000082
-0.000505
-0.000106
-0.000047
0.000052
-0.000049
-0.000004
-0.000034
-0.000009
0.000002
0.000001
0.000000
0.000000
0.000000
0.000000
0.000000
0.000000
-0.000000
-0.000000
0.000000
0.000000
-0.000000
-0.000000
0.000000
0.000000
-0.000000
-0.000000
-0.000000
0.669214
0.057656
0.663783
0.196710
0.214234
-0.124190
0.076290
-0.003085
-0.022613
-0.019606
0.026689
-0.026148
-0.000507
-0.006262
0.003835
-0.004449
-0.000188
-0.000615
-0.002451
-0.001778
0.000591
-0.000809
-0.000036
-0.000872
-0.000510
0.000081
-0.000130
-0.000068
0.000007
-0.000003
-0.000001
0.000000
0.000000
-0.000000
0.000000
-0.000000
0.000000
-0.000000
-0.000000
0.000000
0.000000
-0.000000
-0.000000
-0.000000
0.939689
0.282925
-0.130821
0.120059
0.054280
0.021562
0.006314
-0.034883
0.022531
-0.006901
0.010033
0.001136
0.007766
-0.000575
-0.001923
0.002362
-0.002459
0.002205
0.001580
-0.000148
0.000327
-0.000034
0.000465
0.000703
-0.000354
0.000278
-0.000021
0.000022
-0.000015
-0.000011
0.000012
0.000000
-0.000000
-0.000000
0.000000
-0.000000
-0.000000
-0.000000
0.000000
0.000000
0.000000
0.000000
0.000000
0.000000
0.901757
0.258532
-0.133429
-0.290706
0.061368
-0.051171
-0.087354
-0.043214
0.011696
-0.031838
0.012425
-0.007589
0.001063
-0.015850
0.002136
-0.010959
0.006035
0.002827
0.001290
-0.002740
-0.000155
-0.000369
-0.000955
0.001361
0.001635
0.000092
-0.000006
0.000079
0.000015
0.000014
-0.000001
0.000000
-0.000000
-0.000000
-0.000000
0.000000
0.000000
-0.000000
-0.000000
-0.000000
-0.000000
-0.000000
0.000000
0.000000
0.770121
0.608917
-0.151463
0.053580
-0.023744
0.059882
-0.029763
-0.056290
0.039232
-0.011366
0.003324
0.004758
0.010419
-0.012820
-0.006173
0.003826
-0.005465
0.006667
0.003739
-0.000384
0.000245
0.000551
-0.000378
-0.000197
-0.001255
0.000031
0.000185
-0.000027
-0.000044
-0.000004
-0.000008
0.000000
0.000000
0.000000
0.000000
-0.000000
-0.000000
0.000000
-0.000000
-0.000000
-0.000000
-0.000000
-0.000000
-0.000000
0.730522
0.497121
-0.179968
0.416655
0.029743
0.009679
0.027745
-0.097374
0.011464
-0.037178
0.009933
-0.015066
0.001153
0.009778
-0.004075
0.000181
0.002019
-0.004995
0.001287
0.001255
-0.000779
-0.000959
0.000674
0.000971
0.000264
-0.000059
-0.000035
0.000036
-0.000078
0.000018
0.000010
-0.000000
0.000000
-0.000000
-0.000000
0.000000
0.000000
-0.000000
-0.000000
-0.000000
0.000000
0.000000
-0.000000
-0.000000
0.978725
-0.147711
-0.062653
0.041919
0.114463
-0.001652
0.026038
0.019375
0.011685
0.007791
0.010321
0.004807
0.007595
0.005253
0.002651
0.002358
-0.002374
0.001890
-0.000075
-0.000539
0.000829
0.000029
0.001016
0.001111
0.000072
0.000592
-0.000162
0.000071
0.000042
-0.000023
-0.000005
-0.000000
0.000000
-0.000000
-0.000000
-0.000000
-0.000000
-0.000000
-0.000000
-0.000000
-0.000000
0.000000
-0.000000
-0.000000
0.617579
-0.476441
-0.023968
-0.025732
0.476500
0.400049
-0.026261
0.026473
-0.039534
-0.005169
0.009948
0.013404
0.002042
-0.001516
-0.000324
0.000068
-0.001090
0.000276
-0.000332
0.002193
-0.000533
-0.000368
-0.000754
0.000047
-0.000016
-0.000163
0.000073
0.000035
0.000012
0.000002
0.000002
-0.000000
0.000000
0.000000
-0.000000
-0.000000
0.000000
0.000000
0.000000
0.000000
0.000000
-0.000000
-0.000000
-0.000000
0.758489
0.594707
-0.146011
-0.157550
0.060519
-0.023789
0.040134
-0.053547
-0.009129
0.104508
0.066648
0.024663
0.006659
-0.003317
-0.002574
0.002533
0.003610
-0.004710
-0.002367
0.001227
0.001268
-0.001088
0.000277
0.000673
-0.000868
-0.000405
-0.000089
-0.000016
0.000042
0.000014
-0.000005
0.000000
-0.000000
-0.000000
0.000000
-0.000000
-0.000000
-0.000000
-0.000000
-0.000000
-0.000000
-0.000000
0.000000
0.000000
0.800715
0.414955
-0.178404
0.323034
0.072577
-0.035489
0.070277
0.165977
0.095593
0.015866
-0.019775
0.015979
-0.036423
-0.010304
0.000272
0.000430
-0.001571
-0.000075
0.000446
0.000646
-0.000671
0.001013
0.000109
0.000157
-0.000141
0.000012
-0.000066
0.000006
0.000034
0.000011
0.000003
-0.000000
-0.000000
0.000000
0.000000
0.000000
0.000000
-0.000000
-0.000000
0.000000
-0.000000
-0.000000
0.000000
-0.000000
0.928606
0.215717
0.210090
-0.187012
-0.065370
-0.002038
0.018880
-0.020646
0.018653
0.077493
-0.016397
0.015889
-0.004671
0.001241
-0.004669
0.007523
0.001331
0.001773
-0.000192
-0.001160
-0.000389
0.000084
0.000501
-0.000739
0.001721
-0.000057
0.000127
0.000040
0.000033
-0.000011
0.000007
0.000000
0.000000
-0.000000
-0.000000
-0.000000
0.000000
-0.000000
0.000000
0.000000
0.000000
-0.000000
-0.000000
-0.000000
0.952150
0.232842
0.151407
0.087809
0.078846
-0.022158
0.029176
-0.026315
0.011240
0.006807
0.010046
-0.003258
0.003558
-0.001844
-0.001091
0.001772
-0.001262
0.001539
0.000227
-0.000835
0.000280
-0.000227
0.000372
0.000024
0.000015
0.000173
-0.000023
0.000005
0.000003
-0.000011
0.000001
0.000000
-0.000000
0.000000
-0.000000
0.000000
-0.000000
0.000000
0.000000
0.000000
0.000000
-0.000000
-0.000000
-0.000000
0.907788
0.292971
-0.120596
0.222506
0.063880
-0.085934
-0.043834
-0.074309
0.028004
-0.069475
0.003797
0.036172
-0.007646
0.008768
0.001925
-0.000468
0.002758
-0.006195
0.000976
-0.001027
-0.001546
0.000371
-0.001937
-0.000521
-0.000116
-0.000142
0.000111
-0.000000
0.000057
-0.000020
-0.000010
-0.000000
-0.000000
-0.000000
-0.000000
-0.000000
0.000000
-0.000000
0.000000
0.000000
0.000000
-0.000000
0.000000
0.000000
0.850076
-0.489357
-0.145840
-0.018020
0.080445
-0.082841
-0.023444
0.004254
0.013509
-0.024654
-0.010674
0.035829
0.000420
0.005011
-0.003170
0.003004
0.010374
0.006315
-0.003449
-0.001806
-0.002490
-0.000386
0.001227
0.000919
-0.000534
0.000216
0.000115
-0.000136
-0.000009
0.000010
0.000001
0.000000
0.000000
-0.000000
0.000000
0.000000
0.000000
-0.000000
-0.000000
-0.000000
-0.000000
0.000000
0.000000
-0.000000
0.950263
-0.234096
-0.068057
-0.159238
-0.040660
0.044404
-0.081801
0.004070
0.001222
-0.021662
-0.029483
0.010103
-0.015944
0.000625
0.007185
0.009686
0.001920
0.001145
0.001400
-0.003869
0.001812
-0.003147
-0.000446
-0.000461
-0.000724
-0.000410
-0.000221
0.000058
-0.000067
0.000001
-0.000001
0.000000
0.000000
-0.000000
0.000000
0.000000
-0.000000
-0.000000
0.000000
0.000000
0.000000
0.000000
-0.000000
0.000000
0.902533
-0.386200
-0.077009
0.099971
-0.108192
0.061735
-0.027517
-0.003331
-0.049754
-0.013294
-0.008512
-0.035414
-0.008870
-0.000218
-0.002858
-0.001202
0.002155
-0.000052
0.000595
0.000917
0.000687
-0.000063
0.000468
-0.000129
-0.000544
0.000259
0.000019
0.000019
-0.000009
0.000006
0.000002
0.000000
-0.000000
0.000000
-0.000000
-0.000000
0.000000
-0.000000
-0.000000
-0.000000
-0.000000
-0.000000
0.000000
0.000000
0.786940
0.468670
0.034244
-0.366499
-0.064509
0.100578
-0.101862
0.015712
0.007784
0.015053
-0.013553
0.008056
-0.007309
0.004002
0.005104
-0.002912
0.003184
-0.004290
0.000549
0.002419
-0.001632
-0.000770
0.000524
-0.000122
0.000232
0.000436
-0.000010
-0.000034
-0.000025
-0.000016
0.000004
0.000000
-0.000000
0.000000
0.000000
0.000000
-0.000000
-0.000000
-0.000000
-0.000000
0.000000
-0.000000
-0.000000
-0.000000
0.957461
-0.266132
-0.024729
-0.062572
-0.065960
0.003754
-0.025158
-0.008201
0.050297
-0.004583
-0.014054
-0.003364
0.002587
0.006825
0.001218
0.000245
-0.000995
0.000024
0.001519
0.000666
0.005112
-0.000034
-0.002139
0.000900
-0.000096
0.000115
0.000095
-0.000117
0.000084
0.000009
0.000008
-0.000000
0.000000
0.000000
0.000000
0.000000
0.000000
-0.000000
-0.000000
0.000000
0.000000
0.000000
-0.000000
-0.000000
0.975719
-0.165694
0.022168
-0.107469
-0.051039
0.049417
-0.043644
0.013248
0.010762
-0.010838
-0.027029
-0.018601
0.004016
0.000274
-0.001442
-0.000859
-0.001692
-0.001038
-0.001812
-0.001379
-0.000919
0.002762
0.000489
0.000992
-0.000261
-0.001043
0.000073
0.000010
-0.000017
-0.000009
0.000001
0.000000
-0.000000
-0.000000
0.000000
0.000000
0.000000
-0.000000
-0.000000
0.000000
-0.000000
0.000000
0.000000
-0.000000
0.959055
-0.222745
-0.053730
0.153045
-0.009584
0.042452
0.023196
0.026393
0.009676
0.000485
-0.008227
-0.030633
0.000141
-0.003793
0.002499
0.001838
0.003889
-0.002698
0.002042
0.000733
0.000762
-0.001686
0.001698
-0.001273
0.000508
-0.000058
0.000383
0.000012
0.000051
0.000005
-0.000006
0.000000
0.000000
-0.000000
0.000000
0.000000
-0.000000
-0.000000
-0.000000
-0.000000
-0.000000
0.000000
0.000000
0.000000
0.984677
-0.077075
-0.024402
-0.096959
-0.079864
0.065254
-0.056613
0.004128
-0.008548
-0.005729
-0.015422
-0.015287
-0.004966
0.002214
0.000375
-0.001443
0.001670
-0.001729
0.000223
0.000861
0.000085
0.000290
0.000208
0.000207
-0.000223
0.000028
0.000041
-0.000007
0.000006
-0.000003
-0.000000
0.000000
0.000000
-0.000000
0.000000
-0.000000
-0.000000
0.000000
-0.000000
0.000000
-0.000000
-0.000000
0.000000
-0.000000
0.757904
-0.378654
0.479630
0.127732
-0.083028
-0.133717
0.054326
0.040831
-0.075341
0.021527
0.007390
0.006618
0.006455
-0.005207
0.005630
0.005932
0.003373
0.001111
0.005977
0.004044
-0.002555
-0.000222
-0.001248
0.001782
0.000028
-0.000188
-0.000020
0.000000
-0.000001
-0.000001
-0.000000
0.000000
0.000000
-0.000000
0.000000
0.000000
-0.000000
-0.000000
0.000000
-0.000000
-0.000000
0.000000
0.000000
0.000000
0.992182
0.096262
0.074645
0.005106
0.007863
0.017431
-0.009417
-0.012986
0.002405
0.001219
-0.001401
-0.008866
-0.000268
-0.000030
-0.000444
0.000340
0.000055
0.000079
0.000229
-0.000079
0.000198
0.000003
0.000308
0.000107
-0.000092
0.000114
0.000010
0.000001
-0.000002
-0.000007
0.000000
0.000000
-0.000000
-0.000000
0.000000
0.000000
0.000000
0.000000
0.000000
0.000000
-0.000000
0.000000
-0.000000
-0.000000
0.988836
0.049593
0.125310
-0.058611
-0.003702
0.012166
-0.018272
0.000423
-0.000753
0.005573
-0.004421
-0.007227
-0.002150
0.000705
-0.000695
-0.000229
0.000280
-0.000271
-0.000124
-0.000040
0.000194
0.000499
0.000027
-0.000138
-0.000115
-0.000029
0.000012
-0.000006
-0.000002
0.000001
-0.000004
-0.000000
0.000000
0.000000
-0.000000
-0.000000
0.000000
0.000000
0.000000
-0.000000
-0.000000
0.000000
0.000000
-0.000000
0.969808
-0.148305
0.054028
0.159084
0.024076
-0.077201
0.029601
-0.033414
-0.000728
-0.008458
-0.020273
-0.008624
-0.006424
-0.008879
-0.001022
0.000305
-0.002864
-0.001206
-0.004184
0.001773
0.001933
-0.001233
0.000533
0.001266
0.001220
-0.000235
0.000057
-0.000064
-0.000060
-0.000017
-0.000002
-0.000000
-0.000000
0.000000
0.000000
-0.000000
-0.000000
0.000000
0.000000
-0.000000
0.000000
-0.000000
-0.000000
0.000000
0.575797
0.391243
0.681416
-0.170345
-0.011323
-0.093968
-0.089483
0.032547
0.001092
-0.062152
0.003826
0.005820
-0.000702
0.007314
-0.004016
0.003126
-0.002882
0.001796
-0.003368
0.000886
0.000084
-0.000127
0.000150
0.000299
-0.000756
0.000013
0.000136
0.000138
0.000055
0.000015
0.000004
-0.000000
-0.000000
0.000000
0.000000
-0.000000
-0.000000
0.000000
0.000000
-0.000000
-0.000000
0.000000
-0.000000
0.000000
0.862493
-0.396998
-0.073645
0.060690
-0.258167
0.093349
-0.089268
-0.049017
-0.051168
-0.004884
0.019122
0.017266
-0.001983
-0.014561
0.000009
0.000476
-0.009744
-0.004033
-0.003214
-0.001196
-0.002866
-0.001416
-0.000479
-0.000096
-0.000445
0.000296
0.000019
-0.000026
0.000047
0.000005
0.000005
-0.000000
0.000000
-0.000000
-0.000000
0.000000
0.000000
-0.000000
-0.000000
0.000000
0.000000
0.000000
0.000000
-0.000000
0.969235
-0.114895
0.081635
0.165839
-0.013906
0.085139
0.031776
-0.054884
-0.026901
0.027366
-0.005876
-0.011325
-0.002110
0.001457
-0.006531
0.005787
0.004001
0.001272
-0.001332
-0.000883
-0.000649
0.002039
-0.002243
-0.001638
0.001043
0.000221
-0.000157
-0.000007
-0.000019
0.000010
0.000001
0.000000
-0.000000
-0.000000
0.000000
0.000000
-0.000000
-0.000000
-0.000000
-0.000000
-0.000000
0.000000
-0.000000
-0.000000
-0.593324
-0.215077
0.601159
0.261757
-0.227485
0.318299
-0.015653
-0.006093
0.118322
0.003089
0.061131
0.025936
-0.001274
0.001056
0.001724
-0.003174
0.003564
-0.000201
0.000669
-0.001782
0.000726
0.000396
0.000647
0.000956
0.000245
0.000005
-0.000026
-0.000005
-0.000021
0.000000
-0.000004
0.000000
-0.000000
-0.000000
-0.000000
-0.000000
-0.000000
0.000000
0.000000
-0.000000
0.000000
-0.000000
-0.000000
0.000000
0.940946
-0.222672
0.210021
0.001393
0.097693
-0.055362
0.066931
0.018794
0.004565
0.047278
-0.027363
0.012729
0.010943
0.006336
-0.002730
-0.007551
-0.005397
-0.002680
0.005196
-0.005257
-0.001324
-0.000903
0.000747
-0.000598
-0.000061
-0.000153
0.000024
-0.000035
0.000007
0.000008
0.000005
-0.000000
-0.000000
0.000000
0.000000
-0.000000
-0.000000
0.000000
0.000000
-0.000000
-0.000000
-0.000000
-0.000000
0.000000
0.843513
0.390089
-0.230412
0.093285
-0.113675
0.044242
-0.105602
0.198123
-0.052232
-0.053292
0.056617
-0.005366
0.019110
0.002667
-0.007928
0.000626
0.000817
0.000429
0.000412
-0.000546
0.000147
-0.000946
0.000073
-0.000421
0.000905
-0.000267
-0.000175
-0.000059
0.000029
-0.000006
0.000000
0.000000
0.000000
0.000000
-0.000000
-0.000000
-0.000000
0.000000
0.000000
-0.000000
0.000000
0.000000
-0.000000
0.000000
0.864707
0.361330
-0.156251
0.259626
-0.082787
0.011083
0.046130
0.094106
-0.093607
0.049136
0.008475
0.020549
0.008089
0.005698
0.011731
-0.003942
0.000245
0.001271
-0.003241
-0.002266
0.001187
0.000683
-0.001128
0.000164
-0.000212
0.000188
0.000272
0.000055
-0.000080
0.000002
0.000001
0.000000
0.000000
0.000000
-0.000000
-0.000000
0.000000
0.000000
0.000000
0.000000
0.000000
-0.000000
-0.000000
-0.000000
0.961060
-0.054906
0.248636
0.105574
-0.004065
-0.004363
0.010183
-0.012834
-0.002952
0.000411
-0.006775
-0.001518
-0.000596
-0.000201
-0.003822
0.001038
-0.001080
-0.000195
-0.001757
-0.000563
0.000353
-0.000012
-0.000309
-0.000050
0.000680
-0.000061
-0.000007
-0.000002
-0.000022
-0.000002
-0.000002
-0.000000
0.000000
0.000000
0.000000
0.000000
0.000000
0.000000
-0.000000
-0.000000
0.000000
-0.000000
0.000000
0.000000
0.922928
-0.297974
-0.000942
0.196439
-0.115565
-0.032599
0.003524
-0.026023
-0.000716
0.006081
-0.054463
0.049000
0.009179
-0.004629
-0.004638
-0.011548
0.005021
0.003043
-0.000524
0.003760
0.001436
-0.000471
0.000290
-0.001488
-0.000667
-0.000243
-0.000136
0.000070
0.000012
-0.000009
0.000004
0.000000
0.000000
-0.000000
-0.000000
0.000000
-0.000000
-0.000000
-0.000000
-0.000000
0.000000
0.000000
-0.000000
-0.000000
0.895889
0.399780
-0.105651
0.101331
-0.055176
0.077131
0.007924
-0.079329
0.014160
-0.000279
-0.002450
-0.012191
-0.000161
0.009723
0.014430
-0.002123
-0.006056
0.008373
-0.000889
0.002062
-0.001674
-0.000345
0.000659
-0.000583
0.000722
-0.000374
-0.000125
-0.000051
0.000060
0.000010
-0.000001
0.000000
-0.000000
0.000000
-0.000000
-0.000000
-0.000000
0.000000
0.000000
-0.000000
-0.000000
-0.000000
-0.000000
0.000000
0.804378
0.411692
0.313444
-0.275135
0.042624
0.011645
-0.077075
0.031148
0.017746
-0.014564
-0.004300
0.010594
0.001573
-0.001142
0.001381
-0.001334
-0.000773
-0.001069
0.001056
0.002494
0.000284
0.000442
0.000051
-0.001221
-0.000072
0.000156
0.000010
-0.000079
-0.000089
0.000008
-0.000001
-0.000000
-0.000000
-0.000000
-0.000000
0.000000
0.000000
-0.000000
0.000000
-0.000000
-0.000000
-0.000000
0.000000
0.000000
0.870493
-0.425660
-0.177648
-0.028463
0.006733
-0.079527
0.022823
0.026661
0.139305
-0.015000
0.008389
-0.013556
0.031475
-0.007588
0.009412
0.005922
0.002602
-0.003970
-0.001846
0.000512
-0.000718
0.001155
0.000047
-0.001009
-0.000151
0.000087
-0.000056
0.000047
-0.000009
0.000006
0.000004
-0.000000
0.000000
0.000000
0.000000
-0.000000
0.000000
0.000000
0.000000
0.000000
0.000000
-0.000000
-0.000000
0.000000
0.981037
-0.089839
-0.069787
0.112001
-0.087156
0.039428
0.006517
-0.016367
-0.042491
0.016077
-0.008690
-0.021107
-0.001802
0.003621
-0.003286
0.000017
0.002391
0.000429
0.000682
-0.000304
0.000231
0.000351
0.000875
0.000132
-0.000400
0.000249
-0.000086
0.000052
0.000035
0.000009
-0.000014
-0.000000
0.000000
0.000000
0.000000
0.000000
0.000000
-0.000000
0.000000
0.000000
0.000000
-0.000000
-0.000000
0.000000
0.991558
0.000605
-0.074277
-0.082623
-0.001315
0.041554
-0.013713
-0.007844
-0.033383
0.017842
-0.026607
-0.017586
-0.004048
-0.000327
0.001742
-0.001905
0.001164
-0.002477
0.000139
-0.001626
-0.000024
0.002349
0.000444
0.001071
-0.000867
0.000042
-0.000134
-0.000017
0.000032
-0.000005
0.000004
0.000000
0.000000
-0.000000
-0.000000
0.000000
-0.000000
0.000000
0.000000
-0.000000
0.000000
0.000000
-0.000000
0.000000
0.858371
-0.442733
-0.138099
-0.144859
-0.035755
-0.067676
0.045381
0.035903
0.102507
0.049058
0.055718
-0.040529
-0.008280
0.009551
-0.005895
-0.006410
-0.001814
0.003045
-0.001271
0.001230
-0.002053
-0.001906
-0.001830
0.000059
-0.000617
-0.000051
0.000054
0.000037
-0.000039
-0.000009
-0.000001
0.000000
0.000000
-0.000000
-0.000000
0.000000
-0.000000
-0.000000
0.000000
-0.000000
0.000000
0.000000
-0.000000
0.000000
0.979662
0.110098
0.075789
-0.143599
0.000076
0.019655
-0.032130
0.011254
-0.000228
0.007599
-0.008266
-0.009781
-0.001342
0.000710
0.000374
-0.001777
0.000398
-0.001137
0.000457
0.000494
-0.000061
0.001004
0.000166
-0.000086
-0.000489
0.000117
-0.000056
-0.000028
-0.000021
0.000005
-0.000006
-0.000000
-0.000000
-0.000000
-0.000000
-0.000000
-0.000000
0.000000
-0.000000
0.000000
0.000000
0.000000
-0.000000
0.000000
0.795302
-0.545834
-0.136509
-0.085501
0.021551
-0.139005
-0.055278
-0.046466
-0.047049
-0.017002
0.124375
0.016211
-0.018819
0.000035
0.002662
-0.000468
-0.000803
0.001287
0.002312
0.000331
0.001385
0.002140
0.001235
-0.001129
0.000111
-0.000129
0.000046
0.000011
-0.000019
-0.000003
0.000006
-0.000000
0.000000
0.000000
0.000000
0.000000
-0.000000
0.000000
-0.000000
0.000000
0.000000
0.000000
-0.000000
-0.000000
0.987405
0.059527
0.133150
-0.056090
-0.002333
0.012591
-0.017448
0.001620
-0.000944
0.005120
-0.007777
-0.007093
-0.001084
0.000560
-0.000832
-0.000852
-0.000203
-0.000669
-0.000317
0.000165
0.000055
0.000648
0.000007
-0.000086
-0.000079
0.000054
-0.000042
-0.000020
-0.000019
0.000002
-0.000002
-0.000000
0.000000
0.000000
-0.000000
0.000000
-0.000000
-0.000000
-0.000000
0.000000
-0.000000
-0.000000
-0.000000
-0.000000
