0.659445
0.304795
0.016523
0.006151
0.000627
0.009061
0.000545
0.000375
0.000407
0.000038
0.000295
0.001570
0.000010
0.000040
0.000007
0.000000
0.000101
0.000005
0.000000
0.000002
0.000000
0.000000
0.000000
0.000000
0.000001
0.000000
0.000000
0.000000
0.000000
0.000000
0.000000
0.000000
0.000000
0.000000
0.000000
0.000000
0.000000
0.000000
0.000000
0.000000
0.000000
0.000000
0.000000
0.000000
0.588317
0.008218
0.004326
0.144531
0.015534
0.012519
0.220046
0.000013
0.000535
0.005674
0.000110
0.000173
0.000004
0.000000
0.000001
0.000000
0.000000
0.000000
0.000000
0.000000
0.000000
0.000000
0.000000
0.000000
0.000000
0.000000
0.000000
0.000000
0.000000
0.000000
0.000000
0.000000
0.000000
0.000000
0.000000
0.000000
0.000000
0.000000
0.000000
0.000000
0.000000
0.000000
0.000000
0.000000
0.447847
0.003324
0.440607
0.038695
0.045896
0.015423
0.005820
0.000010
0.000511
0.000384
0.000712
0.000684
0.000000
0.000039
0.000015
0.000020
0.000000
0.000000
0.000006
0.000003
0.000000
0.000001
0.000000
0.000001
0.000000
0.000000
0.000000
0.000000
0.000000
0.000000
0.000000
0.000000
0.000000
0.000000
0.000000
0.000000
0.000000
0.000000
0.000000
0.000000
0.000000
0.000000
0.000000
0.000000
0.883015
0.080047
0.017114
0.014414
0.002946
0.000465
0.000040
0.001217
0.000508
0.000048
0.000101
0.000001
0.000060
0.000000
0.000004
0.000006
0.000006
0.000005
0.000002
0.000000
0.000000
0.000000
0.000000
0.000000
0.000000
0.000000
0.000000
0.000000
0.000000
0.000000
0.000000
0.000000
0.000000
0.000000
0.000000
0.000000
0.000000
0.000000
0.000000
0.000000
0.000000
0.000000
0.000000
0.000000
0.813166
0.066839
0.017803
0.084510
0.003766
0.002619
0.007631
0.001867
0.000137
0.001014
0.000154
0.000058
0.000001
0.000251
0.000005
0.000120
0.000036
0.000008
0.000002
0.000008
0.000000
0.000000
0.000001
0.000002
0.000003
0.000000
0.000000
0.000000
0.000000
0.000000
0.000000
0.000000
0.000000
0.000000
0.000000
0.000000
0.000000
0.000000
0.000000
0.000000
0.000000
0.000000
0.000000
0.000000
0.593086
0.370780
0.022941
0.002871
0.000564
0.003586
0.000886
0.003169
0.001539
0.000129
0.000011
0.000023
0.000109
0.000164
0.000038
0.000015
0.000030
0.000044
0.000014
0.000000
0.000000
0.000000
0.000000
0.000000
0.000002
0.000000
0.000000
0.000000
0.000000
0.000000
0.000000
0.000000
0.000000
0.000000
0.000000
0.000000
0.000000
0.000000
0.000000
0.000000
0.000000
0.000000
0.000000
0.000000
0.533663
0.247130
0.032388
0.173601
0.000885
0.000094
0.000770
0.009482
0.000131
0.001382
0.000099
0.000227
0.000001
0.000096
0.000017
0.000000
0.000004
0.000025
0.000002
0.000002
0.000001
0.000001
0.000000
0.000001
0.000000
0.000000
0.000000
0.000000
0.000000
0.000000
0.000000
0.000000
0.000000
0.000000
0.000000
0.000000
0.000000
0.000000
0.000000
0.000000
0.000000
0.000000
0.000000
0.000000
0.957903
0.021818
0.003925
0.001757
0.013102
0.000003
0.000678
0.000375
0.000137
0.000061
0.000107
0.000023
0.000058
0.000028
0.000007
0.000006
0.000006
0.000004
0.000000
0.000000
0.000001
0.000000
0.000001
0.000001
0.000000
0.000000
0.000000
0.000000
0.000000
0.000000
0.000000
0.000000
0.000000
0.000000
0.000000
0.000000
0.000000
0.000000
0.000000
0.000000
0.000000
0.000000
0.000000
0.000000
0.381404
0.226996
0.000574
0.000662
0.227052
0.160039
0.000690
0.000701
0.001563
0.000027
0.000099
0.000180
0.000004
0.000002
0.000000
0.000000
0.000001
0.000000
0.000000
0.000005
0.000000
0.000000
0.000001
0.000000
0.000000
0.000000
0.000000
0.000000
0.000000
0.000000
0.000000
0.000000
0.000000
0.000000
0.000000
0.000000
0.000000
0.000000
0.000000
0.000000
0.000000
0.000000
0.000000
0.000000
0.575306
0.353676
0.021319
0.024822
0.003663
0.000566
0.001611
0.002867
0.000083
0.010922
0.004442
0.000608
0.000044
0.000011
0.000007
0.000006
0.000013
0.000022
0.000006
0.000002
0.000002
0.000001
0.000000
0.000000
0.000001
0.000000
0.000000
0.000000
0.000000
0.000000
0.000000
0.000000
0.000000
0.000000
0.000000
0.000000
0.000000
0.000000
0.000000
0.000000
0.000000
0.000000
0.000000
0.000000
0.641145
0.172188
0.031828
0.104351
0.005267
0.001259
0.004939
0.027548
0.009138
0.000252
0.000391
0.000255
0.001327
0.000106
0.000000
0.000000
0.000002
0.000000
0.000000
0.000000
0.000000
0.000001
0.000000
0.000000
0.000000
0.000000
0.000000
0.000000
0.000000
0.000000
0.000000
0.000000
0.000000
0.000000
0.000000
0.000000
0.000000
0.000000
0.000000
0.000000
0.000000
0.000000
0.000000
0.000000
0.862308
0.046534
0.044138
0.034974
0.004273
0.000004
0.000356
0.000426
0.000348
0.006005
0.000269
0.000252
0.000022
0.000002
0.000022
0.000057
0.000002
0.000003
0.000000
0.000001
0.000000
0.000000
0.000000
0.000001
0.000003
0.000000
0.000000
0.000000
0.000000
0.000000
0.000000
0.000000
0.000000
0.000000
0.000000
0.000000
0.000000
0.000000
0.000000
0.000000
0.000000
0.000000
0.000000
0.000000
0.906589
0.054215
0.022924
0.007710
0.006217
0.000491
0.000851
0.000692
0.000126
0.000046
0.000101
0.000011
0.000013
0.000003
0.000001
0.000003
0.000002
0.000002
0.000000
0.000001
0.000000
0.000000
0.000000
0.000000
0.000000
0.000000
0.000000
0.000000
0.000000
0.000000
0.000000
0.000000
0.000000
0.000000
0.000000
0.000000
0.000000
0.000000
0.000000
0.000000
0.000000
0.000000
0.000000
0.000000
0.824080
0.085832
0.014543
0.049509
0.004081
0.007385
0.001921
0.005522
0.000784
0.004827
0.000014
0.001308
0.000058
0.000077
0.000004
0.000000
0.000008
0.000038
0.000001
0.000001
0.000002
0.000000
0.000004
0.000000
0.000000
0.000000
0.000000
0.000000
0.000000
0.000000
0.000000
0.000000
0.000000
0.000000
0.000000
0.000000
0.000000
0.000000
0.000000
0.000000
0.000000
0.000000
0.000000
0.000000
0.722630
0.239470
0.021269
0.000325
0.006471
0.006863
0.000550
0.000018
0.000183
0.000608
0.000114
0.001284
0.000000
0.000025
0.000010
0.000009
0.000108
0.000040
0.000012
0.000003
0.000006
0.000000
0.000002
0.000001
0.000000
0.000000
0.000000
0.000000
0.000000
0.000000
0.000000
0.000000
0.000000
0.000000
0.000000
0.000000
0.000000
0.000000
0.000000
0.000000
0.000000
0.000000
0.000000
0.000000
0.902999
0.054801
0.004632
0.025357
0.001653
0.001972
0.006691
0.000017
0.000001
0.000469
0.000869
0.000102
0.000254
0.000000
0.000052
0.000094
0.000004
0.000001
0.000002
0.000015
0.000003
0.000010
0.000000
0.000000
0.000001
0.000000
0.000000
0.000000
0.000000
0.000000
0.000000
0.000000
0.000000
0.000000
0.000000
0.000000
0.000000
0.000000
0.000000
0.000000
0.000000
0.000000
0.000000
0.000000
0.814566
0.149151
0.005930
0.009994
0.011706
0.003811
0.000757
0.000011
0.002475
0.000177
0.000072
0.001254
0.000079
0.000000
0.000008
0.000001
0.000005
0.000000
0.000000
0.000001
0.000000
0.000000
0.000000
0.000000
0.000000
0.000000
0.000000
0.000000
0.000000
0.000000
0.000000
0.000000
0.000000
0.000000
0.000000
0.000000
0.000000
0.000000
0.000000
0.000000
0.000000
0.000000
0.000000
0.000000
0.619275
0.219652
0.001173
0.134322
0.004161
0.010116
0.010376
0.000247
0.000061
0.000227
0.000184
0.000065
0.000053
0.000016
0.000026
0.000008
0.000010
0.000018
0.000000
0.000006
0.000003
0.000001
0.000000
0.000000
0.000000
0.000000
0.000000
0.000000
0.000000
0.000000
0.000000
0.000000
0.000000
0.000000
0.000000
0.000000
0.000000
0.000000
0.000000
0.000000
0.000000
0.000000
0.000000
0.000000
0.916732
0.070826
0.000612
0.003915
0.004351
0.000014
0.000633
0.000067
0.002530
0.000021
0.000198
0.000011
0.000007
0.000047
0.000001
0.000000
0.000001
0.000000
0.000002
0.000000
0.000026
0.000000
0.000005
0.000001
0.000000
0.000000
0.000000
0.000000
0.000000
0.000000
0.000000
0.000000
0.000000
0.000000
0.000000
0.000000
0.000000
0.000000
0.000000
0.000000
0.000000
0.000000
0.000000
0.000000
0.952028
0.027455
0.000491
0.011550
0.002605
0.002442
0.001905
0.000176
0.000116
0.000117
0.000731
0.000346
0.000016
0.000000
0.000002
0.000001
0.000003
0.000001
0.000003
0.000002
0.000001
0.000008
0.000000
0.000001
0.000000
0.000001
0.000000
0.000000
0.000000
0.000000
0.000000
0.000000
0.000000
0.000000
0.000000
0.000000
0.000000
0.000000
0.000000
0.000000
0.000000
0.000000
0.000000
0.000000
0.919787
0.049615
0.002887
0.023423
0.000092
0.001802
0.000538
0.000697
0.000094
0.000000
0.000068
0.000938
0.000000
0.000014
0.000006
0.000003
0.000015
0.000007
0.000004
0.000001
0.000001
0.000003
0.000003
0.000002
0.000000
0.000000
0.000000
0.000000
0.000000
0.000000
0.000000
0.000000
0.000000
0.000000
0.000000
0.000000
0.000000
0.000000
0.000000
0.000000
0.000000
0.000000
0.000000
0.000000
0.969588
0.005941
0.000595
0.009401
0.006378
0.004258
0.003205
0.000017
0.000073
0.000033
0.000238
0.000234
0.000025
0.000005
0.000000
0.000002
0.000003
0.000003
0.000000
0.000001
0.000000
0.000000
0.000000
0.000000
0.000000
0.000000
0.000000
0.000000
0.000000
0.000000
0.000000
0.000000
0.000000
0.000000
0.000000
0.000000
0.000000
0.000000
0.000000
0.000000
0.000000
0.000000
0.000000
0.000000
0.574419
0.143379
0.230045
0.016315
0.006894
0.017880
0.002951
0.001667
0.005676
0.000463
0.000055
0.000044
0.000042
0.000027
0.000032
0.000035
0.000011
0.000001
0.000036
0.000016
0.000007
0.000000
0.000002
0.000003
0.000000
0.000000
0.000000
0.000000
0.000000
0.000000
0.000000
0.000000
0.000000
0.000000
0.000000
0.000000
0.000000
0.000000
0.000000
0.000000
0.000000
0.000000
0.000000
0.000000
0.984424
0.009266
0.005572
0.000026
0.000062
0.000304
0.000089
0.000169
0.000006
0.000001
0.000002
0.000079
0.000000
0.000000
0.000000
0.000000
0.000000
0.000000
0.000000
0.000000
0.000000
0.000000
0.000000
0.000000
0.000000
0.000000
0.000000
0.000000
0.000000
0.000000
0.000000
0.000000
0.000000
0.000000
0.000000
0.000000
0.000000
0.000000
0.000000
0.000000
0.000000
0.000000
0.000000
0.000000
0.977797
0.002459
0.015703
0.003435
0.000014
0.000148
0.000334
0.000000
0.000001
0.000031
0.000020
0.000052
0.000005
0.000000
0.000000
0.000000
0.000000
0.000000
0.000000
0.000000
0.000000
0.000000
0.000000
0.000000
0.000000
0.000000
0.000000
0.000000
0.000000
0.000000
0.000000
0.000000
0.000000
0.000000
0.000000
0.000000
0.000000
0.000000
0.000000
0.000000
0.000000
0.000000
0.000000
0.000000
0.940529
0.021994
0.002919
0.025308
0.000580
0.005960
0.000876
0.001116
0.000001
0.000072
0.000411
0.000074
0.000041
0.000079
0.000001
0.000000
0.000008
0.000001
0.000018
0.000003
0.000004
0.000002
0.000000
0.000002
0.000001
0.000000
0.000000
0.000000
0.000000
0.000000
0.000000
0.000000
0.000000
0.000000
0.000000
0.000000
0.000000
0.000000
0.000000
0.000000
0.000000
0.000000
0.000000
0.000000
0.331542
0.153071
0.464328
0.029017
0.000128
0.008830
0.008007
0.001059
0.000001
0.003863
0.000015
0.000034
0.000000
0.000053
0.000016
0.000010
0.000008
0.000003
0.000011
0.000001
0.000000
0.000000
0.000000
0.000000
0.000001
0.000000
0.000000
0.000000
0.000000
0.000000
0.000000
0.000000
0.000000
0.000000
0.000000
0.000000
0.000000
0.000000
0.000000
0.000000
0.000000
0.000000
0.000000
0.000000
0.743894
0.157607
0.005424
0.003683
0.066650
0.008714
0.007969
0.002403
0.002618
0.000024
0.000366
0.000298
0.000004
0.000212
0.000000
0.000000
0.000095
0.000016
0.000010
0.000001
0.000008
0.000002
0.000000
0.000000
0.000000
0.000000
0.000000
0.000000
0.000000
0.000000
0.000000
0.000000
0.000000
0.000000
0.000000
0.000000
0.000000
0.000000
0.000000
0.000000
0.000000
0.000000
0.000000
0.000000
0.939417
0.013201
0.006664
0.027503
0.000193
0.007249
0.001010
0.003012
0.000724
0.000749
0.000035
0.000128
0.000004
0.000002
0.000043
0.000033
0.000016
0.000002
0.000002
0.000001
0.000000
0.000004
0.000005
0.000003
0.000001
0.000000
0.000000
0.000000
0.000000
0.000000
0.000000
0.000000
0.000000
0.000000
0.000000
0.000000
0.000000
0.000000
0.000000
0.000000
0.000000
0.000000
0.000000
0.000000
0.352033
0.046258
0.361392
0.068517
0.051749
0.101314
0.000245
0.000037
0.014000
0.000010
0.003737
0.000673
0.000002
0.000001
0.000003
0.000010
0.000013
0.000000
0.000000
0.000003
0.000001
0.000000
0.000000
0.000001
0.000000
0.000000
0.000000
0.000000
0.000000
0.000000
0.000000
0.000000
0.000000
0.000000
0.000000
0.000000
0.000000
0.000000
0.000000
0.000000
0.000000
0.000000
0.000000
0.000000
0.885379
0.049583
0.044109
0.000002
0.009544
0.003065
0.004480
0.000353
0.000021
0.002235
0.000749
0.000162
0.000120
0.000040
0.000007
0.000057
0.000029
0.000007
0.000027
0.000028
0.000002
0.000001
0.000001
0.000000
0.000000
0.000000
0.000000
0.000000
0.000000
0.000000
0.000000
0.000000
0.000000
0.000000
0.000000
0.000000
0.000000
0.000000
0.000000
0.000000
0.000000
0.000000
0.000000
0.000000
0.711514
0.152169
0.053089
0.008702
0.012922
0.001957
0.011152
0.039253
0.002728
0.002840
0.003205
0.000029
0.000365
0.000007
0.000063
0.000000
0.000001
0.000000
0.000000
0.000000
0.000000
0.000001
0.000000
0.000000
0.000001
0.000000
0.000000
0.000000
0.000000
0.000000
0.000000
0.000000
0.000000
0.000000
0.000000
0.000000
0.000000
0.000000
0.000000
0.000000
0.000000
0.000000
0.000000
0.000000
0.747718
0.130559
0.024414
0.067406
0.006854
0.000123
0.002128
0.008856
0.008762
0.002414
0.000072
0.000422
0.000065
0.000032
0.000138
0.000016
0.000000
0.000002
0.000011
0.000005
0.000001
0.000000
0.000001
0.000000
0.000000
0.000000
0.000000
0.000000
0.000000
0.000000
0.000000
0.000000
0.000000
0.000000
0.000000
0.000000
0.000000
0.000000
0.000000
0.000000
0.000000
0.000000
0.000000
0.000000
0.923637
0.003015
0.061820
0.011146
0.000017
0.000019
0.000104
0.000165
0.000009
0.000000
0.000046
0.000002
0.000000
0.000000
0.000015
0.000001
0.000001
0.000000
0.000003
0.000000
0.000000
0.000000
0.000000
0.000000
0.000000
0.000000
0.000000
0.000000
0.000000
0.000000
0.000000
0.000000
0.000000
0.000000
0.000000
0.000000
0.000000
0.000000
0.000000
0.000000
0.000000
0.000000
0.000000
0.000000
0.851796
0.088789
0.000001
0.038588
0.013355
0.001063
0.000012
0.000677
0.000001
0.000037
0.002966
0.002401
0.000084
0.000021
0.000022
0.000133
0.000025
0.000009
0.000000
0.000014
0.000002
0.000000
0.000000
0.000002
0.000000
0.000000
0.000000
0.000000
0.000000
0.000000
0.000000
0.000000
0.000000
0.000000
0.000000
0.000000
0.000000
0.000000
0.000000
0.000000
0.000000
0.000000
0.000000
0.000000
0.802617
0.159824
0.011162
0.010268
0.003044
0.005949
0.000063
0.006293
0.000201
0.000000
0.000006
0.000149
0.000000
0.000095
0.000208
0.000005
0.000037
0.000070
0.000001
0.000004
0.000003
0.000000
0.000000
0.000000
0.000001
0.000000
0.000000
0.000000
0.000000
0.000000
0.000000
0.000000
0.000000
0.000000
0.000000
0.000000
0.000000
0.000000
0.000000
0.000000
0.000000
0.000000
0.000000
0.000000
0.647024
0.169490
0.098247
0.075699
0.001817
0.000136
0.005941
0.000970
0.000315
0.000212
0.000018
0.000112
0.000002
0.000001
0.000002
0.000002
0.000001
0.000001
0.000001
0.000006
0.000000
0.000000
0.000000
0.000001
0.000000
0.000000
0.000000
0.000000
0.000000
0.000000
0.000000
0.000000
0.000000
0.000000
0.000000
0.000000
0.000000
0.000000
0.000000
0.000000
0.000000
0.000000
0.000000
0.000000
0.757758
0.181186
0.031559
0.000810
0.000045
0.006325
0.000521
0.000711
0.019406
0.000225
0.000070
0.000184
0.000991
0.000058
0.000089
0.000035
0.000007
0.000016
0.000003
0.000000
0.000001
0.000001
0.000000
0.000001
0.000000
0.000000
0.000000
0.000000
0.000000
0.000000
0.000000
0.000000
0.000000
0.000000
0.000000
0.000000
0.000000
0.000000
0.000000
0.000000
0.000000
0.000000
0.000000
0.000000
0.962434
0.008071
0.004870
0.012544
0.007596
0.001555
0.000042
0.000268
0.001805
0.000258
0.000076
0.000446
0.000003
0.000013
0.000011
0.000000
0.000006
0.000000
0.000000
0.000000
0.000000
0.000000
0.000001
0.000000
0.000000
0.000000
0.000000
0.000000
0.000000
0.000000
0.000000
0.000000
0.000000
0.000000
0.000000
0.000000
0.000000
0.000000
0.000000
0.000000
0.000000
0.000000
0.000000
0.000000
0.983187
0.000000
0.005517
0.006827
0.000002
0.001727
0.000188
0.000062
0.001114
0.000318
0.000708
0.000309
0.000016
0.000000
0.000003
0.000004
0.000001
0.000006
0.000000
0.000003
0.000000
0.000006
0.000000
0.000001
0.000001
0.000000
0.000000
0.000000
0.000000
0.000000
0.000000
0.000000
0.000000
0.000000
0.000000
0.000000
0.000000
0.000000
0.000000
0.000000
0.000000
0.000000
0.000000
0.000000
0.736801
0.196012
0.019071
0.020984
0.001278
0.004580
0.002059
0.001289
0.010508
0.002407
0.003104
0.001643
0.000069
0.000091
0.000035
0.000041
0.000003
0.000009
0.000002
0.000002
0.000004
0.000004
0.000003
0.000000
0.000000
0.000000
0.000000
0.000000
0.000000
0.000000
0.000000
0.000000
0.000000
0.000000
0.000000
0.000000
0.000000
0.000000
0.000000
0.000000
0.000000
0.000000
0.000000
0.000000
0.959738
0.012122
0.005744
0.020621
0.000000
0.000386
0.001032
0.000127
0.000000
0.000058
0.000068
0.000096
0.000002
0.000001
0.000000
0.000003
0.000000
0.000001
0.000000
0.000000
0.000000
0.000001
0.000000
0.000000
0.000000
0.000000
0.000000
0.000000
0.000000
0.000000
0.000000
0.000000
0.000000
0.000000
0.000000
0.000000
0.000000
0.000000
0.000000
0.000000
0.000000
0.000000
0.000000
0.000000
0.632506
0.297934
0.018635
0.007310
0.000464
0.019322
0.003056
0.002159
0.002214
0.000289
0.015469
0.000263
0.000354
0.000000
0.000007
0.000000
0.000001
0.000002
0.000005
0.000000
0.000002
0.000005
0.000002
0.000001
0.000000
0.000000
0.000000
0.000000
0.000000
0.000000
0.000000
0.000000
0.000000
0.000000
0.000000
0.000000
0.000000
0.000000
0.000000
0.000000
0.000000
0.000000
0.000000
0.000000
0.974969
0.003544
0.017729
0.003146
0.000005
0.000159
0.000304
0.000003
0.000001
0.000026
0.000060
0.000050
0.000001
0.000000
0.000001
0.000001
0.000000
0.000000
0.000000
0.000000
0.000000
0.000000
0.000000
0.000000
0.000000
0.000000
0.000000
0.000000
0.000000
0.000000
0.000000
0.000000
0.000000
0.000000
0.000000
0.000000
0.000000
0.000000
0.000000
0.000000
0.000000
0.000000
0.000000
0.000000
