0.947628	0.046721	0.002356	0.001146	0.000544	0.000141	0.000673	0.000114	0.000573	0.000040	0.000008	0.000038	0.000011	0.000006	0.000000	0.000000	0.000000	0.000000	0.000000	0.000000	0.000000	0.000000	0.000000	0.000000	0.000000	0.000000	0.000000	0.000000	0.000000	0.000000	0.000000	0.000000	0.000000	0.000000	0.000000	0.000000	0.000000	0.000000	0.000000	0.000000	0.000000	0.000000	0.000000	0.000000
0.947628	0.046721	0.002356	0.001146	0.000544	0.000141	0.000673	0.000114	0.000573	0.000040	0.000008	0.000038	0.000011	0.000006	0.000000	0.000000	0.000000	0.000000	0.000000	0.000000	0.000000	0.000000	0.000000	0.000000	0.000000	0.000000	0.000000	0.000000	0.000000	0.000000	0.000000	0.000000	0.000000	0.000000	0.000000	0.000000	0.000000	0.000000	0.000000	0.000000	0.000000	0.000000	0.000000	0.000000
0.986118	0.005734	0.003318	0.000172	0.000641	0.000177	0.000044	0.001830	0.000389	0.000293	0.000060	0.000268	0.000102	0.000412	0.000092	0.000022	0.000107	0.000141	0.000071	0.000001	0.000001	0.000003	0.000001	0.000001	0.000002	0.000000	0.000000	0.000000	0.000000	0.000000	0.000000	0.000000	0.000000	0.000000	0.000000	0.000000	0.000000	0.000000	0.000000	0.000000	0.000000	0.000000	0.000000	0.000000
0.978814	0.011414	0.002602	0.000466	0.001217	0.000016	0.000020	0.001680	0.001184	0.000324	0.000212	0.000033	0.001523	0.000152	0.000184	0.000084	0.000022	0.000042	0.000005	0.000000	0.000003	0.000000	0.000001	0.000000	0.000000	0.000001	0.000000	0.000000	0.000000	0.000000	0.000000	0.000000	0.000000	0.000000	0.000000	0.000000	0.000000	0.000000	0.000000	0.000000	0.000000	0.000000	0.000000	0.000000
0.982829	0.009243	0.002351	0.000244	0.001258	0.000006	0.000030	0.001856	0.000752	0.000303	0.000270	0.000209	0.000401	0.000102	0.000009	0.000007	0.000018	0.000007	0.000020	0.000074	0.000010	0.000000	0.000000	0.000002	0.000000	0.000000	0.000000	0.000000	0.000000	0.000000	0.000000	0.000000	0.000000	0.000000	0.000000	0.000000	0.000000	0.000000	0.000000	0.000000	0.000000	0.000000	0.000000	0.000000
0.984044	0.009897	0.002144	0.000341	0.000610	0.000184	0.000143	0.001641	0.000143	0.000193	0.000014	0.000104	0.000311	0.000002	0.000026	0.000019	0.000029	0.000049	0.000006	0.000092	0.000003	0.000000	0.000000	0.000003	0.000000	0.000000	0.000000	0.000000	0.000000	0.000000	0.000000	0.000000	0.000000	0.000000	0.000000	0.000000	0.000000	0.000000	0.000000	0.000000	0.000000	0.000000	0.000000	0.000000
0.916956	0.015866	0.003504	0.001390	0.002858	0.001669	0.007680	0.000189	0.039757	0.000147	0.001292	0.007147	0.001411	0.000096	0.000010	0.000005	0.000000	0.000002	0.000009	0.000003	0.000005	0.000000	0.000002	0.000000	0.000001	0.000001	0.000000	0.000000	0.000000	0.000000	0.000000	0.000000	0.000000	0.000000	0.000000	0.000000	0.000000	0.000000	0.000000	0.000000	0.000000	0.000000	0.000000	0.000000
0.985632	0.007355	0.002117	0.000935	0.000414	0.000273	0.000499	0.000343	0.000793	0.000019	0.000016	0.000126	0.001138	0.000160	0.000025	0.000016	0.000050	0.000002	0.000055	0.000026	0.000004	0.000001	0.000000	0.000001	0.000000	0.000000	0.000000	0.000000	0.000000	0.000000	0.000000	0.000000	0.000000	0.000000	0.000000	0.000000	0.000000	0.000000	0.000000	0.000000	0.000000	0.000000	0.000000	0.000000
0.933049	0.016873	0.003227	0.000216	0.003508	0.002067	0.005412	0.000321	0.027863	0.000000	0.001414	0.005279	0.000027	0.000641	0.000008	0.000000	0.000019	0.000012	0.000041	0.000016	0.000000	0.000002	0.000003	0.000001	0.000001	0.000000	0.000000	0.000000	0.000000	0.000000	0.000000	0.000000	0.000000	0.000000	0.000000	0.000000	0.000000	0.000000	0.000000	0.000000	0.000000	0.000000	0.000000	0.000000
0.928619	0.061621	0.001971	0.000324	0.002021	0.001676	0.002290	0.000038	0.000771	0.000168	0.000159	0.000271	0.000003	0.000051	0.000007	0.000002	0.000002	0.000004	0.000000	0.000000	0.000000	0.000000	0.000000	0.000000	0.000000	0.000000	0.000000	0.000000	0.000000	0.000000	0.000000	0.000000	0.000000	0.000000	0.000000	0.000000	0.000000	0.000000	0.000000	0.000000	0.000000	0.000000	0.000000	0.000000
0.016771	0.045447	0.205181	0.094644	0.228935	0.324696	0.009737	0.022536	0.018036	0.000783	0.030542	0.000013	0.002277	0.000021	0.000111	0.000146	0.000098	0.000011	0.000008	0.000006	0.000001	0.000001	0.000000	0.000000	0.000000	0.000000	0.000000	0.000000	0.000000	0.000000	0.000000	0.000000	0.000000	0.000000	0.000000	0.000000	0.000000	0.000000	0.000000	0.000000	0.000000	0.000000	0.000000	0.000000
0.785862	0.106833	0.008909	0.012419	0.071073	0.012022	0.001677	0.000015	0.000113	0.000182	0.000434	0.000157	0.000245	0.000002	0.000014	0.000023	0.000010	0.000003	0.000000	0.000004	0.000001	0.000000	0.000001	0.000001	0.000000	0.000000	0.000000	0.000000	0.000000	0.000000	0.000000	0.000000	0.000000	0.000000	0.000000	0.000000	0.000000	0.000000	0.000000	0.000000	0.000000	0.000000	0.000000	0.000000
0.605463	0.139178	0.022103	0.018101	0.148576	0.033582	0.007147	0.005798	0.014910	0.000092	0.004353	0.000680	0.000003	0.000003	0.000001	0.000000	0.000000	0.000000	0.000002	0.000003	0.000002	0.000000	0.000001	0.000002	0.000000	0.000000	0.000000	0.000000	0.000000	0.000000	0.000000	0.000000	0.000000	0.000000	0.000000	0.000000	0.000000	0.000000	0.000000	0.000000	0.000000	0.000000	0.000000	0.000000
0.703642	0.137817	0.011775	0.006383	0.001165	0.008044	0.007388	0.006131	0.057293	0.001679	0.038721	0.017798	0.001643	0.000004	0.000096	0.000301	0.000052	0.000006	0.000044	0.000001	0.000003	0.000000	0.000003	0.000008	0.000000	0.000001	0.000000	0.000000	0.000000	0.000000	0.000000	0.000000	0.000000	0.000000	0.000000	0.000000	0.000000	0.000000	0.000000	0.000000	0.000000	0.000000	0.000000	0.000000
0.577402	0.283128	0.035872	0.102719	0.000491	0.000001	0.000036	0.000317	0.000004	0.000028	0.000003	0.000000	0.000000	0.000000	0.000000	0.000000	0.000000	0.000000	0.000000	0.000000	0.000000	0.000000	0.000000	0.000000	0.000000	0.000000	0.000000	0.000000	0.000000	0.000000	0.000000	0.000000	0.000000	0.000000	0.000000	0.000000	0.000000	0.000000	0.000000	0.000000	0.000000	0.000000	0.000000	0.000000
0.157599	0.093585	0.030083	0.008720	0.327942	0.379569	0.000809	0.000001	0.001523	0.000020	0.000083	0.000014	0.000043	0.000001	0.000002	0.000004	0.000002	0.000000	0.000000	0.000000	0.000000	0.000000	0.000000	0.000000	0.000000	0.000000	0.000000	0.000000	0.000000	0.000000	0.000000	0.000000	0.000000	0.000000	0.000000	0.000000	0.000000	0.000000	0.000000	0.000000	0.000000	0.000000	0.000000	0.000000
0.087881	0.005031	0.837334	0.047438	0.004978	0.015339	0.001926	0.000027	0.000005	0.000034	0.000000	0.000006	0.000000	0.000000	0.000000	0.000000	0.000000	0.000000	0.000000	0.000000	0.000000	0.000000	0.000000	0.000000	0.000000	0.000000	0.000000	0.000000	0.000000	0.000000	0.000000	0.000000	0.000000	0.000000	0.000000	0.000000	0.000000	0.000000	0.000000	0.000000	0.000000	0.000000	0.000000	0.000000
0.503218	0.321638	0.004642	0.124740	0.002411	0.004300	0.037947	0.000049	0.000625	0.000195	0.000055	0.000169	0.000006	0.000003	0.000000	0.000000	0.000000	0.000000	0.000000	0.000000	0.000000	0.000000	0.000000	0.000000	0.000000	0.000000	0.000000	0.000000	0.000000	0.000000	0.000000	0.000000	0.000000	0.000000	0.000000	0.000000	0.000000	0.000000	0.000000	0.000000	0.000000	0.000000	0.000000	0.000000
0.275272	0.494263	0.024307	0.110910	0.000068	0.000481	0.091804	0.000252	0.002461	0.000012	0.000057	0.000061	0.000003	0.000000	0.000005	0.000008	0.000002	0.000000	0.000006	0.000000	0.000002	0.000024	0.000001	0.000000	0.000000	0.000000	0.000000	0.000000	0.000000	0.000000	0.000000	0.000000	0.000000	0.000000	0.000000	0.000000	0.000000	0.000000	0.000000	0.000000	0.000000	0.000000	0.000000	0.000000
0.249358	0.495275	0.026150	0.130105	0.000105	0.000326	0.096583	0.000288	0.001678	0.000000	0.000027	0.000017	0.000022	0.000005	0.000009	0.000016	0.000001	0.000000	0.000007	0.000001	0.000003	0.000024	0.000000	0.000000	0.000000	0.000000	0.000000	0.000000	0.000000	0.000000	0.000000	0.000000	0.000000	0.000000	0.000000	0.000000	0.000000	0.000000	0.000000	0.000000	0.000000	0.000000	0.000000	0.000000
0.983300	0.003990	0.004279	0.001526	0.000801	0.000040	0.000114	0.003870	0.000008	0.000263	0.000002	0.000184	0.000143	0.000740	0.000448	0.000025	0.000068	0.000185	0.000009	0.000004	0.000001	0.000001	0.000000	0.000000	0.000000	0.000000	0.000000	0.000000	0.000000	0.000000	0.000000	0.000000	0.000000	0.000000	0.000000	0.000000	0.000000	0.000000	0.000000	0.000000	0.000000	0.000000	0.000000	0.000000
0.985286	0.008497	0.001356	0.000396	0.001132	0.000000	0.000131	0.001966	0.000216	0.000150	0.000086	0.000598	0.000010	0.000006	0.000007	0.000077	0.000002	0.000002	0.000003	0.000002	0.000061	0.000004	0.000000	0.000013	0.000000	0.000000	0.000000	0.000000	0.000000	0.000000	0.000000	0.000000	0.000000	0.000000	0.000000	0.000000	0.000000	0.000000	0.000000	0.000000	0.000000	0.000000	0.000000	0.000000
0.357862	0.216353	0.005515	0.035786	0.003677	0.011243	0.033374	0.024327	0.003699	0.304243	0.000551	0.002796	0.000440	0.000104	0.000006	0.000002	0.000002	0.000016	0.000002	0.000000	0.000000	0.000000	0.000002	0.000000	0.000000	0.000000	0.000000	0.000000	0.000000	0.000000	0.000000	0.000000	0.000000	0.000000	0.000000	0.000000	0.000000	0.000000	0.000000	0.000000	0.000000	0.000000	0.000000	0.000000
0.647740	0.015479	0.100417	0.000911	0.002874	0.020576	0.001442	0.119007	0.059010	0.002461	0.019857	0.009568	0.000125	0.000000	0.000005	0.000053	0.000298	0.000104	0.000018	0.000007	0.000019	0.000000	0.000004	0.000024	0.000002	0.000000	0.000000	0.000000	0.000000	0.000000	0.000000	0.000000	0.000000	0.000000	0.000000	0.000000	0.000000	0.000000	0.000000	0.000000	0.000000	0.000000	0.000000	0.000000
0.911736	0.010278	0.017483	0.011351	0.002416	0.006180	0.000600	0.005949	0.009859	0.002657	0.018935	0.002243	0.000018	0.000029	0.000000	0.000165	0.000074	0.000000	0.000005	0.000012	0.000000	0.000001	0.000000	0.000008	0.000001	0.000001	0.000000	0.000000	0.000000	0.000000	0.000000	0.000000	0.000000	0.000000	0.000000	0.000000	0.000000	0.000000	0.000000	0.000000	0.000000	0.000000	0.000000	0.000000
0.918960	0.008742	0.015352	0.012075	0.002246	0.006235	0.000964	0.004309	0.010095	0.001863	0.014983	0.003567	0.000150	0.000019	0.000055	0.000004	0.000300	0.000067	0.000000	0.000000	0.000007	0.000001	0.000001	0.000000	0.000004	0.000001	0.000000	0.000000	0.000000	0.000000	0.000000	0.000000	0.000000	0.000000	0.000000	0.000000	0.000000	0.000000	0.000000	0.000000	0.000000	0.000000	0.000000	0.000000
0.986527	0.007882	0.001978	0.000130	0.000614	0.000132	0.000124	0.001969	0.000037	0.000174	0.000018	0.000330	0.000000	0.000000	0.000046	0.000000	0.000003	0.000004	0.000002	0.000006	0.000000	0.000000	0.000005	0.000003	0.000015	0.000000	0.000000	0.000000	0.000000	0.000000	0.000000	0.000000	0.000000	0.000000	0.000000	0.000000	0.000000	0.000000	0.000000	0.000000	0.000000	0.000000	0.000000	0.000000
0.982364	0.009442	0.002284	0.000406	0.000737	0.000093	0.000061	0.002441	0.000127	0.000414	0.000000	0.001017	0.000033	0.000000	0.000083	0.000180	0.000287	0.000008	0.000012	0.000000	0.000003	0.000000	0.000002	0.000000	0.000004	0.000000	0.000000	0.000000	0.000000	0.000000	0.000000	0.000000	0.000000	0.000000	0.000000	0.000000	0.000000	0.000000	0.000000	0.000000	0.000000	0.000000	0.000000	0.000000
0.879004	0.005646	0.023974	0.011046	0.002080	0.001060	0.000290	0.070633	0.003192	0.000004	0.002507	0.000017	0.000113	0.000092	0.000144	0.000158	0.000011	0.000004	0.000011	0.000000	0.000003	0.000001	0.000007	0.000001	0.000000	0.000000	0.000000	0.000000	0.000000	0.000000	0.000000	0.000000	0.000000	0.000000	0.000000	0.000000	0.000000	0.000000	0.000000	0.000000	0.000000	0.000000	0.000000	0.000000
0.903589	0.001434	0.015212	0.012741	0.002749	0.000630	0.000033	0.057882	0.000960	0.000949	0.003182	0.000432	0.000014	0.000000	0.000043	0.000087	0.000011	0.000034	0.000010	0.000001	0.000001	0.000000	0.000005	0.000000	0.000000	0.000000	0.000000	0.000000	0.000000	0.000000	0.000000	0.000000	0.000000	0.000000	0.000000	0.000000	0.000000	0.000000	0.000000	0.000000	0.000000	0.000000	0.000000	0.000000
0.904174	0.000826	0.014637	0.010655	0.002722	0.000807	0.000033	0.060365	0.001161	0.000942	0.002936	0.000521	0.000023	0.000044	0.000038	0.000072	0.000013	0.000003	0.000004	0.000001	0.000005	0.000003	0.000009	0.000003	0.000001	0.000001	0.000000	0.000000	0.000000	0.000000	0.000000	0.000000	0.000000	0.000000	0.000000	0.000000	0.000000	0.000000	0.000000	0.000000	0.000000	0.000000	0.000000	0.000000
0.986325	0.007015	0.002025	0.000379	0.000646	0.000077	0.000163	0.002588	0.000086	0.000198	0.000050	0.000288	0.000001	0.000041	0.000020	0.000005	0.000007	0.000037	0.000018	0.000000	0.000008	0.000003	0.000018	0.000001	0.000001	0.000000	0.000000	0.000000	0.000000	0.000000	0.000000	0.000000	0.000000	0.000000	0.000000	0.000000	0.000000	0.000000	0.000000	0.000000	0.000000	0.000000	0.000000	0.000000
0.986206	0.005109	0.003812	0.000089	0.000171	0.000486	0.000015	0.002037	0.000085	0.001030	0.000022	0.000006	0.000170	0.000072	0.000352	0.000267	0.000009	0.000019	0.000033	0.000001	0.000006	0.000000	0.000000	0.000000	0.000000	0.000000	0.000000	0.000000	0.000000	0.000000	0.000000	0.000000	0.000000	0.000000	0.000000	0.000000	0.000000	0.000000	0.000000	0.000000	0.000000	0.000000	0.000000	0.000000
0.003024	0.000372	0.000003	0.000048	0.000181	0.001072	0.003456	0.000231	0.000514	0.000735	0.000000	0.000796	0.008882	0.000112	0.000634	0.000382	0.000693	0.006980	0.005036	0.003669	0.000788	0.000576	0.000042	0.001517	0.027392	0.030795	0.003867	0.016517	0.002327	0.121808	0.161166	0.442845	0.080329	0.070416	0.076690	0.051910	0.136214	0.825423	0.026657	0.006863	0.133677	0.429201	0.103915	0.001263
0.003024	0.000372	0.000003	0.000048	0.000181	0.001072	0.003456	0.000231	0.000514	0.000735	0.000000	0.000796	0.008882	0.000112	0.000634	0.000382	0.000693	0.006980	0.005036	0.003669	0.000788	0.000576	0.000042	0.001517	0.027392	0.030795	0.003867	0.016517	0.002327	0.121808	0.161166	0.442845	0.080329	0.070416	0.368878	0.263602	0.075996	0.117946	0.012947	0.122070	0.006409	0.410835	0.141855	0.271275
0.003024	0.000372	0.000003	0.000048	0.000181	0.001072	0.003456	0.000231	0.000514	0.000735	0.000000	0.000796	0.008882	0.000112	0.000634	0.000382	0.000693	0.006980	0.005036	0.003669	0.000788	0.000576	0.000042	0.001517	0.027392	0.030795	0.003867	0.016517	0.002327	0.121808	0.161166	0.442845	0.080329	0.070416	0.014110	0.236979	0.061497	0.081996	0.621726	0.065421	0.336226	0.020520	0.009474	0.343864
0.003024	0.000372	0.000003	0.000048	0.000181	0.001072	0.003456	0.000231	0.000514	0.000735	0.000000	0.000796	0.008882	0.000112	0.000634	0.000382	0.000693	0.006980	0.005036	0.003669	0.000788	0.000576	0.000042	0.001517	0.027392	0.030795	0.003867	0.016517	0.002327	0.121808	0.161166	0.442845	0.080329	0.070416	0.086432	0.433981	0.001859	0.214046	0.044150	0.455628	0.389349	0.131697	0.032750	0.001920
0.003024	0.000372	0.000003	0.000048	0.000181	0.001072	0.003456	0.000231	0.000514	0.000735	0.000000	0.000796	0.008882	0.000112	0.000634	0.000382	0.000693	0.006980	0.005036	0.003669	0.000788	0.000576	0.000042	0.001517	0.027392	0.030795	0.003867	0.016517	0.002327	0.121808	0.161166	0.442845	0.080329	0.070416	0.267756	0.078589	0.491410	0.266100	0.049208	0.131280	0.011590	0.039321	0.000013	0.456544
0.003024	0.000372	0.000003	0.000048	0.000181	0.001072	0.003456	0.000231	0.000514	0.000735	0.000000	0.000796	0.008882	0.000112	0.000634	0.000382	0.000693	0.006980	0.005036	0.003669	0.000788	0.000576	0.000042	0.001517	0.027392	0.030795	0.003867	0.016517	0.002327	0.121808	0.161166	0.442845	0.080329	0.070416	0.253626	0.003566	0.529116	0.017307	0.093136	0.039872	0.458450	0.016687	0.052695	0.327358
0.003024	0.000372	0.000003	0.000048	0.000181	0.001072	0.003456	0.000231	0.000514	0.000735	0.000000	0.000796	0.008882	0.000112	0.000634	0.000382	0.000693	0.006980	0.005036	0.003669	0.000788	0.000576	0.000042	0.001517	0.027392	0.030795	0.003867	0.016517	0.002327	0.121808	0.161166	0.442845	0.080329	0.070416	0.286256	0.138984	0.051136	0.024051	0.513307	0.088130	0.263987	0.001481	0.006723	0.417758
0.003024	0.000372	0.000003	0.000048	0.000181	0.001072	0.003456	0.000231	0.000514	0.000735	0.000000	0.000796	0.008882	0.000112	0.000634	0.000382	0.000693	0.006980	0.005036	0.003669	0.000788	0.000576	0.000042	0.001517	0.027392	0.030795	0.003867	0.016517	0.002327	0.121808	0.161166	0.442845	0.080329	0.070416	0.177121	0.108810	0.340309	0.045054	0.015815	0.434540	0.330989	0.023449	0.270582	0.045143
0.003024	0.000372	0.000003	0.000048	0.000181	0.001072	0.003456	0.000231	0.000514	0.000735	0.000000	0.000796	0.008882	0.000112	0.000634	0.000382	0.000693	0.006980	0.005036	0.003669	0.000788	0.000576	0.000042	0.001517	0.027392	0.030795	0.003867	0.016517	0.002327	0.121808	0.161166	0.442845	0.080329	0.070416	0.300095	0.088317	0.096338	0.331332	0.180883	0.385197	0.001785	0.292847	0.076804	0.038215
0.003024	0.000372	0.000003	0.000048	0.000181	0.001072	0.003456	0.000231	0.000514	0.000735	0.000000	0.000796	0.008882	0.000112	0.000634	0.000382	0.000693	0.006980	0.005036	0.003669	0.000788	0.000576	0.000042	0.001517	0.027392	0.030795	0.003867	0.016517	0.002327	0.121808	0.161166	0.442845	0.080329	0.070416	0.139950	0.415775	0.033975	0.000117	0.330454	0.212862	0.000248	0.499134	0.132083	0.027216
0.003024	0.000372	0.000003	0.000048	0.000181	0.001072	0.003456	0.000231	0.000514	0.000735	0.000000	0.000796	0.008882	0.000112	0.000634	0.000382	0.000693	0.006980	0.005036	0.003669	0.000788	0.000576	0.000042	0.001517	0.027392	0.030795	0.003867	0.016517	0.002327	0.121808	0.161166	0.442845	0.080329	0.070416	0.000081	0.150482	0.153144	0.047622	0.082711	0.029132	0.038285	0.105820	1.144100	0.040437
