38.095521
0.261575
-0.927559
0.007097
-0.145265
-0.384781
-0.106278
-0.070139
-0.019592
-0.060665
-0.027069
-0.066383
0.054173
0.067926
0.037079
0.000914
-0.025118
0.030177
-0.016054
-0.014828
-0.001009
-0.002987
-0.005157
0.001529
0.005315
0.001183
-0.003840
0.003769
0.001687
-0.001456
-0.000804
-0.001171
-0.000092
-0.000096
0.000038
-0.000030
-0.000004
0.000000
-0.000000
0.000000
0.000000
0.000000
-0.000000
0.000000
0.193551
3.961669
1.672462
0.024873
-0.146641
0.111198
-0.149517
0.309574
0.022678
-0.304673
-0.049450
-0.063126
-0.200617
0.072627
-0.047088
-0.026266
-0.050438
0.054331
0.018540
-0.042032
0.004540
-0.021397
-0.035911
0.008700
0.005464
-0.000696
-0.002331
-0.003141
-0.001702
-0.002936
0.000161
-0.000305
0.001145
-0.000152
-0.000003
0.000001
0.000003
0.000000
-0.000000
0.000000
0.000000
0.000000
-0.000000
0.000000
2.807002
-0.057654
-0.506561
2.334143
-1.755056
0.238012
-0.433719
0.200939
0.161571
0.090212
0.045373
0.142447
0.001095
-0.088426
-0.042475
-0.018679
0.051144
0.014533
0.011481
0.009035
-0.004912
-0.014492
0.008008
-0.010898
-0.009426
0.002472
0.002811
-0.002679
-0.000520
0.000823
0.001112
-0.000192
-0.000051
0.000073
-0.000072
0.000192
0.000006
0.000000
-0.000000
0.000000
0.000000
0.000000
-0.000000
0.000000
-2.967924
0.273879
-0.010100
0.090488
-0.068231
-0.121181
-0.153722
0.154607
-0.042951
-0.220619
-0.016146
-0.156725
0.009742
-0.055134
-0.106031
-0.046368
-0.054388
0.086339
0.067361
-0.020163
-0.028508
0.018809
-0.010465
-0.003158
0.005088
-0.001182
-0.000058
0.001032
0.001891
0.000146
-0.000226
0.000786
-0.000350
-0.000214
-0.000009
-0.000023
0.000000
0.000000
-0.000000
-0.000000
-0.000000
-0.000000
0.000000
-0.000000
-1.050290
-0.484763
-0.590340
0.611619
-0.501818
-0.078743
-0.588344
0.099169
-0.299881
-0.148969
0.021565
0.483495
-0.106278
-0.181790
0.157717
0.032501
0.004036
-0.044581
0.011869
0.038703
-0.104849
0.016086
-0.006080
-0.001662
-0.017025
0.022168
-0.001048
0.001037
0.001001
0.000403
0.001447
0.001445
0.000154
0.000017
0.000033
-0.000163
-0.000002
0.000000
-0.000000
0.000000
0.000000
0.000000
-0.000000
0.000000
-2.164453
-0.622262
-0.365484
1.379524
-0.880476
0.672197
0.760383
0.432423
0.462257
0.275047
0.323005
-0.126530
0.268885
0.185126
-0.023263
-0.007270
-0.096457
-0.015448
-0.022219
0.002045
0.048063
-0.009786
0.015735
0.020904
0.011975
-0.002802
-0.000562
0.000310
-0.002240
0.000660
-0.000853
0.001339
0.000102
0.000029
0.000034
-0.000162
-0.000002
0.000000
-0.000000
0.000000
0.000000
0.000000
-0.000000
0.000000
-1.077313
0.297254
-0.066631
0.302470
-0.241211
-0.347149
-0.491857
-0.315478
-0.008542
0.072837
-0.258759
-0.225155
-0.084787
-0.093651
-0.172445
-0.053994
0.132637
0.049573
-0.007684
-0.015793
0.018934
-0.011797
0.005498
-0.039996
0.005993
-0.013047
0.009527
-0.005368
-0.000129
0.000640
0.000724
-0.000320
0.000061
0.000823
0.000064
-0.000096
-0.000006
0.000000
-0.000000
0.000000
0.000000
0.000000
-0.000000
0.000000
-2.967924
0.273879
-0.010100
0.090488
-0.068231
-0.121181
-0.153722
0.154607
-0.042951
-0.220619
-0.016146
-0.156725
0.009742
-0.055134
-0.106031
-0.046368
-0.054388
0.086339
0.067361
-0.020163
-0.028508
0.018809
-0.010465
-0.003158
0.005088
-0.001182
-0.000058
0.001032
0.001891
0.000146
-0.000226
0.000786
-0.000350
-0.000214
-0.000009
-0.000023
0.000000
0.000000
-0.000000
-0.000000
0.000000
0.000000
-0.000000
0.000000
-1.661827
-0.352749
-0.310615
0.190113
-0.109083
-0.221457
-0.279297
-0.466895
0.030374
0.347738
-0.222784
-0.076377
-0.053162
-0.037947
-0.060386
-0.014847
0.178521
-0.046794
-0.086035
0.011749
0.032833
-0.024525
0.023381
-0.043910
0.005934
-0.012095
0.011420
-0.009248
-0.001574
0.002706
0.002050
0.000857
0.000099
-0.000796
-0.000029
-0.000066
0.000004
0.000000
-0.000000
0.000000
0.000000
0.000000
-0.000000
0.000000
-2.967924
0.273879
-0.010100
0.090488
-0.068231
-0.121181
-0.153722
0.154607
-0.042951
-0.220619
-0.016146
-0.156725
0.009742
-0.055134
-0.106031
-0.046368
-0.054388
0.086339
0.067361
-0.020163
-0.028508
0.018809
-0.010465
-0.003158
0.005088
-0.001182
-0.000058
0.001032
0.001891
0.000146
-0.000226
0.000786
-0.000350
-0.000214
-0.000009
-0.000023
0.000000
0.000000
0.000000
0.000000
0.000000
-0.000000
0.000000
0.000000
-2.774643
-0.377427
-0.332748
0.006264
0.016419
-0.121141
-0.111237
-0.078627
-0.106141
0.224407
-0.079037
-0.039470
0.041442
0.156538
0.050892
-0.021927
-0.024804
0.040811
-0.120486
-0.030952
-0.028980
0.116095
-0.021301
-0.032179
0.038841
0.019893
-0.041264
-0.012276
-0.007637
-0.002192
-0.006390
0.000564
0.000052
0.000093
-0.000037
0.000031
0.000004
0.000000
-0.000000
0.000000
0.000000
0.000000
-0.000000
0.000000
-0.892258
-0.531836
-0.733447
-0.200059
0.010269
-0.145703
-0.229715
-0.672404
-0.441607
-0.012202
0.131086
0.035072
-0.008850
0.536568
-0.165507
-0.020454
-0.045172
-0.028140
0.004271
0.091963
-0.031259
-0.023160
-0.006092
0.013325
-0.000462
0.015066
0.018714
0.010097
0.004010
-0.004514
-0.002486
0.002279
0.000081
0.000089
-0.000037
0.000031
0.000005
0.000000
-0.000000
0.000000
0.000000
0.000000
-0.000000
0.000000
-1.453155
-0.542516
-0.652106
-0.158474
0.038428
-0.162924
-0.063375
-0.389357
-0.427042
-0.048696
0.130936
0.281786
0.006984
0.198828
0.062176
-0.199278
-0.035721
0.037414
0.053104
-0.090159
0.080029
0.021594
0.030106
0.025076
-0.034020
-0.004098
-0.005584
-0.016873
-0.000245
0.011669
0.008301
-0.000685
0.000012
0.000023
-0.000001
-0.000003
-0.000000
0.000000
-0.000000
0.000000
0.000000
0.000000
-0.000000
0.000000
-2.333795
-0.502535
-0.491377
0.023797
0.111757
-0.118443
-0.183597
-0.182820
0.156624
0.124956
-0.040124
0.184902
-0.016327
0.071922
0.163387
-0.062673
-0.019304
-0.093779
0.137177
-0.040818
0.027007
-0.011724
0.001199
-0.047677
0.029148
-0.064375
-0.005026
0.013231
-0.003810
-0.008915
-0.010452
0.000071
0.000003
-0.000006
0.000001
0.000003
0.000000
0.000000
-0.000000
0.000000
0.000000
0.000000
-0.000000
0.000000
-2.451887
-0.305473
-0.430543
-0.084308
0.334082
-0.068434
0.119655
0.053645
-0.027585
0.198156
-0.535312
-0.211745
0.185090
-0.069461
0.250018
-0.190937
-0.106309
0.118215
-0.069995
0.014249
-0.046468
-0.060080
0.021864
0.017121
-0.031464
-0.004751
0.008804
0.009303
-0.002165
-0.000112
0.000208
0.001500
0.000090
0.000095
-0.000038
0.000030
0.000005
0.000000
-0.000000
0.000000
0.000000
0.000000
-0.000000
0.000000
4.477159
-3.762462
3.357641
-0.535330
-0.075996
0.148031
-0.002080
0.030123
0.132753
0.051692
0.009858
-0.010676
-0.016762
-0.050498
0.021048
0.031387
-0.142515
-0.082898
-0.011120
-0.036321
-0.025239
0.042559
0.002811
-0.035881
0.040978
-0.002976
0.045249
0.000268
0.000154
0.004903
0.007933
0.000583
0.000123
0.000095
-0.000038
0.000028
0.000004
0.000000
-0.000000
0.000000
0.000000
0.000000
-0.000000
0.000000
4.141939
-3.798733
3.464885
-0.497332
-0.037333
0.211107
0.015348
0.045013
0.089185
-0.011404
0.043229
-0.010943
-0.049071
-0.061124
-0.135745
-0.064958
0.017445
-0.076130
-0.002979
0.014946
-0.033466
-0.033552
0.014109
0.034575
-0.061544
-0.018084
-0.031372
-0.019212
-0.002507
-0.003856
-0.007935
0.000388
-0.000021
0.000004
0.000001
0.000002
0.000000
0.000000
-0.000000
0.000000
0.000000
0.000000
-0.000000
0.000000
-1.632639
-1.777692
0.893955
-2.159405
-1.918317
0.216559
0.084548
0.237050
0.023708
-0.059518
-0.040008
0.056574
0.018954
0.046117
0.097168
0.020814
0.162099
0.132802
0.029997
0.038275
0.059227
-0.006377
-0.013068
0.000353
0.015319
0.020026
-0.010265
0.015663
0.000703
0.000307
0.000800
0.000230
-0.000010
-0.000003
-0.000000
-0.000001
0.000000
0.000000
-0.000000
0.000000
0.000000
0.000000
-0.000000
0.000000
-3.343974
-0.412366
-0.289238
-0.036083
0.047667
-0.038884
0.028857
0.037962
0.003725
0.142560
0.020249
-0.012666
-0.021422
0.023785
-0.132286
0.012740
-0.057270
-0.081124
-0.055886
-0.014242
-0.022459
0.005293
-0.026590
-0.031334
-0.043346
-0.019810
-0.032389
0.039768
-0.001331
0.002965
0.011628
-0.002559
0.000032
-0.000026
0.000000
-0.000003
-0.000000
0.000000
-0.000000
0.000000
0.000000
0.000000
-0.000000
0.000000
1.257587
-2.252440
2.498611
1.743457
2.039591
0.155554
0.106373
-0.014880
0.032921
-0.137633
0.005264
0.122759
-0.053182
0.037069
0.057925
0.021332
0.126570
0.139966
0.022835
0.039700
0.057542
-0.003602
-0.010109
-0.000882
0.017487
0.022028
-0.009837
0.014707
0.000675
0.000512
0.001009
0.000180
-0.000011
-0.000003
-0.000000
-0.000001
0.000000
0.000000
-0.000000
0.000000
0.000000
0.000000
-0.000000
0.000000
-0.915133
-0.186771
-1.161939
-0.214831
0.139611
-0.896372
0.167897
-0.425923
0.895267
-0.314819
0.008296
-0.032228
-0.057856
0.005580
0.044550
0.156521
0.005202
-0.006777
0.024604
-0.008979
-0.004562
-0.009461
0.001709
0.026941
-0.010641
0.005504
-0.005303
-0.003927
-0.003076
0.003086
0.000846
-0.000475
-0.000043
0.000134
-0.000043
-0.000033
0.000032
0.000000
-0.000000
0.000000
0.000000
0.000000
0.000000
-0.000000
-2.276031
-0.406959
-0.189697
0.132150
0.044018
-0.189087
-0.234685
-0.161523
-0.106661
0.127603
-0.079871
-0.218800
0.065667
0.082981
0.089242
0.274097
0.018649
-0.014025
0.058646
-0.032019
-0.019322
-0.019326
-0.002062
0.030312
-0.004833
-0.001683
-0.007381
-0.005341
-0.003191
0.003753
0.001418
-0.000144
0.000086
0.000036
-0.000242
-0.000006
-0.000024
0.000000
-0.000000
0.000000
0.000000
0.000000
-0.000000
0.000000
-2.786861
-0.350565
-0.160680
0.125546
0.017618
-0.172276
-0.159546
-0.008255
-0.076248
0.019868
-0.034588
-0.137680
0.072029
0.045051
0.091350
0.247934
-0.045466
0.022140
0.002338
-0.015433
0.045323
0.031827
-0.017617
-0.032453
-0.068218
-0.003146
0.008642
-0.004681
0.005182
-0.001030
-0.001445
0.002353
0.000073
-0.000065
0.000247
0.000068
-0.000004
0.000000
-0.000000
0.000000
0.000000
0.000000
-0.000000
-0.000000
-3.040156
-0.432864
-0.285282
-0.015124
0.090707
-0.014067
-0.016305
-0.143287
-0.033064
0.162738
-0.024756
-0.084100
0.031889
0.035463
0.000865
0.019665
0.057161
-0.047968
0.042275
-0.009838
-0.081004
-0.045107
0.020659
0.057271
0.068452
0.002523
-0.014137
-0.001441
-0.009327
0.006333
0.004348
-0.000558
0.000037
-0.000073
0.000246
0.000069
-0.000004
0.000000
-0.000000
0.000000
0.000000
0.000000
-0.000000
-0.000000
-2.189273
-0.156117
-1.228448
-0.368535
0.159667
-0.704929
0.460872
-0.255686
0.998199
-0.387685
0.108136
0.180835
-0.085799
-0.076607
-0.042690
-0.121727
-0.019134
-0.003924
-0.049748
0.031488
-0.001189
0.015398
0.007850
-0.009007
-0.000410
0.008133
0.003932
0.000603
-0.000066
0.000113
0.000039
0.001550
0.000129
-0.000039
0.000005
0.000062
-0.000028
0.000000
-0.000000
0.000000
0.000000
0.000000
-0.000000
0.000000
2.923704
3.305033
0.975264
-0.505782
0.265928
-0.006770
0.448808
-0.427992
-0.238854
0.125526
0.166535
0.206428
0.407406
-0.278513
-0.070437
0.073205
-0.007501
0.032187
0.007161
0.034859
0.000161
-0.005336
0.023545
-0.010635
0.023447
-0.028310
-0.021534
-0.005164
0.010819
-0.001729
0.006359
0.002636
0.000104
0.000110
-0.000039
0.000027
0.000005
0.000000
-0.000000
0.000000
0.000000
0.000000
-0.000000
0.000000
-0.398050
3.317039
1.429408
-0.122877
0.008452
0.208545
0.034640
0.150516
0.049576
-0.029384
-0.022222
0.095881
-0.181677
0.117147
0.062989
0.020873
-0.001730
-0.045837
-0.060171
-0.014949
0.013286
-0.032428
-0.023018
0.001861
0.001820
-0.002695
0.002494
-0.004391
-0.004834
-0.002102
0.003291
0.000910
-0.000560
0.000071
0.000000
-0.000002
-0.000001
0.000000
-0.000000
-0.000000
0.000000
-0.000000
0.000000
0.000000
1.472928
3.343834
1.303030
-0.189969
0.226155
0.102927
0.087434
-0.227597
0.174856
0.348791
0.017954
-0.074705
0.275131
-0.071852
0.020492
-0.103728
0.087322
-0.089832
0.094691
0.066782
-0.006023
0.067168
-0.042607
0.009819
-0.037126
0.026793
0.020851
0.002990
-0.012635
0.003843
-0.003634
-0.001754
-0.000003
-0.000013
0.000001
0.000002
-0.000000
0.000000
-0.000000
0.000000
0.000000
0.000000
-0.000000
0.000000
-0.398050
3.317039
1.429408
-0.122877
0.008452
0.208545
0.034640
0.150516
0.049576
-0.029384
-0.022222
0.095881
-0.181677
0.117147
0.062989
0.020873
-0.001730
-0.045837
-0.060171
-0.014949
0.013286
-0.032428
-0.023018
0.001861
0.001820
-0.002695
0.002494
-0.004391
-0.004834
-0.002102
0.003291
0.000910
-0.000560
0.000071
0.000000
-0.000002
-0.000001
0.000000
-0.000000
0.000000
-0.000000
0.000000
-0.000000
-0.000000
-3.322237
-0.142487
-0.143949
-0.021940
0.069749
0.001328
0.048081
0.045495
0.003812
0.057745
0.014396
0.063256
0.039978
-0.012258
0.027711
-0.017079
-0.026657
-0.022091
-0.051627
0.017296
-0.004892
-0.037052
-0.096398
0.001089
0.018464
-0.013620
0.001783
-0.005387
0.021199
0.015258
-0.011245
-0.002126
-0.000050
0.000012
0.000004
0.000005
-0.000000
0.000000
-0.000000
0.000000
0.000000
0.000000
-0.000000
0.000000
-0.999249
2.733682
1.171384
-0.117139
-0.007539
0.213854
0.043022
0.121558
0.012971
-0.028637
0.029812
-0.060199
-0.172240
0.069619
0.026694
0.045984
0.005381
-0.014242
-0.014995
0.000663
-0.021757
0.032616
0.147274
-0.007850
-0.005759
0.008930
0.000553
0.013384
0.010706
0.007118
-0.009613
-0.001455
-0.000040
0.000011
0.000002
0.000003
-0.000000
0.000000
-0.000000
0.000000
0.000000
0.000000
-0.000000
0.000000
-2.462392
-0.456895
-0.458625
-0.272912
0.068213
-0.041784
0.363647
-0.206929
-0.456333
-0.163108
0.225841
0.249145
0.156234
-0.178165
-0.118578
0.103795
-0.058987
0.093676
-0.067868
-0.065549
0.007194
-0.054442
0.007992
-0.020877
-0.003440
0.017651
0.020558
0.006181
-0.018622
-0.000086
-0.010408
-0.001841
-0.000022
-0.000020
0.000001
0.000004
-0.000000
0.000000
-0.000000
0.000000
0.000000
0.000000
-0.000000
0.000000
6.642398
-0.420657
-3.092729
-0.701049
0.816072
1.498927
0.376035
0.303498
-0.011244
0.241388
-0.160138
0.027293
-0.293414
-0.141612
-0.102427
0.021402
0.016634
-0.045175
0.049746
-0.012040
0.015224
0.003476
-0.009094
-0.003824
-0.005155
0.011235
-0.002469
0.001941
-0.003451
0.006912
-0.002162
0.003307
0.000094
0.000103
-0.000040
0.000027
0.000005
0.000000
-0.000000
0.000000
0.000000
0.000000
-0.000000
0.000000
-1.282366
-0.677735
-0.676271
0.586187
-0.452035
0.603706
1.581076
-0.413660
-0.474949
-0.516571
-0.155736
-0.144372
-0.119834
0.006585
0.081811
0.002451
0.096841
-0.026957
-0.000670
0.016291
-0.040189
0.033877
-0.010358
-0.005564
-0.005324
-0.021565
0.008735
-0.007842
0.002871
-0.005795
0.002940
-0.002122
0.000004
-0.000008
0.000002
0.000003
-0.000000
0.000000
-0.000000
0.000000
0.000000
0.000000
-0.000000
0.000000
-1.364911
-0.246522
-0.631107
-0.307279
0.180374
-0.383880
0.168586
-0.006434
-0.034800
0.783663
0.533872
-0.076593
-0.399284
-0.120402
0.057022
0.003476
-0.087591
0.143720
0.019857
0.066468
-0.008019
-0.002282
0.000396
-0.000074
-0.002590
-0.007741
0.005500
-0.010548
0.001197
-0.006133
0.003176
-0.002243
0.000002
-0.000008
0.000002
0.000003
-0.000000
0.000000
-0.000000
0.000000
0.000000
0.000000
-0.000000
0.000000
-2.054208
-0.303576
-1.322038
-0.582729
0.610449
1.699928
-1.193129
-0.161841
0.327835
-0.416947
0.303028
-0.095562
0.194305
0.001156
0.065319
-0.005274
0.015715
0.026284
-0.052303
0.026604
-0.003516
0.003139
0.011432
0.000311
0.000560
-0.015625
0.005399
-0.007636
0.000812
-0.004960
0.003382
-0.002288
-0.000004
-0.000007
0.000002
0.000003
-0.000000
0.000000
-0.000000
0.000000
0.000000
0.000000
-0.000000
0.000000
-3.027166
-0.377549
-0.365462
-0.111813
0.160842
-0.005390
0.113407
-0.038792
-0.005353
0.059897
-0.080501
-0.092382
0.085188
-0.059133
0.025477
-0.052321
-0.061955
-0.137380
0.056163
-0.039168
0.025992
-0.059521
0.009258
-0.051755
0.007539
0.082352
-0.013884
-0.008358
0.011238
-0.009379
0.002506
-0.001564
-0.000033
-0.000001
0.000001
0.000005
-0.000000
0.000000
-0.000000
0.000000
0.000000
0.000000
-0.000000
0.000000
-2.481551
-0.324082
-0.291788
0.016263
0.058383
-0.055191
-0.134973
-0.115321
0.045228
0.312486
-0.077033
0.103395
-0.001961
-0.133104
-0.055253
-0.005073
0.084485
-0.028902
-0.053646
-0.107984
0.017335
0.045761
-0.012051
0.106903
0.001954
0.004515
0.019177
0.013624
0.011982
-0.011828
-0.001495
0.000023
-0.000011
-0.000016
0.000000
0.000003
0.000000
0.000000
-0.000000
0.000000
0.000000
0.000000
-0.000000
0.000000
-1.478918
-0.359599
-0.983284
-0.389198
0.563421
-0.345804
0.135570
1.032570
0.107161
0.114887
-0.544607
0.349727
0.170670
0.197674
-0.134300
0.077701
-0.000290
0.028201
0.016807
0.050463
-0.002958
0.014487
0.022405
-0.001098
0.000978
-0.014449
0.011017
-0.015116
0.000469
-0.003975
0.003115
-0.002665
-0.000000
-0.000007
0.000002
0.000003
-0.000000
0.000000
-0.000000
0.000000
0.000000
0.000000
-0.000000
0.000000
-0.118590
-0.415738
-1.058703
-0.272584
0.618188
-1.007410
0.020936
1.029952
-0.408540
-0.226247
0.562194
-0.218413
0.097731
-0.003709
0.065420
-0.072616
0.179817
-0.103471
-0.032687
-0.013340
-0.009030
-0.006810
0.004891
-0.009331
-0.002317
-0.007958
0.008042
0.000742
-0.000696
0.000329
0.000639
0.001376
0.000091
0.000093
-0.000038
0.000030
0.000004
0.000000
-0.000000
0.000000
0.000000
0.000000
-0.000000
0.000000
-1.676643
-0.319737
-0.419095
0.232665
-0.229049
-0.416256
-0.360997
0.040019
-0.474989
-0.323798
-0.197974
-0.130598
-0.097876
-0.251259
0.001630
0.010540
-0.162350
-0.121734
-0.027300
0.108302
0.120650
0.021868
0.011807
0.048406
0.026346
-0.004705
-0.007303
0.002307
-0.005788
0.000329
-0.001119
-0.000397
-0.000012
-0.000001
-0.000000
0.000001
0.000000
0.000000
-0.000000
0.000000
0.000000
0.000000
-0.000000
0.000000
0.000000
0.000000
0.000000
-0.000000
-0.000000
0.000000
0.000000
0.000000
0.000000
-0.000000
-0.000000
-0.000000
-0.000000
0.000000
-0.000000
-0.000000
-0.000000
0.000000
0.000000
-0.000000
-0.000000
0.000000
-0.000000
0.000000
-0.000000
-0.000000
-0.000000
0.000000
-0.000000
-0.000000
-0.000000
0.000000
-0.000000
-0.000000
-0.000000
-0.000000
-0.000000
0.000000
0.000000
-0.000000
0.000000
0.000000
-0.000000
0.000000
0.000000
0.000000
0.000000
-0.000000
-0.000000
0.000000
0.000000
0.000000
0.000000
-0.000000
-0.000000
-0.000000
-0.000000
0.000000
-0.000000
-0.000000
-0.000000
0.000000
0.000000
-0.000000
-0.000000
0.000000
-0.000000
0.000000
-0.000000
-0.000000
-0.000000
0.000000
-0.000000
-0.000000
-0.000000
0.000000
-0.000000
-0.000000
-0.000000
-0.000000
-0.000000
0.000000
0.000000
-0.000000
0.000000
0.000000
-0.000000
-0.000000
0.000000
0.000000
0.000000
-0.000000
-0.000000
0.000000
0.000000
0.000000
0.000000
-0.000000
-0.000000
-0.000000
-0.000000
0.000000
-0.000000
-0.000000
-0.000000
0.000000
0.000000
-0.000000
-0.000000
0.000000
-0.000000
0.000000
-0.000000
-0.000000
-0.000000
0.000000
-0.000000
-0.000000
-0.000000
0.000000
-0.000000
-0.000000
-0.000000
-0.000000
-0.000000
0.000000
0.000000
-0.000000
0.000000
0.000000
0.000000
-0.000000
