0.314922
0.583229
0.094716
0.002624
0.000209
0.001915
0.000320
0.000095
0.000020
0.000050
0.000107
0.000887
0.000007
0.000388
0.000005
0.000021
0.000031
0.000138
0.000023
0.000038
0.000003
0.000049
0.000146
0.000019
0.000009
0.000019
0.000001
0.000007
0.000001
0.000001
0.000000
0.000000
0.000000
0.000000
0.000000
0.000000
0.000000
0.000000
0.000000
0.000000
0.000000
0.000000
0.000000
0.000000
0.735319
0.020079
0.003556
0.126308
0.040688
0.035895
0.028338
0.004602
0.003241
0.000000
0.000813
0.000260
0.000400
0.000406
0.000003
0.000061
0.000001
0.000006
0.000007
0.000000
0.000004
0.000001
0.000001
0.000003
0.000002
0.000002
0.000000
0.000000
0.000000
0.000000
0.000000
0.000000
0.000000
0.000000
0.000000
0.000000
0.000000
0.000000
0.000000
0.000000
0.000000
0.000000
0.000000
0.000000
0.751834
0.216267
0.009052
0.005468
0.001380
0.003218
0.005433
0.000246
0.000046
0.003560
0.000123
0.000298
0.000845
0.000213
0.001492
0.000148
0.000051
0.000000
0.000040
0.000159
0.000001
0.000025
0.000003
0.000013
0.000051
0.000029
0.000001
0.000002
0.000000
0.000001
0.000000
0.000000
0.000000
0.000000
0.000000
0.000000
0.000000
0.000000
0.000000
0.000000
0.000000
0.000000
0.000000
0.000000
0.989667
0.003571
0.000392
0.000058
0.001607
0.001800
0.000031
0.001371
0.000940
0.000032
0.000096
0.000163
0.000000
0.000033
0.000042
0.000022
0.000001
0.000117
0.000004
0.000001
0.000004
0.000012
0.000017
0.000001
0.000017
0.000000
0.000000
0.000001
0.000001
0.000000
0.000000
0.000000
0.000000
0.000000
0.000000
0.000000
0.000000
0.000000
0.000000
0.000000
0.000000
0.000000
0.000000
0.000000
0.952522
0.019802
0.018840
0.000002
0.003055
0.000000
0.000458
0.000000
0.000306
0.000010
0.000111
0.000013
0.004093
0.000015
0.000173
0.000121
0.000014
0.000014
0.000402
0.000010
0.000010
0.000013
0.000003
0.000003
0.000000
0.000000
0.000000
0.000008
0.000003
0.000001
0.000000
0.000000
0.000000
0.000000
0.000000
0.000000
0.000000
0.000000
0.000000
0.000000
0.000000
0.000000
0.000000
0.000000
0.963238
0.008849
0.006777
0.006024
0.006454
0.002414
0.003765
0.000303
0.000048
0.000735
0.000001
0.000395
0.000003
0.000132
0.000022
0.000013
0.000386
0.000070
0.000034
0.000016
0.000002
0.000125
0.000042
0.000102
0.000010
0.000007
0.000024
0.000006
0.000000
0.000000
0.000001
0.000000
0.000000
0.000000
0.000000
0.000000
0.000000
0.000000
0.000000
0.000000
0.000000
0.000000
0.000000
0.000000
0.973628
0.007169
0.006630
0.001307
0.000509
0.003578
0.000292
0.003431
0.002584
0.000001
0.000138
0.000066
0.000000
0.000096
0.000060
0.000051
0.000056
0.000293
0.000011
0.000001
0.000023
0.000004
0.000000
0.000035
0.000025
0.000001
0.000003
0.000003
0.000001
0.000001
0.000001
0.000000
0.000000
0.000000
0.000000
0.000000
0.000000
0.000000
0.000000
0.000000
0.000000
0.000000
0.000000
0.000000
0.497287
0.435949
0.063687
0.000523
0.000991
0.000466
0.000076
0.000088
0.000001
0.000075
0.000107
0.000293
0.000002
0.000198
0.000019
0.000010
0.000008
0.000016
0.000023
0.000009
0.000020
0.000001
0.000130
0.000000
0.000001
0.000002
0.000003
0.000008
0.000001
0.000006
0.000000
0.000000
0.000000
0.000000
0.000000
0.000000
0.000000
0.000000
0.000000
0.000000
0.000000
0.000000
0.000000
0.000000
0.814950
0.082595
0.008769
0.022540
0.020257
0.012226
0.017317
0.006359
0.000676
0.009652
0.000356
0.002807
0.000000
0.001215
0.000006
0.000035
0.000100
0.000006
0.000114
0.000000
0.000001
0.000001
0.000001
0.000004
0.000004
0.000000
0.000005
0.000000
0.000001
0.000001
0.000000
0.000000
0.000000
0.000000
0.000000
0.000000
0.000000
0.000000
0.000000
0.000000
0.000000
0.000000
0.000000
0.000000
0.977713
0.004810
0.013054
0.000003
0.000044
0.000587
0.000661
0.001247
0.000004
0.000174
0.000267
0.000015
0.000067
0.000098
0.000008
0.000077
0.000512
0.000077
0.000000
0.000262
0.000195
0.000043
0.000003
0.000002
0.000059
0.000007
0.000004
0.000005
0.000001
0.000002
0.000000
0.000000
0.000000
0.000000
0.000000
0.000000
0.000000
0.000000
0.000000
0.000000
0.000000
0.000000
0.000000
0.000000
0.936679
0.041820
0.000408
0.009160
0.003016
0.000340
0.000609
0.000132
0.000000
0.003098
0.000297
0.000272
0.000001
0.000400
0.001889
0.000024
0.001126
0.000503
0.000055
0.000023
0.000017
0.000031
0.000002
0.000082
0.000008
0.000005
0.000003
0.000002
0.000000
0.000001
0.000000
0.000000
0.000000
0.000000
0.000000
0.000000
0.000000
0.000000
0.000000
0.000000
0.000000
0.000000
0.000000
0.000000
0.925831
0.005232
0.033088
0.004423
0.012739
0.002493
0.000934
0.000031
0.007967
0.005879
0.000254
0.000140
0.000201
0.000253
0.000182
0.000219
0.000000
0.000014
0.000004
0.000017
0.000018
0.000047
0.000008
0.000001
0.000002
0.000016
0.000008
0.000000
0.000000
0.000000
0.000000
0.000000
0.000000
0.000000
0.000000
0.000000
0.000000
0.000000
0.000000
0.000000
0.000000
0.000000
0.000000
0.000000
0.983024
0.012318
0.000769
0.000890
0.000001
0.000732
0.000217
0.000449
0.001215
0.000002
0.000129
0.000057
0.000010
0.000014
0.000024
0.000063
0.000003
0.000042
0.000000
0.000001
0.000005
0.000020
0.000013
0.000000
0.000002
0.000000
0.000000
0.000001
0.000000
0.000000
0.000000
0.000000
0.000000
0.000000
0.000000
0.000000
0.000000
0.000000
0.000000
0.000000
0.000000
0.000000
0.000000
0.000000
0.962399
0.016153
0.011416
0.000122
0.000376
0.000447
0.000601
0.000764
0.000278
0.002842
0.000247
0.000049
0.002579
0.000314
0.000003
0.000720
0.000172
0.000217
0.000032
0.000166
0.000011
0.000010
0.000011
0.000047
0.000007
0.000009
0.000002
0.000003
0.000000
0.000000
0.000000
0.000000
0.000000
0.000000
0.000000
0.000000
0.000000
0.000000
0.000000
0.000000
0.000000
0.000000
0.000000
0.000000
0.958462
0.001819
0.016608
0.001053
0.000477
0.000004
0.009187
0.004428
0.003811
0.000341
0.000837
0.000091
0.000015
0.000310
0.000528
0.001098
0.000563
0.000031
0.000037
0.000077
0.000105
0.000003
0.000027
0.000007
0.000073
0.000000
0.000005
0.000003
0.000000
0.000000
0.000001
0.000000
0.000000
0.000000
0.000000
0.000000
0.000000
0.000000
0.000000
0.000000
0.000000
0.000000
0.000000
0.000000
0.953707
0.025488
0.000031
0.000027
0.000456
0.000800
0.001103
0.004622
0.001815
0.000045
0.000544
0.004226
0.000044
0.005193
0.000389
0.000857
0.000300
0.000046
0.000179
0.000089
0.000017
0.000000
0.000017
0.000001
0.000002
0.000001
0.000000
0.000000
0.000000
0.000000
0.000000
0.000000
0.000000
0.000000
0.000000
0.000000
0.000000
0.000000
0.000000
0.000000
0.000000
0.000000
0.000000
0.000000
0.971985
0.015499
0.000453
0.000932
0.002252
0.002638
0.004115
0.000009
0.000001
0.000199
0.000033
0.000009
0.000890
0.000177
0.000045
0.000038
0.000040
0.000326
0.000182
0.000031
0.000001
0.000003
0.000032
0.000040
0.000042
0.000001
0.000017
0.000008
0.000001
0.000000
0.000000
0.000000
0.000000
0.000000
0.000000
0.000000
0.000000
0.000000
0.000000
0.000000
0.000000
0.000000
0.000000
0.000000
0.984499
0.000945
0.001670
0.000825
0.001789
0.001549
0.000000
0.000304
0.000323
0.005865
0.000070
0.000001
0.000052
0.001278
0.000056
0.000029
0.000355
0.000000
0.000067
0.000040
0.000101
0.000138
0.000012
0.000002
0.000012
0.000012
0.000002
0.000002
0.000001
0.000000
0.000001
0.000000
0.000000
0.000000
0.000000
0.000000
0.000000
0.000000
0.000000
0.000000
0.000000
0.000000
0.000000
0.000000
0.982802
0.001221
0.002310
0.006246
0.000427
0.000622
0.000748
0.000914
0.002213
0.000998
0.000472
0.000248
0.000000
0.000074
0.000125
0.000005
0.000049
0.000000
0.000101
0.000045
0.000160
0.000001
0.000047
0.000027
0.000088
0.000037
0.000013
0.000002
0.000001
0.000001
0.000003
0.000000
0.000000
0.000000
0.000000
0.000000
0.000000
0.000000
0.000000
0.000000
0.000000
0.000000
0.000000
0.000000
0.903342
0.086205
0.004947
0.001023
0.000218
0.000196
0.000122
0.000043
0.000162
0.000167
0.000811
0.000006
0.000916
0.000300
0.000068
0.000029
0.000000
0.001129
0.000002
0.000023
0.000104
0.000018
0.000096
0.000023
0.000025
0.000010
0.000003
0.000008
0.000003
0.000001
0.000000
0.000000
0.000000
0.000000
0.000000
0.000000
0.000000
0.000000
0.000000
0.000000
0.000000
0.000000
0.000000
0.000000
0.902052
0.081201
0.013237
0.000050
0.000006
0.000006
0.000595
0.000069
0.000000
0.000737
0.000040
0.000870
0.000039
0.000286
0.000240
0.000010
0.000026
0.000047
0.000105
0.000038
0.000076
0.000082
0.000031
0.000107
0.000000
0.000043
0.000002
0.000000
0.000000
0.000000
0.000004
0.000000
0.000000
0.000000
0.000000
0.000000
0.000000
0.000000
0.000000
0.000000
0.000000
0.000000
0.000000
0.000000
0.993096
0.001490
0.001279
0.000237
0.000971
0.000329
0.001012
0.000158
0.000034
0.001188
0.000023
0.000005
0.000000
0.000071
0.000000
0.000044
0.000005
0.000000
0.000016
0.000000
0.000011
0.000008
0.000001
0.000009
0.000009
0.000003
0.000001
0.000002
0.000000
0.000000
0.000000
0.000000
0.000000
0.000000
0.000000
0.000000
0.000000
0.000000
0.000000
0.000000
0.000000
0.000000
0.000000
0.000000
0.909208
0.005700
0.014624
0.009681
0.018809
0.014659
0.002549
0.001674
0.001078
0.000080
0.018898
0.000567
0.000833
0.000812
0.000015
0.000585
0.000152
0.000042
0.000017
0.000000
0.000003
0.000003
0.000005
0.000000
0.000002
0.000002
0.000003
0.000000
0.000000
0.000000
0.000000
0.000000
0.000000
0.000000
0.000000
0.000000
0.000000
0.000000
0.000000
0.000000
0.000000
0.000000
0.000000
0.000000
0.993627
0.003450
0.000942
0.000197
0.000132
0.000577
0.000002
0.000331
0.000427
0.000167
0.000033
0.000017
0.000005
0.000029
0.000011
0.000008
0.000004
0.000020
0.000001
0.000001
0.000007
0.000004
0.000007
0.000001
0.000000
0.000000
0.000000
0.000000
0.000000
0.000000
0.000000
0.000000
0.000000
0.000000
0.000000
0.000000
0.000000
0.000000
0.000000
0.000000
0.000000
0.000000
0.000000
0.000000
0.993426
0.005057
0.000473
0.000264
0.000000
0.000079
0.000011
0.000039
0.000049
0.000512
0.000003
0.000007
0.000002
0.000016
0.000032
0.000000
0.000006
0.000004
0.000001
0.000005
0.000001
0.000003
0.000003
0.000001
0.000004
0.000000
0.000000
0.000000
0.000000
0.000000
0.000000
0.000000
0.000000
0.000000
0.000000
0.000000
0.000000
0.000000
0.000000
0.000000
0.000000
0.000000
0.000000
0.000000
0.985652
0.005426
0.004222
0.000000
0.000064
0.000444
0.000830
0.000324
0.001672
0.000046
0.000115
0.000059
0.000053
0.000109
0.000156
0.000024
0.000233
0.000371
0.000066
0.000048
0.000003
0.000038
0.000004
0.000005
0.000000
0.000025
0.000003
0.000001
0.000007
0.000002
0.000001
0.000000
0.000000
0.000000
0.000000
0.000000
0.000000
0.000000
0.000000
0.000000
0.000000
0.000000
0.000000
0.000000
0.882349
0.001793
0.057692
0.009588
0.016191
0.000064
0.002268
0.017719
0.000061
0.000560
0.008588
0.000000
0.002540
0.000340
0.000004
0.000046
0.000021
0.000020
0.000106
0.000006
0.000000
0.000000
0.000032
0.000000
0.000000
0.000001
0.000006
0.000002
0.000002
0.000000
0.000001
0.000000
0.000000
0.000000
0.000000
0.000000
0.000000
0.000000
0.000000
0.000000
0.000000
0.000000
0.000000
0.000000
0.881626
0.021646
0.008344
0.012337
0.010276
0.001961
0.016639
0.002630
0.033893
0.007600
0.000048
0.002363
0.000085
0.000244
0.000130
0.000037
0.000045
0.000029
0.000041
0.000001
0.000011
0.000000
0.000002
0.000000
0.000009
0.000003
0.000001
0.000000
0.000000
0.000000
0.000000
0.000000
0.000000
0.000000
0.000000
0.000000
0.000000
0.000000
0.000000
0.000000
0.000000
0.000000
0.000000
0.000000
0.936315
0.030063
0.017446
0.002014
0.008196
0.000104
0.000001
0.000904
0.002688
0.001288
0.000038
0.000243
0.000430
0.000028
0.000022
0.000012
0.000023
0.000000
0.000002
0.000000
0.000019
0.000064
0.000020
0.000010
0.000008
0.000049
0.000008
0.000000
0.000003
0.000000
0.000001
0.000000
0.000000
0.000000
0.000000
0.000000
0.000000
0.000000
0.000000
0.000000
0.000000
0.000000
0.000000
0.000000
0.207935
0.312161
0.421908
0.017087
0.019511
0.002591
0.003812
0.004345
0.007655
0.001868
0.000355
0.000097
0.000022
0.000021
0.000018
0.000419
0.000002
0.000082
0.000052
0.000000
0.000001
0.000041
0.000000
0.000011
0.000000
0.000004
0.000001
0.000000
0.000001
0.000000
0.000000
0.000000
0.000000
0.000000
0.000000
0.000000
0.000000
0.000000
0.000000
0.000000
0.000000
0.000000
0.000000
0.000000
0.915724
0.040603
0.004277
0.002687
0.017115
0.004836
0.004377
0.001438
0.000775
0.001706
0.000420
0.002767
0.001198
0.000827
0.000508
0.000312
0.000291
0.000001
0.000000
0.000001
0.000001
0.000017
0.000051
0.000018
0.000006
0.000010
0.000032
0.000000
0.000001
0.000000
0.000001
0.000000
0.000000
0.000000
0.000000
0.000000
0.000000
0.000000
0.000000
0.000000
0.000000
0.000000
0.000000
0.000000
0.935062
0.021398
0.005939
0.014176
0.008245
0.002940
0.003420
0.002056
0.000653
0.000566
0.000700
0.001312
0.000153
0.001775
0.000476
0.000199
0.000507
0.000151
0.000095
0.000003
0.000144
0.000000
0.000001
0.000018
0.000001
0.000005
0.000005
0.000001
0.000001
0.000000
0.000000
0.000000
0.000000
0.000000
0.000000
0.000000
0.000000
0.000000
0.000000
0.000000
0.000000
0.000000
0.000000
0.000000
0.966552
0.019980
0.005912
0.000438
0.001492
0.000610
0.002185
0.000690
0.000000
0.000006
0.001156
0.000227
0.000053
0.000007
0.000052
0.000004
0.000011
0.000177
0.000015
0.000020
0.000301
0.000000
0.000013
0.000077
0.000002
0.000001
0.000001
0.000015
0.000000
0.000001
0.000003
0.000000
0.000000
0.000000
0.000000
0.000000
0.000000
0.000000
0.000000
0.000000
0.000000
0.000000
0.000000
0.000000
0.991571
0.000033
0.002787
0.000140
0.003343
0.000032
0.000957
0.000032
0.000167
0.000329
0.000421
0.000008
0.000078
0.000000
0.000013
0.000007
0.000011
0.000019
0.000009
0.000006
0.000000
0.000027
0.000002
0.000003
0.000001
0.000002
0.000001
0.000000
0.000000
0.000000
0.000000
0.000000
0.000000
0.000000
0.000000
0.000000
0.000000
0.000000
0.000000
0.000000
0.000000
0.000000
0.000000
0.000000
0.725997
0.000726
0.111783
0.007986
0.007368
0.107711
0.034959
0.000416
0.000468
0.001213
0.001185
0.000033
0.000054
0.000013
0.000017
0.000003
0.000038
0.000005
0.000001
0.000004
0.000004
0.000002
0.000001
0.000006
0.000004
0.000001
0.000003
0.000000
0.000000
0.000000
0.000000
0.000000
0.000000
0.000000
0.000000
0.000000
0.000000
0.000000
0.000000
0.000000
0.000000
0.000000
0.000000
0.000000
0.966254
0.021922
0.005713
0.001389
0.000363
0.000419
0.000018
0.000241
0.000085
0.000029
0.000067
0.000844
0.000021
0.000063
0.000654
0.001038
0.000143
0.000026
0.000061
0.000521
0.000009
0.000037
0.000011
0.000036
0.000030
0.000002
0.000000
0.000001
0.000000
0.000001
0.000001
0.000000
0.000000
0.000000
0.000000
0.000000
0.000000
0.000000
0.000000
0.000000
0.000000
0.000000
0.000000
0.000000
0.795603
0.033655
0.138121
0.002783
0.024474
0.000186
0.000360
0.000780
0.001599
0.001719
0.000004
0.000174
0.000299
0.000017
0.000041
0.000014
0.000043
0.000000
0.000043
0.000010
0.000007
0.000025
0.000008
0.000005
0.000019
0.000001
0.000009
0.000002
0.000000
0.000001
0.000000
0.000000
0.000000
0.000000
0.000000
0.000000
0.000000
0.000000
0.000000
0.000000
0.000000
0.000000
0.000000
0.000000
0.907273
0.002361
0.049712
0.000273
0.000156
0.006337
0.000054
0.027243
0.000481
0.000106
0.000053
0.002279
0.001822
0.000287
0.000748
0.000171
0.000198
0.000066
0.000266
0.000005
0.000028
0.000002
0.000064
0.000010
0.000000
0.000002
0.000000
0.000003
0.000000
0.000000
0.000000
0.000000
0.000000
0.000000
0.000000
0.000000
0.000000
0.000000
0.000000
0.000000
0.000000
0.000000
0.000000
0.000000
0.991320
0.003997
0.001073
0.000494
0.000733
0.000132
0.000668
0.000007
0.000026
0.000212
0.000135
0.000068
0.000332
0.000043
0.000033
0.000213
0.000033
0.000053
0.000282
0.000019
0.000018
0.000014
0.000023
0.000000
0.000033
0.000027
0.000002
0.000006
0.000002
0.000000
0.000000
0.000000
0.000000
0.000000
0.000000
0.000000
0.000000
0.000000
0.000000
0.000000
0.000000
0.000000
0.000000
0.000000
0.961706
0.028729
0.001185
0.000082
0.002296
0.000017
0.000196
0.000933
0.000138
0.001535
0.000207
0.000812
0.001556
0.000250
0.000016
0.000103
0.000089
0.000018
0.000020
0.000002
0.000011
0.000013
0.000005
0.000016
0.000007
0.000020
0.000032
0.000001
0.000007
0.000000
0.000000
0.000000
0.000000
0.000000
0.000000
0.000000
0.000000
0.000000
0.000000
0.000000
0.000000
0.000000
0.000000
0.000000
0.952355
0.022000
0.005329
0.001190
0.004317
0.000820
0.000989
0.006374
0.000000
0.000000
0.001297
0.001131
0.001141
0.001723
0.000002
0.000257
0.000154
0.000626
0.000005
0.000001
0.000006
0.000127
0.000058
0.000051
0.000007
0.000035
0.000005
0.000000
0.000000
0.000001
0.000000
0.000000
0.000000
0.000000
0.000000
0.000000
0.000000
0.000000
0.000000
0.000000
0.000000
0.000000
0.000000
0.000000
0.931907
0.008271
0.051730
0.001439
0.005355
0.000028
0.000002
0.000499
0.000372
0.000155
0.000003
0.000111
0.000006
0.000006
0.000002
0.000018
0.000000
0.000001
0.000057
0.000001
0.000011
0.000010
0.000006
0.000004
0.000002
0.000003
0.000001
0.000000
0.000001
0.000000
0.000000
0.000000
0.000000
0.000000
0.000000
0.000000
0.000000
0.000000
0.000000
0.000000
0.000000
0.000000
0.000000
0.000000
0.381650
0.205142
0.181853
0.143224
0.077715
0.000872
0.000005
0.003808
0.004382
0.000677
0.000152
0.000126
0.000005
0.000052
0.000078
0.000102
0.000118
0.000017
0.000000
0.000019
0.000000
0.000000
0.000002
0.000001
0.000001
0.000000
0.000000
0.000000
0.000000
0.000000
0.000000
0.000000
0.000000
0.000000
0.000000
0.000000
0.000000
0.000000
0.000000
0.000000
0.000000
0.000000
0.000000
0.000000
0.975030
0.003961
0.015309
0.000341
0.004406
0.000037
0.000135
0.000138
0.000281
0.000206
0.000068
0.000026
0.000002
0.000002
0.000001
0.000009
0.000001
0.000005
0.000015
0.000001
0.000004
0.000016
0.000001
0.000004
0.000000
0.000000
0.000000
0.000000
0.000000
0.000000
0.000000
0.000000
0.000000
0.000000
0.000000
0.000000
0.000000
0.000000
0.000000
0.000000
0.000000
0.000000
0.000000
0.000000
