0.999721
0.000226
0.000028
0.000025
0.000000
0.000000
0.000000
0.000000
0.000000
0.000000
0.000000
0.000000
0.000000
0.000000
0.000000
0.000000
0.000000
0.000000
0.000000
0.000000
0.000000
0.000000
0.000000
0.000000
0.000000
0.000000
0.000000
0.000000
0.000000
0.000000
0.000000
0.000000
0.000000
0.000000
0.000000
0.000000
0.000000
0.000000
0.000000
0.000000
0.000000
0.000000
0.000000
0.000000
0.020028
0.923140
0.010815
0.044210
0.001225
0.000444
0.000004
0.000128
0.000005
0.000001
0.000000
0.000000
0.000000
0.000000
0.000000
0.000000
0.000000
0.000000
0.000000
0.000000
0.000000
0.000000
0.000000
0.000000
0.000000
0.000000
0.000000
0.000000
0.000000
0.000000
0.000000
0.000000
0.000000
0.000000
0.000000
0.000000
0.000000
0.000000
0.000000
0.000000
0.000000
0.000000
0.000000
0.000000
0.139491
0.800539
0.018635
0.039814
0.001202
0.000205
0.000014
0.000092
0.000006
0.000001
0.000000
0.000000
0.000000
0.000000
0.000000
0.000000
0.000000
0.000000
0.000000
0.000000
0.000000
0.000000
0.000000
0.000000
0.000000
0.000000
0.000000
0.000000
0.000000
0.000000
0.000000
0.000000
0.000000
0.000000
0.000000
0.000000
0.000000
0.000000
0.000000
0.000000
0.000000
0.000000
0.000000
0.000000
0.761065
0.028158
0.146451
0.050931
0.012172
0.000699
0.000378
0.000073
0.000071
0.000002
0.000000
0.000000
0.000000
0.000000
0.000000
0.000000
0.000000
0.000000
0.000000
0.000000
0.000000
0.000000
0.000000
0.000000
0.000000
0.000000
0.000000
0.000000
0.000000
0.000000
0.000000
0.000000
0.000000
0.000000
0.000000
0.000000
0.000000
0.000000
0.000000
0.000000
0.000000
0.000000
0.000000
0.000000
0.814328
0.026616
0.131512
0.019458
0.006003
0.000695
0.000552
0.000105
0.000714
0.000018
0.000000
0.000000
0.000000
0.000000
0.000000
0.000000
0.000000
0.000000
0.000000
0.000000
0.000000
0.000000
0.000000
0.000000
0.000000
0.000000
0.000000
0.000000
0.000000
0.000000
0.000000
0.000000
0.000000
0.000000
0.000000
0.000000
0.000000
0.000000
0.000000
0.000000
0.000000
0.000000
0.000000
0.000000
0.958151
0.015366
0.006627
0.018073
0.000995
0.000143
0.000011
0.000037
0.000574
0.000023
0.000000
0.000000
0.000000
0.000000
0.000000
0.000000
0.000000
0.000000
0.000000
0.000000
0.000000
0.000000
0.000000
0.000000
0.000000
0.000000
0.000000
0.000000
0.000000
0.000000
0.000000
0.000000
0.000000
0.000000
0.000000
0.000000
0.000000
0.000000
0.000000
0.000000
0.000000
0.000000
0.000000
0.000000
0.955882
0.014340
0.006292
0.022312
0.000690
0.000067
0.000040
0.000322
0.000015
0.000038
0.000000
0.000000
0.000000
0.000000
0.000000
0.000000
0.000000
0.000000
0.000000
0.000000
0.000000
0.000000
0.000000
0.000000
0.000000
0.000000
0.000000
0.000000
0.000000
0.000000
0.000000
0.000000
0.000000
0.000000
0.000000
0.000000
0.000000
0.000000
0.000000
0.000000
0.000000
0.000000
0.000000
0.000000
0.849261
0.024226
0.110502
0.006690
0.007995
0.000489
0.000011
0.000241
0.000570
0.000014
0.000000
0.000000
0.000000
0.000000
0.000000
0.000000
0.000000
0.000000
0.000000
0.000000
0.000000
0.000000
0.000000
0.000000
0.000000
0.000000
0.000000
0.000000
0.000000
0.000000
0.000000
0.000000
0.000000
0.000000
0.000000
0.000000
0.000000
0.000000
0.000000
0.000000
0.000000
0.000000
0.000000
0.000000
0.299490
0.068775
0.566226
0.055750
0.000021
0.008698
0.000002
0.001036
0.000001
0.000002
0.000000
0.000000
0.000000
0.000000
0.000000
0.000000
0.000000
0.000000
0.000000
0.000000
0.000000
0.000000
0.000000
0.000000
0.000000
0.000000
0.000000
0.000000
0.000000
0.000000
0.000000
0.000000
0.000000
0.000000
0.000000
0.000000
0.000000
0.000000
0.000000
0.000000
0.000000
0.000000
0.000000
0.000000
0.434074
0.064354
0.466600
0.031281
0.000198
0.000249
0.000771
0.002472
0.000000
0.000002
0.000000
0.000000
0.000000
0.000000
0.000000
0.000000
0.000000
0.000000
0.000000
0.000000
0.000000
0.000000
0.000000
0.000000
0.000000
0.000000
0.000000
0.000000
0.000000
0.000000
0.000000
0.000000
0.000000
0.000000
0.000000
0.000000
0.000000
0.000000
0.000000
0.000000
0.000000
0.000000
0.000000
0.000000
0.864145
0.048058
0.064771
0.000098
0.003992
0.014038
0.004821
0.000026
0.000049
0.000000
0.000000
0.000000
0.000000
0.000000
0.000000
0.000000
0.000000
0.000000
0.000000
0.000000
0.000000
0.000000
0.000000
0.000000
0.000000
0.000000
0.000000
0.000000
0.000000
0.000000
0.000000
0.000000
0.000000
0.000000
0.000000
0.000000
0.000000
0.000000
0.000000
0.000000
0.000000
0.000000
0.000000
0.000000
0.942142
0.035102
0.002943
0.010377
0.000167
0.005031
0.003728
0.000408
0.000102
0.000000
0.000000
0.000000
0.000000
0.000000
0.000000
0.000000
0.000000
0.000000
0.000000
0.000000
0.000000
0.000000
0.000000
0.000000
0.000000
0.000000
0.000000
0.000000
0.000000
0.000000
0.000000
0.000000
0.000000
0.000000
0.000000
0.000000
0.000000
0.000000
0.000000
0.000000
0.000000
0.000000
0.000000
0.000000
0.957037
0.016526
0.002852
0.019064
0.000304
0.002814
0.000715
0.000583
0.000104
0.000001
0.000000
0.000000
0.000000
0.000000
0.000000
0.000000
0.000000
0.000000
0.000000
0.000000
0.000000
0.000000
0.000000
0.000000
0.000000
0.000000
0.000000
0.000000
0.000000
0.000000
0.000000
0.000000
0.000000
0.000000
0.000000
0.000000
0.000000
0.000000
0.000000
0.000000
0.000000
0.000000
0.000000
0.000000
0.000031
0.000669
0.000490
0.000025
0.000097
0.000147
0.000023
0.000365
0.000195
0.000045
0.001310
0.000092
0.016059
0.037558
0.306815
0.188892
0.113311
0.127182
0.035644
0.004391
0.003550
0.039837
0.015366
0.003395
0.016425
0.204147
0.081558
0.000000
0.000000
0.000000
0.000000
0.000000
0.000000
0.000000
0.000000
0.000000
0.000000
0.000000
0.000000
0.000000
0.000000
0.000000
0.000000
0.000176
0.000031
0.000669
0.000490
0.000025
0.000097
0.000147
0.000023
0.000365
0.000195
0.000045
0.001310
0.000092
0.016059
0.016353
0.004613
0.000141
0.000474
0.000026
0.001247
0.001034
0.000031
0.000307
0.009032
0.003373
0.002003
0.003187
0.000067
0.261301
0.649859
0.143010
0.000983
0.034121
0.024773
0.000629
0.000432
0.009360
0.000003
0.003848
0.000025
0.005696
0.001897
0.000244
0.000002
0.000176
0.000031
0.000669
0.000490
0.000025
0.000097
0.000147
0.000023
0.000365
0.000195
0.000045
0.001310
0.000092
0.016059
0.016353
0.004613
0.000141
0.000474
0.000026
0.001247
0.001034
0.000031
0.000307
0.009032
0.003373
0.002003
0.003187
0.000067
0.189429
0.009945
0.658645
0.043941
0.045109
0.053399
0.000127
0.009802
0.007749
0.067947
0.036961
0.000057
0.000816
0.001596
0.007663
0.003000
0.000176
0.000031
0.000669
0.000490
0.000025
0.000097
0.000147
0.000023
0.000365
0.000195
0.000045
0.001310
0.000092
0.016059
0.016353
0.004613
0.000141
0.000474
0.000026
0.001247
0.001034
0.000031
0.000307
0.009032
0.003373
0.002003
0.003187
0.000067
0.247855
0.045495
0.001345
0.360239
0.164088
0.275178
0.000321
0.000502
0.000002
0.029237
0.000679
0.003834
0.000009
0.005478
0.000467
0.001455
0.000176
0.000031
0.000669
0.000490
0.000025
0.000097
0.000147
0.000023
0.000365
0.000195
0.000045
0.001310
0.000092
0.016059
0.016353
0.004613
0.000141
0.000474
0.000026
0.001247
0.001034
0.000031
0.000307
0.009032
0.003373
0.002003
0.003187
0.000067
0.000275
0.173531
0.074759
0.018296
0.204061
0.001000
0.052846
0.250239
0.190649
0.086524
0.000184
0.025628
0.052336
0.000532
0.003560
0.001767
0.000176
0.000031
0.000669
0.000490
0.000025
0.000097
0.000147
0.000023
0.000365
0.000195
0.000045
0.001310
0.000092
0.016059
0.016353
0.004613
0.000141
0.000474
0.000026
0.001247
0.001034
0.000031
0.000307
0.009032
0.003373
0.002003
0.003187
0.000067
0.274917
0.148740
0.008166
0.054835
0.005765
0.296688
0.000057
0.005259
0.013271
0.262687
0.038172
0.000854
0.000004
0.006311
0.006412
0.014045
0.000176
0.000031
0.000669
0.000490
0.000025
0.000097
0.000147
0.000023
0.000365
0.000195
0.000045
0.001310
0.000092
0.016059
0.016353
0.004613
0.000141
0.000474
0.000026
0.001247
0.001034
0.000031
0.000307
0.009032
0.003373
0.002003
0.003187
0.000067
0.048179
0.114964
0.131489
0.334532
0.000704
0.016930
0.051954
0.123547
0.106965
0.004331
0.006665
0.001380
0.016953
0.008392
0.155077
0.014121
0.000176
0.000031
0.000669
0.000490
0.000025
0.000097
0.000147
0.000023
0.000365
0.000195
0.000045
0.001310
0.000092
0.016059
0.016353
0.004613
0.000141
0.000474
0.000026
0.001247
0.001034
0.000031
0.000307
0.009032
0.003373
0.002003
0.003187
0.000067
0.096053
0.002962
0.016849
0.178198
0.003574
0.335069
0.006987
0.196916
0.000047
0.084294
0.022194
0.047604
0.052980
0.040108
0.038259
0.014092
0.000176
0.000031
0.000669
0.000490
0.000025
0.000097
0.000147
0.000023
0.000365
0.000195
0.000045
0.001310
0.000092
0.016059
0.016353
0.004613
0.000141
0.000474
0.000026
0.001247
0.001034
0.000031
0.000307
0.009032
0.003373
0.002003
0.003187
0.000067
0.000040
0.009588
0.015721
0.035345
0.059507
0.015461
0.309686
0.077577
0.000205
0.000520
0.168829
0.010273
0.192153
0.051230
0.153942
0.036107
0.000176
0.000031
0.000669
0.000490
0.000025
0.000097
0.000147
0.000023
0.000365
0.000195
0.000045
0.001310
0.000092
0.016059
0.016353
0.004613
0.000141
0.000474
0.000026
0.001247
0.001034
0.000031
0.000307
0.009032
0.003373
0.002003
0.003187
0.000067
0.011519
0.012916
0.042310
0.061241
0.032946
0.056100
0.220292
0.105352
0.197441
0.032929
0.006481
0.103251
0.199135
0.029028
0.025225
0.000017
0.000176
0.000031
0.000669
0.000490
0.000025
0.000097
0.000147
0.000023
0.000365
0.000195
0.000045
0.001310
0.000092
0.016059
0.016353
0.004613
0.000141
0.000474
0.000026
0.001247
0.001034
0.000031
0.000307
0.009032
0.003373
0.002003
0.003187
0.000067
0.015470
0.028985
0.067175
0.001524
0.019970
0.001564
0.037228
0.026828
0.088870
0.000040
0.525589
0.036118
0.001340
0.252232
0.021132
0.012119
0.000176
0.000031
0.000669
0.000490
0.000025
0.000097
0.000147
0.000023
0.000365
0.000195
0.000045
0.001310
0.000092
0.016059
0.016353
0.004613
0.000141
0.000474
0.000026
0.001247
0.001034
0.000031
0.000307
0.009032
0.003373
0.002003
0.003187
0.000067
0.008468
0.004220
0.000214
0.004698
0.132423
0.014651
0.031871
0.005235
0.000022
0.106111
0.007322
0.040565
0.391632
0.057326
0.319396
0.012030
0.000176
0.000031
0.000669
0.000490
0.000025
0.000097
0.000147
0.000023
0.000365
0.000195
0.000045
0.001310
0.000092
0.016059
0.016353
0.004613
0.000141
0.000474
0.000026
0.001247
0.001034
0.000031
0.000307
0.009032
0.003373
0.002003
0.003187
0.000067
0.013446
0.002854
0.005673
0.000924
0.026709
0.008186
0.035484
0.060234
0.189366
0.258737
0.018970
0.250073
0.011355
0.217531
0.022953
0.013689
0.000176
0.000031
0.000669
0.000490
0.000025
0.000097
0.000147
0.000023
0.000365
0.000195
0.000045
0.001310
0.000092
0.016059
0.016353
0.004613
0.000141
0.000474
0.000026
0.001247
0.001034
0.000031
0.000307
0.009032
0.003373
0.002003
0.003187
0.000067
0.014829
0.009349
0.000573
0.007270
0.078092
0.035599
0.012305
0.160764
0.239692
0.134493
0.132314
0.151605
0.102577
0.038355
0.014713
0.003655
0.000176
0.000031
0.000669
0.000490
0.000025
0.000097
0.000147
0.000023
0.000365
0.000195
0.000045
0.001310
0.000092
0.016059
0.016353
0.004613
0.000141
0.000474
0.000026
0.001247
0.001034
0.000031
0.000307
0.009032
0.003373
0.002003
0.003187
0.000067
0.018596
0.002547
0.030018
0.009577
0.003197
0.000065
0.000023
0.013126
0.032358
0.132058
0.001878
0.036135
0.023671
0.441072
0.267325
0.124538
0.000176
0.000031
0.000669
0.000490
0.000025
0.000097
0.000147
0.000023
0.000365
0.000195
0.000045
0.001310
0.000092
0.016059
0.016353
0.004613
0.000141
0.000474
0.000026
0.001247
0.001034
0.000031
0.000307
0.009032
0.003373
0.002003
0.003187
0.000067
0.014750
0.000921
0.012404
0.000001
0.010043
0.000168
0.008530
0.033161
0.009089
0.008905
0.013467
0.011902
0.027499
0.001943
0.128593
0.854807
0.000176
0.000031
0.000669
0.000490
0.000025
0.000097
0.000147
0.000023
0.000365
0.000195
0.000045
0.001310
0.000092
0.016059
0.022899
0.001380
0.001357
0.003050
0.002322
0.008253
0.000170
0.000018
0.033462
0.047658
0.125172
0.092821
0.018953
0.008994
0.001406
0.000296
0.004194
0.056041
0.172735
0.031276
0.130283
0.024611
0.084608
0.005137
0.069932
0.130217
0.078737
0.011908
0.001966
0.008212
0.000176
0.000031
0.000669
0.000490
0.000025
0.000097
0.000147
0.000023
0.000365
0.000195
0.000045
0.001310
0.000092
0.016059
0.022899
0.001380
0.001357
0.003050
0.002322
0.008253
0.000170
0.000018
0.033462
0.047658
0.125172
0.092821
0.018953
0.008994
0.000134
0.000029
0.000019
0.000203
0.003003
0.002023
0.287882
0.024845
0.038856
0.000243
0.014795
0.324298
0.001417
0.009571
0.032178
0.072063
0.000176
0.000031
0.000669
0.000490
0.000025
0.000097
0.000147
0.000023
0.000365
0.000195
0.000045
0.001310
0.000092
0.016059
0.022899
0.001380
0.001357
0.003050
0.002322
0.008253
0.000170
0.000018
0.033462
0.047658
0.125172
0.092821
0.018953
0.008994
0.000673
0.000140
0.004777
0.049492
0.221291
0.049210
0.030835
0.098911
0.008790
0.003144
0.149060
0.043521
0.059028
0.042830
0.018236
0.031623
0.000176
0.000031
0.000669
0.000490
0.000025
0.000097
0.000147
0.000023
0.000365
0.000195
0.000045
0.001310
0.000092
0.016059
0.095496
0.002023
0.051936
0.018154
0.148499
0.002877
0.131544
0.290569
0.136392
0.097384
0.017247
0.117468
0.005126
0.063357
0.000000
0.000000
0.000000
0.000000
0.000000
0.000000
0.000000
0.000000
0.000000
0.000000
0.000000
0.000000
0.000000
0.000000
0.000000
0.000000
0.000176
0.000031
0.000669
0.000490
0.000025
0.000097
0.000147
0.000023
0.000365
0.000195
0.000045
0.001310
0.000092
0.016059
0.015708
0.000068
0.150272
0.020610
0.002285
0.000050
0.766411
0.008004
0.031158
0.002217
0.048905
0.011389
0.097609
0.023384
0.000000
0.000000
0.000000
0.000000
0.000000
0.000000
0.000000
0.000000
0.000000
0.000000
0.000000
0.000000
0.000000
0.000000
0.000000
0.000000
0.000176
0.000031
0.000669
0.000490
0.000025
0.000097
0.000147
0.000023
0.000365
0.000195
0.000045
0.001310
0.000092
0.016059
0.013155
0.060889
0.014020
0.075077
0.058011
0.239971
0.008451
0.002524
0.314727
0.000013
0.019475
0.070628
0.021928
0.279202
0.000000
0.000000
0.000000
0.000000
0.000000
0.000000
0.000000
0.000000
0.000000
0.000000
0.000000
0.000000
0.000000
0.000000
0.000000
0.000000
0.000176
0.000031
0.000669
0.000490
0.000025
0.000097
0.000147
0.000023
0.000365
0.000195
0.000045
0.001310
0.000092
0.016059
0.009743
0.002708
0.121219
0.007902
0.011267
0.410702
0.007579
0.040462
0.006932
0.229825
0.083883
0.057904
0.006109
0.181838
0.000000
0.000000
0.000000
0.000000
0.000000
0.000000
0.000000
0.000000
0.000000
0.000000
0.000000
0.000000
0.000000
0.000000
0.000000
0.000000
0.000176
0.000031
0.000669
0.000490
0.000025
0.000097
0.000147
0.000023
0.000365
0.000195
0.000045
0.001310
0.000092
0.016059
0.051256
0.035463
0.013249
0.032930
0.116544
0.004071
0.032476
0.072964
0.123022
0.018145
0.457043
0.188430
0.001452
0.031025
0.000000
0.000000
0.000000
0.000000
0.000000
0.000000
0.000000
0.000000
0.000000
0.000000
0.000000
0.000000
0.000000
0.000000
0.000000
0.000000
0.000176
0.000031
0.000669
0.000490
0.000025
0.000097
0.000147
0.000023
0.000365
0.000195
0.000045
0.001310
0.000092
0.016059
0.091792
0.002488
0.038631
0.047759
0.101705
0.117302
0.015339
0.237551
0.027792
0.054827
0.010247
0.004326
0.351471
0.076842
0.000000
0.000000
0.000000
0.000000
0.000000
0.000000
0.000000
0.000000
0.000000
0.000000
0.000000
0.000000
0.000000
0.000000
0.000000
0.000000
0.000176
0.000031
0.000669
0.000490
0.000025
0.000097
0.000147
0.000023
0.000365
0.000195
0.000045
0.001310
0.000092
0.016059
0.179795
0.031451
0.005532
0.119770
0.026479
0.000473
0.091705
0.085975
0.049558
0.013735
0.007703
0.227236
0.285769
0.052891
0.000000
0.000000
0.000000
0.000000
0.000000
0.000000
0.000000
0.000000
0.000000
0.000000
0.000000
0.000000
0.000000
0.000000
0.000000
0.000000
0.000176
0.000031
0.000669
0.000490
0.000025
0.000097
0.000147
0.000023
0.000365
0.000195
0.000045
0.001310
0.000092
0.016059
0.080899
0.007544
0.076900
0.044417
0.083510
0.009757
0.001822
0.046072
0.184331
0.057746
0.051296
0.191353
0.115718
0.226706
0.000000
0.000000
0.000000
0.000000
0.000000
0.000000
0.000000
0.000000
0.000000
0.000000
0.000000
0.000000
0.000000
0.000000
0.000000
0.000000
0.000176
0.000031
0.000669
0.000490
0.000025
0.000097
0.000147
0.000023
0.000365
0.000195
0.000045
0.001310
0.000092
0.016059
0.161970
0.014636
0.068854
0.007459
0.015159
0.126236
0.005023
0.184477
0.097025
0.364092
0.070869
0.002972
0.000018
0.059281
0.000000
0.000000
0.000000
0.000000
0.000000
0.000000
0.000000
0.000000
0.000000
0.000000
0.000000
0.000000
0.000000
0.000000
0.000000
0.000000
0.000176
0.000031
0.000669
0.000490
0.000025
0.000097
0.000147
0.000023
0.000365
0.000195
0.000045
0.001310
0.000092
0.016059
0.016611
0.065164
0.166150
0.004085
0.414209
0.210392
0.034369
0.099612
0.063752
0.075108
0.007372
0.001529
0.004343
0.015374
0.000000
0.000000
0.000000
0.000000
0.000000
0.000000
0.000000
0.000000
0.000000
0.000000
0.000000
0.000000
0.000000
0.000000
0.000000
0.000000
0.000176
0.000031
0.000669
0.000490
0.000025
0.000097
0.000147
0.000023
0.000365
0.000195
0.000045
0.001310
0.000092
0.016059
0.026388
0.599419
0.303853
0.086431
0.035685
0.000005
0.045255
0.012073
0.030397
0.000260
0.000042
0.018624
0.002549
0.017090
0.000000
0.000000
0.000000
0.000000
0.000000
0.000000
0.000000
0.000000
0.000000
0.000000
0.000000
0.000000
0.000000
0.000000
0.000000
0.000000
0.000176
0.000031
0.000669
0.000490
0.000025
0.000097
0.000147
0.000023
0.000365
0.000195
0.000045
0.001310
0.000092
0.016059
0.122977
0.015340
0.011653
0.623178
0.069444
0.016395
0.056960
0.132987
0.007428
0.010162
0.013758
0.000545
0.016431
0.080813
0.000000
0.000000
0.000000
0.000000
0.000000
0.000000
0.000000
0.000000
0.000000
0.000000
0.000000
0.000000
0.000000
0.000000
0.000000
0.000000
0.000176
