0.543267
0.456685
0.000048
0.000000
0.000000
0.000000
0.000000
0.000000
0.000000
0.000000
0.000000
0.000000
0.000000
0.000000
0.000000
0.000000
0.000000
0.000000
0.000000
0.000000
0.000000
0.000000
0.000000
0.000000
0.000000
0.000000
0.000000
0.000000
0.000000
0.000000
0.000000
0.000000
0.000000
0.000000
0.000000
0.000000
0.000000
0.000000
0.000000
0.000000
0.000000
0.000000
0.000000
0.000000
0.955436
0.041817
0.002747
0.000000
0.000000
0.000000
0.000000
0.000000
0.000000
0.000000
0.000000
0.000000
0.000000
0.000000
0.000000
0.000000
0.000000
0.000000
0.000000
0.000000
0.000000
0.000000
0.000000
0.000000
0.000000
0.000000
0.000000
0.000000
0.000000
0.000000
0.000000
0.000000
0.000000
0.000000
0.000000
0.000000
0.000000
0.000000
0.000000
0.000000
0.000000
0.000000
0.000000
0.000000
0.302650
0.581785
0.115564
0.000000
0.000000
0.000000
0.000000
0.000000
0.000000
0.000000
0.000000
0.000000
0.000000
0.000000
0.000000
0.000000
0.000000
0.000000
0.000000
0.000000
0.000000
0.000000
0.000000
0.000000
0.000000
0.000000
0.000000
0.000000
0.000000
0.000000
0.000000
0.000000
0.000000
0.000000
0.000000
0.000000
0.000000
0.000000
0.000000
0.000000
0.000000
0.000000
0.000000
0.000000
0.007377
0.640114
0.352510
0.000000
0.000000
0.000000
0.000000
0.000000
0.000000
0.000000
0.000000
0.000000
0.000000
0.000000
0.000000
0.000000
0.000000
0.000000
0.000000
0.000000
0.000000
0.000000
0.000000
0.000000
0.000000
0.000000
0.000000
0.000000
0.000000
0.000000
0.000000
0.000000
0.000000
0.000000
0.000000
0.000000
0.000000
0.000000
0.000000
0.000000
0.000000
0.000000
0.000000
0.000000
0.000001
0.000007
0.000000
0.000746
0.014826
0.000020
0.000015
0.001074
0.000018
0.000002
0.000009
0.000040
0.000000
0.000000
0.000000
0.000000
0.000000
0.000000
0.000000
0.000000
0.000000
0.000000
0.000000
0.000000
0.000000
0.000000
0.000000
0.000000
0.000000
0.000000
0.000000
0.000000
0.000000
0.000000
0.000000
0.000000
0.000000
0.000000
0.000000
0.000000
0.000000
0.000000
0.000000
0.000005
0.000001
0.000007
0.000000
0.000746
0.000016
0.000106
0.000035
0.000003
0.000009
0.000007
0.000001
0.000002
0.000019
0.011577
0.002549
0.001573
0.000030
0.000013
0.000014
0.000000
0.000038
0.000000
0.000005
0.000002
0.000001
0.000005
0.000000
0.000000
0.000000
0.000000
0.000000
0.000000
0.000000
0.000000
0.000000
0.000000
0.000000
0.000000
0.000000
0.000000
0.000000
0.000000
0.000000
0.000005
0.000001
0.000007
0.000000
0.000746
0.000016
0.000106
0.000035
0.000003
0.000009
0.000007
0.000001
0.000002
0.000019
0.002251
0.000593
0.012279
0.000097
0.000421
0.000007
0.000085
0.000061
0.000009
0.000000
0.000000
0.000003
0.000001
0.000000
0.000000
0.000000
0.000000
0.000000
0.000000
0.000000
0.000000
0.000000
0.000000
0.000000
0.000000
0.000000
0.000000
0.000000
0.000000
0.000000
0.000005
0.000001
0.000007
0.000000
0.000746
0.000016
0.000106
0.000035
0.000003
0.000009
0.000007
0.000001
0.000002
0.000019
0.000000
0.001497
0.001183
0.000770
0.009927
0.000216
0.001412
0.000719
0.000003
0.000049
0.000013
0.000002
0.000016
0.000000
0.000000
0.000000
0.000000
0.000000
0.000000
0.000000
0.000000
0.000000
0.000000
0.000000
0.000000
0.000000
0.000000
0.000000
0.000000
0.000000
0.000005
0.000001
0.000007
0.000000
0.000746
0.000016
0.000106
0.000035
0.000003
0.000009
0.000007
0.000001
0.000002
0.000019
0.000741
0.009544
0.000878
0.000035
0.003397
0.000964
0.000094
0.000124
0.000002
0.000007
0.000011
0.000001
0.000010
0.000000
0.000000
0.000000
0.000000
0.000000
0.000000
0.000000
0.000000
0.000000
0.000000
0.000000
0.000000
0.000000
0.000000
0.000000
0.000000
0.000000
0.000005
0.000001
0.000007
0.000000
0.000746
0.000016
0.000106
0.000035
0.000003
0.000009
0.000007
0.000001
0.000002
0.000019
0.000000
0.000584
0.000137
0.003688
0.000000
0.007250
0.003207
0.000624
0.000097
0.000164
0.000043
0.000007
0.000006
0.000000
0.000000
0.000000
0.000000
0.000000
0.000000
0.000000
0.000000
0.000000
0.000000
0.000000
0.000000
0.000000
0.000000
0.000000
0.000000
0.000000
0.000005
0.000001
0.000007
0.000000
0.000746
0.000016
0.000106
0.000035
0.000003
0.000009
0.000007
0.000001
0.000002
0.000019
0.000086
0.000040
0.000000
0.000007
0.000001
0.000022
0.000022
0.000002
0.001053
0.002860
0.000497
0.009828
0.001246
0.000144
0.000000
0.000000
0.000000
0.000000
0.000000
0.000000
0.000000
0.000000
0.000000
0.000000
0.000000
0.000000
0.000000
0.000000
0.000000
0.000000
0.000005
0.000001
0.000007
0.000000
0.000746
0.000016
0.000106
0.000035
0.000003
0.000009
0.000007
0.000001
0.000002
0.000019
0.000186
0.000143
0.000053
0.000130
0.000300
0.000394
0.000159
0.000017
0.000235
0.000708
0.004964
0.000052
0.008230
0.000236
0.000000
0.000000
0.000000
0.000000
0.000000
0.000000
0.000000
0.000000
0.000000
0.000000
0.000000
0.000000
0.000000
0.000000
0.000000
0.000000
0.000005
0.000001
0.000007
0.000000
0.000746
0.000016
0.000106
0.000035
0.000003
0.000009
0.000007
0.000001
0.000002
0.000019
0.000108
0.000062
0.000009
0.000223
0.000390
0.002799
0.003990
0.000700
0.000057
0.005305
0.000206
0.001808
0.000150
0.000000
0.000000
0.000000
0.000000
0.000000
0.000000
0.000000
0.000000
0.000000
0.000000
0.000000
0.000000
0.000000
0.000000
0.000000
0.000000
0.000000
0.000005
0.000001
0.000007
0.000000
0.000746
0.000016
0.000106
0.000035
0.000003
0.000009
0.000007
0.000001
0.000002
0.000019
0.000063
0.000043
0.000002
0.000001
0.000041
0.000521
0.000465
0.000301
0.001797
0.003643
0.006944
0.000411
0.001447
0.000129
0.000000
0.000000
0.000000
0.000000
0.000000
0.000000
0.000000
0.000000
0.000000
0.000000
0.000000
0.000000
0.000000
0.000000
0.000000
0.000000
0.000005
0.000001
0.000007
0.000000
0.000746
0.000016
0.000106
0.000035
0.000003
0.000009
0.000007
0.000001
0.000002
0.000019
0.000061
0.000032
0.000000
0.000003
0.000013
0.000000
0.000014
0.000042
0.000004
0.000001
0.000063
0.000050
0.000053
0.000150
0.001082
0.004970
0.004130
0.000458
0.000662
0.000423
0.000423
0.001538
0.001512
0.000002
0.000000
0.000000
0.000008
0.000007
0.000106
0.000000
0.000005
0.000001
0.000007
0.000000
0.000746
0.000016
0.000106
0.000035
0.000003
0.000009
0.000007
0.000001
0.000002
0.000019
0.000061
0.000032
0.000000
0.000003
0.000013
0.000000
0.000014
0.000042
0.000004
0.000001
0.000063
0.000050
0.000053
0.000150
0.001575
0.007939
0.001307
0.000586
0.000003
0.000003
0.000348
0.001537
0.001911
0.000001
0.000002
0.000000
0.000020
0.000001
0.000089
0.000000
0.000005
0.000001
0.000007
0.000000
0.000746
0.000016
0.000106
0.000035
0.000003
0.000009
0.000007
0.000001
0.000002
0.000019
0.000061
0.000032
0.000000
0.000003
0.000013
0.000000
0.000014
0.000042
0.000004
0.000001
0.000063
0.000050
0.000053
0.000150
0.000033
0.000031
0.005446
0.000002
0.004009
0.005174
0.000088
0.000355
0.000006
0.000006
0.000096
0.000002
0.000000
0.000053
0.000020
0.000000
0.000005
0.000001
0.000007
0.000000
0.000746
0.000016
0.000106
0.000035
0.000003
0.000009
0.000007
0.000001
0.000002
0.000019
0.000061
0.000032
0.000000
0.000003
0.000013
0.000000
0.000014
0.000042
0.000004
0.000001
0.000063
0.000050
0.000053
0.000150
0.000051
0.000207
0.002045
0.003806
0.000000
0.004952
0.001952
0.000355
0.001843
0.000071
0.000017
0.000003
0.000008
0.000001
0.000009
0.000000
0.000005
0.000001
0.000007
0.000000
0.000746
0.000016
0.000106
0.000035
0.000003
0.000009
0.000007
0.000001
0.000002
0.000019
0.000061
0.000032
0.000000
0.000003
0.000013
0.000000
0.000014
0.000042
0.000004
0.000001
0.000063
0.000050
0.000053
0.000150
0.000092
0.000414
0.002785
0.005681
0.005761
0.000007
0.000040
0.000093
0.000251
0.000035
0.000038
0.000004
0.000002
0.000046
0.000071
0.000000
0.000005
0.000001
0.000007
0.000000
0.000746
0.000016
0.000106
0.000035
0.000003
0.000009
0.000007
0.000001
0.000002
0.000019
0.000061
0.000032
0.000000
0.000003
0.000013
0.000000
0.000014
0.000042
0.000004
0.000001
0.000063
0.000050
0.000053
0.000150
0.000001
0.000000
0.000008
0.000889
0.000001
0.000088
0.009198
0.001032
0.003628
0.000004
0.000451
0.000002
0.000003
0.000016
0.000000
0.000000
0.000005
0.000001
0.000007
0.000000
0.000746
0.000016
0.000106
0.000035
0.000003
0.000009
0.000007
0.000001
0.000002
0.000019
0.000061
0.000032
0.000000
0.000003
0.000013
0.000000
0.000014
0.000042
0.000004
0.000001
0.000063
0.000050
0.000053
0.000150
0.000000
0.000010
0.000039
0.002348
0.001593
0.000867
0.000750
0.007364
0.000045
0.001475
0.000000
0.000140
0.000152
0.000395
0.000143
0.000000
0.000005
0.000001
0.000007
0.000000
0.000746
0.000016
0.000106
0.000035
0.000003
0.000009
0.000007
0.000001
0.000002
0.000019
0.000061
0.000032
0.000000
0.000003
0.000013
0.000000
0.000014
0.000042
0.000004
0.000001
0.000063
0.000050
0.000053
0.000150
0.000001
0.000004
0.000007
0.000026
0.000662
0.000273
0.000072
0.000384
0.000878
0.007154
0.003208
0.000812
0.000000
0.001437
0.000402
0.000000
0.000005
0.000001
0.000007
0.000000
0.000746
0.000016
0.000106
0.000035
0.000003
0.000009
0.000007
0.000001
0.000002
0.000019
0.000061
0.000032
0.000000
0.000003
0.000013
0.000000
0.000014
0.000042
0.000004
0.000001
0.000063
0.000050
0.000053
0.000150
0.000000
0.000000
0.000003
0.000114
0.000332
0.001382
0.001261
0.000510
0.001130
0.001573
0.002316
0.005855
0.000304
0.000256
0.000285
0.000000
0.000005
0.000001
0.000007
0.000000
0.000746
0.000016
0.000106
0.000035
0.000003
0.000009
0.000007
0.000001
0.000002
0.000019
0.000061
0.000032
0.000000
0.000003
0.000013
0.000000
0.000014
0.000042
0.000004
0.000001
0.000063
0.000050
0.000053
0.000150
0.000000
0.000002
0.000203
0.000867
0.000916
0.001121
0.000633
0.001029
0.000070
0.000170
0.001514
0.001130
0.000000
0.007528
0.000137
0.000000
0.000005
0.000001
0.000007
0.000000
0.000746
0.000016
0.000106
0.000035
0.000003
0.000009
0.000007
0.000001
0.000002
0.000019
0.000061
0.000032
0.000000
0.000003
0.000013
0.000000
0.000014
0.000042
0.000004
0.000001
0.000063
0.000050
0.000053
0.000150
0.000001
0.000003
0.000081
0.000237
0.000172
0.000007
0.000102
0.000066
0.000890
0.000007
0.000572
0.000335
0.010003
0.000931
0.001916
0.000000
0.000005
0.000001
0.000007
0.000000
0.000746
0.000016
0.000106
0.000035
0.000003
0.000009
0.000007
0.000001
0.000002
0.000019
0.000061
0.000032
0.000000
0.000003
0.000013
0.000000
0.000014
0.000042
0.000004
0.000001
0.000063
0.000050
0.000053
0.000150
0.000000
0.000000
0.000045
0.000017
0.000012
0.000220
0.000492
0.000124
0.002474
0.003086
0.000043
0.000690
0.004114
0.000032
0.003971
0.000001
0.000005
0.000001
0.000007
0.000000
0.000746
0.000016
0.000106
0.000035
0.000003
0.000009
0.000007
0.000001
0.000002
0.000019
0.000061
0.000032
0.000000
0.000003
0.000013
0.000000
0.000014
0.000042
0.000004
0.000001
0.000063
0.000050
0.000053
0.000150
0.000000
0.000001
0.000086
0.000217
0.000292
0.000243
0.000021
0.000557
0.001435
0.001402
0.006303
0.001464
0.000343
0.000025
0.002934
0.000000
0.000005
0.000001
0.000007
0.000000
0.000746
0.000016
0.000106
0.000035
0.000003
0.000009
0.000007
0.000001
0.000002
0.000019
0.000061
0.000032
0.000000
0.000003
0.000013
0.000000
0.000014
0.000042
0.000004
0.000001
0.000063
0.000050
0.000053
0.000150
0.000000
0.000001
0.000087
0.000247
0.000377
0.000148
0.000033
0.000115
0.000120
0.000188
0.000719
0.001990
0.000399
0.000599
0.002049
0.008249
0.000005
0.000001
0.000007
0.000000
0.000746
0.000016
0.000106
0.000035
0.000003
0.000009
0.000007
0.000001
0.000002
0.000019
0.000061
0.000032
0.000000
0.000003
0.000013
0.000000
0.000014
0.000042
0.000004
0.000001
0.000063
0.000050
0.000053
0.000150
0.000000
0.000001
0.000088
0.000249
0.000383
0.000153
0.000035
0.000119
0.000115
0.000195
0.000739
0.001959
0.000383
0.000576
0.002160
0.008165
0.000005
0.000001
0.000007
0.000000
0.000746
0.000016
0.000106
0.000035
0.000003
0.000009
0.000007
0.000001
0.000002
0.000019
0.000061
0.000032
0.000000
0.000004
0.000014
0.000000
0.000016
0.000046
0.000006
0.000002
0.000096
0.000007
0.000057
0.004522
0.009051
0.001885
0.000003
0.000000
0.000001
0.000002
0.000000
0.000000
0.000001
0.000000
0.000000
0.000000
0.000000
0.000000
0.000000
0.000000
0.000005
0.000001
0.000007
0.000000
0.000746
0.000016
0.000106
0.000035
0.000003
0.000009
0.000007
0.000001
0.000002
0.000019
0.000061
0.000032
0.000000
0.000004
0.000014
0.000000
0.000016
0.000046
0.000006
0.000002
0.000096
0.000007
0.000057
0.004522
0.002210
0.000529
0.000019
0.000341
0.000593
0.000715
0.000481
0.000608
0.000048
0.000525
0.000192
0.001015
0.000339
0.002262
0.001068
0.000000
0.000005
0.000001
0.000007
0.000000
0.000746
0.000016
0.000106
0.000035
0.000003
0.000009
0.000007
0.000001
0.000002
0.000019
0.000061
0.000032
0.000000
0.000004
0.000014
0.000000
0.000016
0.000046
0.000006
0.000002
0.000096
0.000007
0.000057
0.004522
0.002317
0.000417
0.000035
0.000331
0.000645
0.000636
0.000487
0.000629
0.000061
0.000522
0.000206
0.001015
0.000338
0.002250
0.001056
0.000000
0.000005
0.000001
0.000007
0.000000
0.000746
0.000020
0.000088
0.000030
0.000022
0.000176
0.000480
0.000337
0.000017
0.014838
0.000000
0.000000
0.000000
0.000000
0.000000
0.000000
0.000000
0.000000
0.000000
0.000000
0.000000
0.000000
0.000000
0.000000
0.000000
0.000000
0.000000
0.000000
0.000000
0.000000
0.000000
0.000000
0.000000
0.000000
0.000000
0.000000
0.000000
0.000000
0.000000
0.000000
0.000005
0.000001
0.000007
0.000000
0.000746
0.000235
0.000622
0.003821
0.004222
0.004920
0.002057
0.000052
0.000068
0.000009
0.000000
0.000000
0.000000
0.000000
0.000000
0.000000
0.000000
0.000000
0.000000
0.000000
0.000000
0.000000
0.000000
0.000000
0.000000
0.000000
0.000000
0.000000
0.000000
0.000000
0.000000
0.000000
0.000000
0.000000
0.000000
0.000000
0.000000
0.000000
0.000000
0.000000
0.000005
0.000001
0.000007
0.000000
0.000746
0.000032
0.000493
0.000161
0.000007
0.000547
0.000121
0.001267
0.013362
0.000015
0.000000
0.000000
0.000000
0.000000
0.000000
0.000000
0.000000
0.000000
0.000000
0.000000
0.000000
0.000000
0.000000
0.000000
0.000000
0.000000
0.000000
0.000000
0.000000
0.000000
0.000000
0.000000
0.000000
0.000000
0.000000
0.000000
0.000000
0.000000
0.000000
0.000000
0.000005
0.000001
0.000007
0.000000
0.000746
0.000010
0.001023
0.000191
0.000740
0.001194
0.007388
0.004277
0.000254
0.000928
0.000000
0.000000
0.000000
0.000000
0.000000
0.000000
0.000000
0.000000
0.000000
0.000000
0.000000
0.000000
0.000000
0.000000
0.000000
0.000000
0.000000
0.000000
0.000000
0.000000
0.000000
0.000000
0.000000
0.000000
0.000000
0.000000
0.000000
0.000000
0.000000
0.000000
0.000005
0.000001
0.000007
0.000000
0.000746
0.000003
0.000624
0.000758
0.000328
0.000352
0.000434
0.000008
0.000348
0.000018
0.000077
0.000288
0.000011
0.001034
0.000005
0.001115
0.000525
0.002658
0.005956
0.001418
0.000004
0.000005
0.000036
0.000001
0.000000
0.000000
0.000000
0.000000
0.000000
0.000000
0.000000
0.000000
0.000000
0.000000
0.000000
0.000000
0.000000
0.000000
0.000000
0.000000
0.000005
0.000001
0.000007
0.000000
0.000746
0.000003
0.000624
0.000758
0.000328
0.000352
0.000434
0.000008
0.000348
0.000018
0.000075
0.000159
0.000021
0.000234
0.000607
0.000527
0.002034
0.002662
0.004791
0.001833
0.000009
0.000002
0.000174
0.000005
0.000000
0.000000
0.000000
0.000000
0.000000
0.000000
0.000000
0.000000
0.000000
0.000000
0.000000
0.000000
0.000000
0.000000
0.000000
0.000000
0.000005
0.000001
0.000007
0.000000
0.000746
0.000003
0.000624
0.000758
0.000328
0.000352
0.000434
0.000008
0.000348
0.000018
0.000129
0.000238
0.000190
0.003987
0.000855
0.000453
0.000024
0.006608
0.000366
0.000016
0.000097
0.000008
0.000158
0.000004
0.000000
0.000000
0.000000
0.000000
0.000000
0.000000
0.000000
0.000000
0.000000
0.000000
0.000000
0.000000
0.000000
0.000000
0.000000
0.000000
0.000005
0.000001
0.000007
0.000000
0.000746
0.000003
0.000624
0.000758
0.000328
0.000352
0.000434
0.000008
0.000348
0.000018
0.000009
0.000033
0.000046
0.002918
0.000082
0.000160
0.004063
0.000103
0.000642
0.000317
0.001369
0.001610
0.001748
0.000032
0.000000
0.000000
0.000000
0.000000
0.000000
0.000000
0.000000
0.000000
0.000000
0.000000
0.000000
0.000000
0.000000
0.000000
0.000000
0.000000
0.000005
0.000001
0.000007
0.000000
0.000746
0.000003
0.000624
0.000758
0.000328
0.000352
0.000434
0.000008
0.000348
0.000018
0.000010
0.000071
0.000033
0.003200
0.000130
0.001970
0.000084
0.001026
0.001334
0.000075
0.001032
0.001902
0.002226
0.000040
0.000000
0.000000
0.000000
0.000000
0.000000
0.000000
0.000000
0.000000
0.000000
0.000000
0.000000
0.000000
0.000000
0.000000
0.000000
0.000000
0.000005
0.000001
0.000007
0.000000
0.000746
0.000000
0.000438
0.000772
0.000558
0.000120
0.003034
0.010311
0.000749
0.000022
0.000000
0.000000
0.000000
0.000000
0.000000
0.000000
0.000000
0.000000
0.000000
0.000000
0.000000
0.000000
0.000000
0.000000
0.000000
0.000000
0.000000
0.000000
0.000000
0.000000
0.000000
0.000000
0.000000
0.000000
0.000000
0.000000
0.000000
0.000000
0.000000
0.000000
0.000005
0.000001
0.000007
0.000000
0.000746
0.000391
0.000368
0.005032
0.001763
0.007404
0.000976
0.000015
0.000056
0.000000
0.000000
0.000000
0.000000
0.000000
0.000000
0.000000
0.000000
0.000000
0.000000
0.000000
0.000000
0.000000
0.000000
0.000000
0.000000
0.000000
0.000000
0.000000
0.000000
0.000000
0.000000
0.000000
0.000000
0.000000
0.000000
0.000000
0.000000
0.000000
0.000000
0.000000
0.000005
0.000001
0.000007
0.000000
0.000746
0.000448
0.007381
0.001669
0.006298
0.000033
0.000000
0.000092
0.000076
0.000009
0.000000
0.000000
0.000000
0.000000
0.000000
0.000000
0.000000
0.000000
0.000000
0.000000
0.000000
0.000000
0.000000
0.000000
0.000000
0.000000
0.000000
0.000000
0.000000
0.000000
0.000000
0.000000
0.000000
0.000000
0.000000
0.000000
0.000000
0.000000
0.000000
0.000000
0.000005
