0.990429
0.007238
0.000087
0.001983
0.000249
0.000013
0.000000
0.000001
0.000000
0.000000
0.000000
0.000000
0.000000
0.000000
0.000000
0.000000
0.000000
0.000000
0.000000
0.000000
0.000000
0.000000
0.000000
0.000000
0.000000
0.000000
0.000000
0.000000
0.000000
0.000000
0.000000
0.000000
0.000000
0.000000
0.000000
0.000000
0.000000
0.000000
0.000000
0.000000
0.000000
0.000000
0.000000
0.000000
0.927611
0.032076
0.000932
0.036731
0.002357
0.000030
0.000167
0.000020
0.000049
0.000028
0.000000
0.000000
0.000000
0.000000
0.000000
0.000000
0.000000
0.000000
0.000000
0.000000
0.000000
0.000000
0.000000
0.000000
0.000000
0.000000
0.000000
0.000000
0.000000
0.000000
0.000000
0.000000
0.000000
0.000000
0.000000
0.000000
0.000000
0.000000
0.000000
0.000000
0.000000
0.000000
0.000000
0.000000
0.030089
0.500622
0.000379
0.000278
0.442125
0.019712
0.002073
0.002206
0.001607
0.000356
0.000534
0.000019
0.000000
0.000000
0.000000
0.000000
0.000000
0.000000
0.000000
0.000000
0.000000
0.000000
0.000000
0.000000
0.000000
0.000000
0.000000
0.000000
0.000000
0.000000
0.000000
0.000000
0.000000
0.000000
0.000000
0.000000
0.000000
0.000000
0.000000
0.000000
0.000000
0.000000
0.000000
0.000000
0.878122
0.093057
0.000000
0.000003
0.019977
0.000030
0.000707
0.006451
0.000090
0.000017
0.001440
0.000104
0.000000
0.000000
0.000000
0.000000
0.000000
0.000000
0.000000
0.000000
0.000000
0.000000
0.000000
0.000000
0.000000
0.000000
0.000000
0.000000
0.000000
0.000000
0.000000
0.000000
0.000000
0.000000
0.000000
0.000000
0.000000
0.000000
0.000000
0.000000
0.000000
0.000000
0.000000
0.000000
0.934405
0.054940
0.000538
0.000034
0.000038
0.000400
0.000647
0.001722
0.006964
0.000246
0.000038
0.000026
0.000000
0.000000
0.000000
0.000000
0.000000
0.000000
0.000000
0.000000
0.000000
0.000000
0.000000
0.000000
0.000000
0.000000
0.000000
0.000000
0.000000
0.000000
0.000000
0.000000
0.000000
0.000000
0.000000
0.000000
0.000000
0.000000
0.000000
0.000000
0.000000
0.000000
0.000000
0.000000
0.968628
0.027736
0.000912
0.001292
0.000674
0.000236
0.000188
0.000030
0.000001
0.000266
0.000021
0.000006
0.000001
0.000006
0.000001
0.000000
0.000000
0.000000
0.000000
0.000000
0.000000
0.000000
0.000000
0.000000
0.000000
0.000000
0.000000
0.000000
0.000000
0.000000
0.000000
0.000000
0.000000
0.000000
0.000000
0.000000
0.000000
0.000000
0.000000
0.000000
0.000000
0.000000
0.000000
0.000000
0.955209
0.016971
0.003555
0.000124
0.000404
0.004329
0.017675
0.001046
0.000003
0.000547
0.000082
0.000051
0.000002
0.000000
0.000000
0.000000
0.000000
0.000000
0.000000
0.000000
0.000000
0.000000
0.000000
0.000000
0.000000
0.000000
0.000000
0.000000
0.000000
0.000000
0.000000
0.000000
0.000000
0.000000
0.000000
0.000000
0.000000
0.000000
0.000000
0.000000
0.000000
0.000000
0.000000
0.000000
0.263475
0.302034
0.001952
0.262236
0.159575
0.005586
0.002465
0.000634
0.001630
0.000410
0.000002
0.000000
0.000000
0.000000
0.000000
0.000000
0.000000
0.000000
0.000000
0.000000
0.000000
0.000000
0.000000
0.000000
0.000000
0.000000
0.000000
0.000000
0.000000
0.000000
0.000000
0.000000
0.000000
0.000000
0.000000
0.000000
0.000000
0.000000
0.000000
0.000000
0.000000
0.000000
0.000000
0.000000
0.325884
0.648204
0.007146
0.017027
0.000006
0.000031
0.000131
0.000830
0.000241
0.000348
0.000111
0.000024
0.000002
0.000015
0.000000
0.000000
0.000000
0.000000
0.000000
0.000000
0.000000
0.000000
0.000000
0.000000
0.000000
0.000000
0.000000
0.000000
0.000000
0.000000
0.000000
0.000000
0.000000
0.000000
0.000000
0.000000
0.000000
0.000000
0.000000
0.000000
0.000000
0.000000
0.000000
0.000000
0.136965
0.171012
0.663124
0.017895
0.001523
0.006333
0.002888
0.000000
0.000039
0.000010
0.000003
0.000138
0.000002
0.000067
0.000000
0.000000
0.000000
0.000000
0.000000
0.000000
0.000000
0.000000
0.000000
0.000000
0.000000
0.000000
0.000000
0.000000
0.000000
0.000000
0.000000
0.000000
0.000000
0.000000
0.000000
0.000000
0.000000
0.000000
0.000000
0.000000
0.000000
0.000000
0.000000
0.000000
0.875231
0.000042
0.004024
0.002843
0.000406
0.112854
0.003642
0.000007
0.000063
0.000017
0.000497
0.000360
0.000012
0.000003
0.000000
0.000000
0.000000
0.000000
0.000000
0.000000
0.000000
0.000000
0.000000
0.000000
0.000000
0.000000
0.000000
0.000000
0.000000
0.000000
0.000000
0.000000
0.000000
0.000000
0.000000
0.000000
0.000000
0.000000
0.000000
0.000000
0.000000
0.000000
0.000000
0.000000
0.683419
0.006019
0.233498
0.028306
0.010255
0.036528
0.000963
0.000491
0.000000
0.000093
0.000189
0.000230
0.000008
0.000002
0.000000
0.000000
0.000000
0.000000
0.000000
0.000000
0.000000
0.000000
0.000000
0.000000
0.000000
0.000000
0.000000
0.000000
0.000000
0.000000
0.000000
0.000000
0.000000
0.000000
0.000000
0.000000
0.000000
0.000000
0.000000
0.000000
0.000000
0.000000
0.000000
0.000000
0.969132
0.027101
0.000463
0.001374
0.000667
0.000157
0.000040
0.000270
0.000003
0.000446
0.000011
0.000071
0.000263
0.000000
0.000000
0.000000
0.000000
0.000000
0.000000
0.000000
0.000000
0.000000
0.000000
0.000000
0.000000
0.000000
0.000000
0.000000
0.000000
0.000000
0.000000
0.000000
0.000000
0.000000
0.000000
0.000000
0.000000
0.000000
0.000000
0.000000
0.000000
0.000000
0.000000
0.000000
0.964195
0.030059
0.001112
0.002548
0.000049
0.000302
0.000330
0.000492
0.000004
0.000301
0.000129
0.000289
0.000192
0.000000
0.000000
0.000000
0.000000
0.000000
0.000000
0.000000
0.000000
0.000000
0.000000
0.000000
0.000000
0.000000
0.000000
0.000000
0.000000
0.000000
0.000000
0.000000
0.000000
0.000000
0.000000
0.000000
0.000000
0.000000
0.000000
0.000000
0.000000
0.000000
0.000000
0.000000
0.115098
0.361285
0.493498
0.020199
0.000274
0.001869
0.003262
0.003059
0.000643
0.000071
0.000086
0.000625
0.000001
0.000029
0.000000
0.000000
0.000000
0.000000
0.000000
0.000000
0.000000
0.000000
0.000000
0.000000
0.000000
0.000000
0.000000
0.000000
0.000000
0.000000
0.000000
0.000000
0.000000
0.000000
0.000000
0.000000
0.000000
0.000000
0.000000
0.000000
0.000000
0.000000
0.000000
0.000000
0.404280
0.240024
0.319847
0.008841
0.005047
0.006519
0.008725
0.005793
0.000267
0.000000
0.000459
0.000197
0.000001
0.000000
0.000000
0.000000
0.000000
0.000000
0.000000
0.000000
0.000000
0.000000
0.000000
0.000000
0.000000
0.000000
0.000000
0.000000
0.000000
0.000000
0.000000
0.000000
0.000000
0.000000
0.000000
0.000000
0.000000
0.000000
0.000000
0.000000
0.000000
0.000000
0.000000
0.000000
0.000001
0.000031
0.000005
0.000004
0.000179
0.000332
0.000084
0.000011
0.000013
0.000049
0.000039
0.000000
0.000117
0.000066
0.000044
0.017254
0.320674
0.110564
0.059390
0.202920
0.005208
0.003167
0.046052
0.020194
0.000000
0.000004
0.009597
0.004601
0.000001
0.000000
0.000000
0.000000
0.000000
0.000000
0.000000
0.000000
0.000000
0.000000
0.000000
0.000000
0.000000
0.000000
0.000000
0.000057
0.000001
0.000031
0.000005
0.000004
0.000179
0.000332
0.000084
0.000011
0.000013
0.000049
0.000039
0.000000
0.000117
0.000066
0.000044
0.017254
0.000512
0.004500
0.023885
0.003202
0.005222
0.000055
0.000185
0.000024
0.000039
0.000001
0.000924
0.000064
0.000021
0.163129
0.215641
0.221439
0.064669
0.003938
0.004772
0.030645
0.001128
0.017848
0.000291
0.009933
0.000078
0.002925
0.007299
0.000057
0.000001
0.000031
0.000005
0.000004
0.000179
0.000332
0.000084
0.000011
0.000013
0.000049
0.000039
0.000000
0.000117
0.000066
0.000044
0.017254
0.000512
0.004500
0.023885
0.003202
0.005222
0.000055
0.000185
0.000024
0.000039
0.000001
0.000924
0.000064
0.000021
0.476545
0.209692
0.001743
0.032211
0.006570
0.000522
0.000027
0.000167
0.006182
0.000872
0.007165
0.001432
0.000101
0.000510
0.000057
0.000001
0.000031
0.000005
0.000004
0.000179
0.000332
0.000084
0.000011
0.000013
0.000049
0.000039
0.000000
0.000117
0.000066
0.000044
0.017254
0.000512
0.004500
0.023885
0.003202
0.005222
0.000055
0.000185
0.000024
0.000039
0.000001
0.000924
0.000064
0.000021
0.006098
0.121226
0.010862
0.450223
0.037075
0.048709
0.040118
0.003240
0.011433
0.000158
0.005403
0.002154
0.003808
0.003230
0.000057
0.000001
0.000031
0.000005
0.000004
0.000179
0.000332
0.000084
0.000011
0.000013
0.000049
0.000039
0.000000
0.000117
0.000066
0.000044
0.017254
0.000512
0.004500
0.023885
0.003202
0.005222
0.000055
0.000185
0.000024
0.000039
0.000001
0.000924
0.000064
0.000021
0.084690
0.107639
0.093693
0.088550
0.059198
0.030694
0.210201
0.000184
0.001482
0.007061
0.001099
0.031924
0.002131
0.025190
0.000057
0.000001
0.000031
0.000005
0.000004
0.000179
0.000332
0.000084
0.000011
0.000013
0.000049
0.000039
0.000000
0.000117
0.000066
0.000044
0.017254
0.000512
0.004500
0.023885
0.003202
0.005222
0.000055
0.000185
0.000024
0.000039
0.000001
0.000924
0.000064
0.000021
0.002354
0.038980
0.216795
0.057251
0.012530
0.169077
0.001614
0.069939
0.105943
0.002047
0.039206
0.012581
0.007338
0.008083
0.000057
0.000001
0.000031
0.000005
0.000004
0.000179
0.000332
0.000084
0.000011
0.000013
0.000049
0.000039
0.000000
0.000117
0.000066
0.000044
0.017254
0.000512
0.004500
0.023885
0.003202
0.005222
0.000055
0.000185
0.000024
0.000039
0.000001
0.000924
0.000064
0.000021
0.008115
0.040666
0.022226
0.000097
0.050998
0.379983
0.074121
0.001373
0.000463
0.024012
0.004330
0.094721
0.002036
0.040595
0.000057
0.000001
0.000031
0.000005
0.000004
0.000179
0.000332
0.000084
0.000011
0.000013
0.000049
0.000039
0.000000
0.000117
0.000066
0.000044
0.017254
0.000512
0.004500
0.023885
0.003202
0.005222
0.000055
0.000185
0.000024
0.000039
0.000001
0.000924
0.000064
0.000021
0.052716
0.000054
0.090292
0.001735
0.005593
0.057270
0.124794
0.001147
0.230481
0.067972
0.070293
0.001303
0.037926
0.002160
0.000057
0.000001
0.000031
0.000005
0.000004
0.000179
0.000332
0.000084
0.000011
0.000013
0.000049
0.000039
0.000000
0.000117
0.000066
0.000044
0.017254
0.000512
0.004500
0.023885
0.003202
0.005222
0.000055
0.000185
0.000024
0.000039
0.000001
0.000924
0.000064
0.000021
0.015340
0.051334
0.010409
0.035900
0.117730
0.002304
0.026666
0.033834
0.007621
0.108725
0.273868
0.024423
0.007179
0.028403
0.000057
0.000001
0.000031
0.000005
0.000004
0.000179
0.000332
0.000084
0.000011
0.000013
0.000049
0.000039
0.000000
0.000117
0.000066
0.000044
0.017254
0.000512
0.004500
0.023885
0.003202
0.005222
0.000055
0.000185
0.000024
0.000039
0.000001
0.000924
0.000064
0.000021
0.000187
0.000585
0.107094
0.000716
0.059982
0.004893
0.109332
0.170131
0.000657
0.135381
0.124879
0.000181
0.028524
0.001194
0.000057
0.000001
0.000031
0.000005
0.000004
0.000179
0.000332
0.000084
0.000011
0.000013
0.000049
0.000039
0.000000
0.000117
0.000066
0.000044
0.017254
0.000512
0.004500
0.023885
0.003202
0.005222
0.000055
0.000185
0.000024
0.000039
0.000001
0.000924
0.000064
0.000021
0.000164
0.001370
0.030701
0.011896
0.313464
0.019465
0.007080
0.016098
0.097421
0.177557
0.031309
0.001002
0.002433
0.033777
0.000057
0.000001
0.000031
0.000005
0.000004
0.000179
0.000332
0.000084
0.000011
0.000013
0.000049
0.000039
0.000000
0.000117
0.000066
0.000044
0.017254
0.000512
0.004500
0.023885
0.003202
0.005222
0.000055
0.000185
0.000024
0.000039
0.000001
0.000924
0.000064
0.000021
0.001540
0.011167
0.000221
0.009992
0.002905
0.000944
0.025219
0.076024
0.074706
0.110251
0.013277
0.204190
0.176100
0.037198
0.000057
0.000001
0.000031
0.000005
0.000004
0.000179
0.000332
0.000084
0.000011
0.000013
0.000049
0.000039
0.000000
0.000117
0.000066
0.000044
0.017254
0.000512
0.004500
0.023885
0.003202
0.005222
0.000055
0.000185
0.000024
0.000039
0.000001
0.000924
0.000064
0.000021
0.000131
0.010468
0.002793
0.030432
0.046912
0.037369
0.017132
0.001777
0.013160
0.007527
0.026201
0.157093
0.304800
0.087940
0.000057
0.000001
0.000031
0.000005
0.000004
0.000179
0.000332
0.000084
0.000011
0.000013
0.000049
0.000039
0.000000
0.000117
0.000066
0.000044
0.017254
0.229631
0.164891
0.005480
0.146625
0.050122
0.012702
0.008885
0.049432
0.053986
0.019375
0.037095
0.003992
0.000156
0.000000
0.000000
0.000000
0.000000
0.000000
0.000000
0.000000
0.000000
0.000000
0.000000
0.000000
0.000000
0.000000
0.000000
0.000057
0.000001
0.000031
0.000005
0.000004
0.000179
0.000332
0.000084
0.000011
0.000013
0.000049
0.000039
0.000000
0.000117
0.000066
0.000044
0.017254
0.000334
0.000646
0.094941
0.008307
0.001138
0.194832
0.049502
0.026244
0.065963
0.087606
0.167348
0.008449
0.077064
0.000000
0.000000
0.000000
0.000000
0.000000
0.000000
0.000000
0.000000
0.000000
0.000000
0.000000
0.000000
0.000000
0.000000
0.000057
0.000001
0.000031
0.000005
0.000004
0.000179
0.000332
0.000084
0.000011
0.000013
0.000049
0.000039
0.000000
0.000117
0.000066
0.000044
0.017254
0.000435
0.000563
0.006006
0.049390
0.097994
0.168804
0.032125
0.253508
0.119260
0.009647
0.026946
0.000292
0.017404
0.000000
0.000000
0.000000
0.000000
0.000000
0.000000
0.000000
0.000000
0.000000
0.000000
0.000000
0.000000
0.000000
0.000000
0.000057
0.000001
0.000031
0.000005
0.000004
0.000179
0.000332
0.000084
0.000011
0.000013
0.000049
0.000039
0.000000
0.000117
0.000066
0.000044
0.017254
0.119823
0.014312
0.007645
0.009755
0.006200
0.005698
0.002250
0.034601
0.410477
0.110881
0.056310
0.002435
0.001984
0.000000
0.000000
0.000000
0.000000
0.000000
0.000000
0.000000
0.000000
0.000000
0.000000
0.000000
0.000000
0.000000
0.000000
0.000057
0.000001
0.000031
0.000005
0.000004
0.000179
0.000332
0.000084
0.000011
0.000013
0.000049
0.000039
0.000000
0.000117
0.000066
0.000044
0.017254
0.012409
0.005328
0.081548
0.015511
0.005247
0.022393
0.003821
0.002742
0.005692
0.001236
0.005955
0.000187
0.079403
0.000016
0.000234
0.001789
0.002579
0.013685
0.026105
0.003328
0.232859
0.032166
0.098361
0.000403
0.070423
0.004872
0.054079
0.000057
0.000001
0.000031
0.000005
0.000004
0.000179
0.000332
0.000084
0.000011
0.000013
0.000049
0.000039
0.000000
0.000117
0.000066
0.000044
0.017254
0.012409
0.005328
0.081548
0.015511
0.005247
0.022393
0.003821
0.002742
0.005692
0.001236
0.005955
0.000187
0.079403
0.000088
0.001637
0.000110
0.006883
0.015406
0.003204
0.073647
0.033490
0.047948
0.041681
0.100814
0.180448
0.028598
0.006945
0.000057
0.000001
0.000031
0.000005
0.000004
0.000179
0.000332
0.000084
0.000011
0.000013
0.000049
0.000039
0.000000
0.000117
0.000066
0.000044
0.017254
0.012409
0.005328
0.081548
0.015511
0.005247
0.022393
0.003821
0.002742
0.005692
0.001236
0.005955
0.000187
0.079403
0.000179
0.000633
0.001013
0.017888
0.058132
0.011017
0.045665
0.089731
0.158657
0.011983
0.088463
0.025414
0.009862
0.022264
0.000057
0.000001
0.000031
0.000005
0.000004
0.000179
0.000332
0.000084
0.000011
0.000013
0.000049
0.000039
0.000000
0.000117
0.000066
0.000044
0.017254
0.013503
0.004953
0.078373
0.017452
0.003169
0.037796
0.010044
0.001054
0.029921
0.016145
0.022459
0.172953
0.374549
0.000000
0.000000
0.000000
0.000000
0.000000
0.000000
0.000000
0.000000
0.000000
0.000000
0.000000
0.000000
0.000000
0.000000
0.000057
0.000001
0.000031
0.000005
0.000004
0.000179
0.000332
0.000084
0.000011
0.000013
0.000049
0.000039
0.000000
0.000117
0.000066
0.000044
0.017254
0.001699
0.011751
0.000053
0.079032
0.052233
0.014807
0.140762
0.310096
0.026942
0.056523
0.030059
0.041584
0.016831
0.000000
0.000000
0.000000
0.000000
0.000000
0.000000
0.000000
0.000000
0.000000
0.000000
0.000000
0.000000
0.000000
0.000000
0.000057
0.000001
0.000031
0.000005
0.000004
0.000179
0.000332
0.000084
0.000011
0.000013
0.000049
0.000039
0.000000
0.000117
0.000066
0.000044
0.017254
0.000052
0.163097
0.001502
0.081169
0.003115
0.009704
0.002540
0.023230
0.010641
0.230815
0.250735
0.003849
0.001922
0.000000
0.000000
0.000000
0.000000
0.000000
0.000000
0.000000
0.000000
0.000000
0.000000
0.000000
0.000000
0.000000
0.000000
0.000057
0.000001
0.000031
0.000005
0.000004
0.000179
0.000332
0.000084
0.000011
0.000013
0.000049
0.000039
0.000000
0.000117
0.000066
0.000044
0.017254
0.032376
0.037399
0.002889
0.014528
0.000241
0.055017
0.170343
0.020436
0.016657
0.008373
0.009118
0.008481
0.000840
0.000029
0.000011
0.000085
0.000164
0.003615
0.007509
0.010879
0.040114
0.002591
0.008735
0.007352
0.001991
0.096358
0.226241
0.000057
0.000001
0.000031
0.000005
0.000004
0.000179
0.000332
0.000084
0.000011
0.000013
0.000049
0.000039
0.000000
0.000117
0.000066
0.000044
0.017254
0.032376
0.037399
0.002889
0.014528
0.000241
0.055017
0.170343
0.020436
0.016657
0.008373
0.009118
0.008481
0.000840
0.000029
0.000011
0.000085
0.000164
0.003615
0.007509
0.010879
0.040114
0.002591
0.008735
0.007352
0.001991
0.096358
0.226241
0.000057
0.000001
0.000031
0.000005
0.000004
0.000179
0.000332
0.000084
0.000011
0.000013
0.000049
0.000039
0.000000
0.000117
0.000066
0.000044
0.017254
0.006013
0.006362
0.012212
0.026067
0.460741
0.133218
0.005056
0.009524
0.001339
0.083712
0.033881
0.000062
0.004185
0.000000
0.000000
0.000000
0.000000
0.000000
0.000000
0.000000
0.000000
0.000000
0.000000
0.000000
0.000000
0.000000
0.000000
0.000057
0.000001
0.000031
0.000005
0.000004
0.000179
0.000332
0.000084
0.000011
0.000013
0.000049
0.000039
0.000000
0.000117
0.000066
0.000044
0.017254
0.000250
0.174585
0.000547
0.064783
0.035463
0.001609
0.041830
0.033263
0.025014
0.159142
0.026397
0.191335
0.028156
0.000000
0.000000
0.000000
0.000000
0.000000
0.000000
0.000000
0.000000
0.000000
0.000000
0.000000
0.000000
0.000000
0.000000
0.000057
0.000001
0.000031
0.000005
0.000004
0.000179
0.000332
0.000084
0.000011
0.000013
0.000049
0.000039
0.000000
0.000117
0.000066
0.000044
0.017254
0.010812
0.014839
0.008156
0.011835
0.017081
0.051138
0.117933
0.000810
0.016943
0.017035
0.103333
0.363506
0.048950
0.000000
0.000000
0.000000
0.000000
0.000000
0.000000
0.000000
0.000000
0.000000
0.000000
0.000000
0.000000
0.000000
0.000000
0.000057
