0.685659	0.104474	0.002936	0.114079	0.025507	0.003704	0.000033	0.000988	0.000092	0.000006	0.000010	0.000000	0.000008	0.000004	0.000000	0.025285	0.000000	0.000000	0.000000	0.000000	0.000000	0.000000	0.000000	0.000000	0.000000	0.000000	0.000000	0.000000	0.000000	0.000000	0.000000	0.000000	0.000000	0.000000	0.000000	0.000000	0.000000	0.000000	0.000000	0.000000	0.000000	0.000000	0.000000	0.037215
0.144794	0.104389	0.007118	0.476411	0.054439	0.001866	0.034530	0.008962	0.039462	0.065246	0.000024	0.000082	0.000144	0.000033	0.000001	0.025285	0.000000	0.000000	0.000000	0.000000	0.000000	0.000000	0.000000	0.000000	0.000000	0.000000	0.000000	0.000000	0.000000	0.000000	0.000000	0.000000	0.000000	0.000000	0.000000	0.000000	0.000000	0.000000	0.000000	0.000000	0.000000	0.000000	0.000000	0.037215
0.000241	0.083575	0.000149	0.000185	0.523716	0.063114	0.022049	0.050149	0.066972	0.042728	0.079140	0.004790	0.000067	0.000624	0.000001	0.025285	0.000000	0.000000	0.000000	0.000000	0.000000	0.000000	0.000000	0.000000	0.000000	0.000000	0.000000	0.000000	0.000000	0.000000	0.000000	0.000000	0.000000	0.000000	0.000000	0.000000	0.000000	0.000000	0.000000	0.000000	0.000000	0.000000	0.000000	0.037215
0.014742	0.032571	0.000000	0.000004	0.049615	0.000202	0.015779	0.307456	0.007878	0.004310	0.447084	0.055331	0.000710	0.001801	0.000017	0.025285	0.000000	0.000000	0.000000	0.000000	0.000000	0.000000	0.000000	0.000000	0.000000	0.000000	0.000000	0.000000	0.000000	0.000000	0.000000	0.000000	0.000000	0.000000	0.000000	0.000000	0.000000	0.000000	0.000000	0.000000	0.000000	0.000000	0.000000	0.037215
0.017697	0.021695	0.000499	0.000054	0.000107	0.003032	0.016287	0.092594	0.686610	0.069872	0.013478	0.015383	0.000128	0.000058	0.000008	0.025285	0.000000	0.000000	0.000000	0.000000	0.000000	0.000000	0.000000	0.000000	0.000000	0.000000	0.000000	0.000000	0.000000	0.000000	0.000000	0.000000	0.000000	0.000000	0.000000	0.000000	0.000000	0.000000	0.000000	0.000000	0.000000	0.000000	0.000000	0.037215
0.025923	0.015476	0.001195	0.002874	0.002670	0.002527	0.006700	0.002296	0.000167	0.106698	0.010607	0.005182	0.002353	0.101177	0.651655	0.025285	0.000000	0.000000	0.000000	0.000000	0.000000	0.000000	0.000000	0.000000	0.000000	0.000000	0.000000	0.000000	0.000000	0.000000	0.000000	0.000000	0.000000	0.000000	0.000000	0.000000	0.000000	0.000000	0.000000	0.000000	0.000000	0.000000	0.000000	0.037215
0.021625	0.008010	0.003940	0.000234	0.001353	0.039192	0.531619	0.067243	0.000371	0.185625	0.034502	0.036586	0.004121	0.003063	0.000014	0.025285	0.000000	0.000000	0.000000	0.000000	0.000000	0.000000	0.000000	0.000000	0.000000	0.000000	0.000000	0.000000	0.000000	0.000000	0.000000	0.000000	0.000000	0.000000	0.000000	0.000000	0.000000	0.000000	0.000000	0.000000	0.000000	0.000000	0.000000	0.037215
0.003336	0.079727	0.001210	0.275876	0.298882	0.028282	0.041464	0.022778	0.107404	0.077953	0.000462	0.000004	0.000048	0.000072	0.000003	0.025285	0.000000	0.000000	0.000000	0.000000	0.000000	0.000000	0.000000	0.000000	0.000000	0.000000	0.000000	0.000000	0.000000	0.000000	0.000000	0.000000	0.000000	0.000000	0.000000	0.000000	0.000000	0.000000	0.000000	0.000000	0.000000	0.000000	0.000000	0.037215
0.008230	0.341286	0.008834	0.035730	0.000022	0.000312	0.004410	0.059476	0.031740	0.131747	0.051904	0.019187	0.004209	0.240329	0.000085	0.025285	0.000000	0.000000	0.000000	0.000000	0.000000	0.000000	0.000000	0.000000	0.000000	0.000000	0.000000	0.000000	0.000000	0.000000	0.000000	0.000000	0.000000	0.000000	0.000000	0.000000	0.000000	0.000000	0.000000	0.000000	0.000000	0.000000	0.000000	0.037215
0.001284	0.033431	0.304381	0.013943	0.002112	0.023745	0.035974	0.000011	0.001880	0.001350	0.000496	0.040895	0.001684	0.410625	0.065687	0.025285	0.000000	0.000000	0.000000	0.000000	0.000000	0.000000	0.000000	0.000000	0.000000	0.000000	0.000000	0.000000	0.000000	0.000000	0.000000	0.000000	0.000000	0.000000	0.000000	0.000000	0.000000	0.000000	0.000000	0.000000	0.000000	0.000000	0.000000	0.037215
0.010077	0.000010	0.002268	0.002720	0.000691	0.519568	0.055705	0.000231	0.003785	0.002855	0.105730	0.131180	0.012067	0.019146	0.071467	0.025285	0.000000	0.000000	0.000000	0.000000	0.000000	0.000000	0.000000	0.000000	0.000000	0.000000	0.000000	0.000000	0.000000	0.000000	0.000000	0.000000	0.000000	0.000000	0.000000	0.000000	0.000000	0.000000	0.000000	0.000000	0.000000	0.000000	0.000000	0.037215
0.012505	0.002296	0.209159	0.043038	0.027759	0.267278	0.023403	0.025484	0.000026	0.025526	0.063920	0.133061	0.012620	0.021351	0.070073	0.025285	0.000000	0.000000	0.000000	0.000000	0.000000	0.000000	0.000000	0.000000	0.000000	0.000000	0.000000	0.000000	0.000000	0.000000	0.000000	0.000000	0.000000	0.000000	0.000000	0.000000	0.000000	0.000000	0.000000	0.000000	0.000000	0.000000	0.000000	0.037215
0.024322	0.014180	0.000569	0.002866	0.002477	0.001579	0.001346	0.019203	0.000419	0.167808	0.005278	0.056582	0.567600	0.003777	0.069494	0.025285	0.000000	0.000000	0.000000	0.000000	0.000000	0.000000	0.000000	0.000000	0.000000	0.000000	0.000000	0.000000	0.000000	0.000000	0.000000	0.000000	0.000000	0.000000	0.000000	0.000000	0.000000	0.000000	0.000000	0.000000	0.000000	0.000000	0.000000	0.037215
0.022947	0.014915	0.001295	0.005038	0.000173	0.002873	0.010439	0.033244	0.000486	0.107368	0.056656	0.217219	0.392651	0.000724	0.071472	0.025285	0.000000	0.000000	0.000000	0.000000	0.000000	0.000000	0.000000	0.000000	0.000000	0.000000	0.000000	0.000000	0.000000	0.000000	0.000000	0.000000	0.000000	0.000000	0.000000	0.000000	0.000000	0.000000	0.000000	0.000000	0.000000	0.000000	0.000000	0.037215
0.001169	0.076517	0.245407	0.017050	0.000411	0.007592	0.044028	0.088205	0.033986	0.010856	0.016221	0.200727	0.000931	0.194390	0.000010	0.025285	0.000000	0.000000	0.000000	0.000000	0.000000	0.000000	0.000000	0.000000	0.000000	0.000000	0.000000	0.000000	0.000000	0.000000	0.000000	0.000000	0.000000	0.000000	0.000000	0.000000	0.000000	0.000000	0.000000	0.000000	0.000000	0.000000	0.000000	0.037215
0.005449	0.067449	0.211038	0.009901	0.010064	0.035134	0.156234	0.221680	0.018722	0.000052	0.114487	0.083791	0.000659	0.002825	0.000015	0.025285	0.000000	0.000000	0.000000	0.000000	0.000000	0.000000	0.000000	0.000000	0.000000	0.000000	0.000000	0.000000	0.000000	0.000000	0.000000	0.000000	0.000000	0.000000	0.000000	0.000000	0.000000	0.000000	0.000000	0.000000	0.000000	0.000000	0.000000	0.037215
0.000000	0.000000	0.000000	0.000000	0.000000	0.000000	0.000000	0.000000	0.000000	0.000000	0.000000	0.000000	0.000000	0.000000	0.000000	0.021266	0.395235	0.136272	0.073199	0.250102	0.006420	0.003903	0.056759	0.024890	0.000000	0.000005	0.011829	0.005671	0.000002	0.000000	0.000000	0.000000	0.000000	0.000000	0.000000	0.000000	0.000000	0.000000	0.000000	0.000000	0.000000	0.000000	0.000000	0.014449
0.000000	0.000000	0.000000	0.000000	0.000000	0.000000	0.000000	0.000000	0.000000	0.000000	0.000000	0.000000	0.000000	0.000000	0.000000	0.021266	0.000631	0.005547	0.029439	0.003947	0.006436	0.000068	0.000228	0.000030	0.000048	0.000001	0.001139	0.000079	0.000026	0.201059	0.265781	0.272927	0.079706	0.004854	0.005882	0.037771	0.001390	0.021998	0.000359	0.012243	0.000096	0.003605	0.008996	0.014449
0.000000	0.000000	0.000000	0.000000	0.000000	0.000000	0.000000	0.000000	0.000000	0.000000	0.000000	0.000000	0.000000	0.000000	0.000000	0.021266	0.000631	0.005547	0.029439	0.003947	0.006436	0.000068	0.000228	0.000030	0.000048	0.000001	0.001139	0.000079	0.000026	0.587349	0.258448	0.002148	0.039700	0.008098	0.000643	0.000033	0.000206	0.007619	0.001075	0.008831	0.001764	0.000124	0.000628	0.014449
0.000000	0.000000	0.000000	0.000000	0.000000	0.000000	0.000000	0.000000	0.000000	0.000000	0.000000	0.000000	0.000000	0.000000	0.000000	0.021266	0.000631	0.005547	0.029439	0.003947	0.006436	0.000068	0.000228	0.000030	0.000048	0.000001	0.001139	0.000079	0.000026	0.007516	0.149413	0.013387	0.554906	0.045696	0.060034	0.049446	0.003993	0.014091	0.000195	0.006660	0.002654	0.004693	0.003981	0.014449
0.000000	0.000000	0.000000	0.000000	0.000000	0.000000	0.000000	0.000000	0.000000	0.000000	0.000000	0.000000	0.000000	0.000000	0.000000	0.021266	0.000631	0.005547	0.029439	0.003947	0.006436	0.000068	0.000228	0.000030	0.000048	0.000001	0.001139	0.000079	0.000026	0.104382	0.132667	0.115478	0.109139	0.072962	0.037830	0.259076	0.000227	0.001827	0.008703	0.001355	0.039347	0.002626	0.031047	0.014449
0.000000	0.000000	0.000000	0.000000	0.000000	0.000000	0.000000	0.000000	0.000000	0.000000	0.000000	0.000000	0.000000	0.000000	0.000000	0.021266	0.000631	0.005547	0.029439	0.003947	0.006436	0.000068	0.000228	0.000030	0.000048	0.000001	0.001139	0.000079	0.000026	0.002902	0.048043	0.267203	0.070563	0.015443	0.208390	0.001990	0.086200	0.130577	0.002523	0.048322	0.015507	0.009044	0.009962	0.014449
0.000000	0.000000	0.000000	0.000000	0.000000	0.000000	0.000000	0.000000	0.000000	0.000000	0.000000	0.000000	0.000000	0.000000	0.000000	0.021266	0.000631	0.005547	0.029439	0.003947	0.006436	0.000068	0.000228	0.000030	0.000048	0.000001	0.001139	0.000079	0.000026	0.010001	0.050122	0.027394	0.000120	0.062856	0.468335	0.091355	0.001692	0.000571	0.029595	0.005337	0.116745	0.002510	0.050034	0.014449
0.000000	0.000000	0.000000	0.000000	0.000000	0.000000	0.000000	0.000000	0.000000	0.000000	0.000000	0.000000	0.000000	0.000000	0.000000	0.021266	0.000631	0.005547	0.029439	0.003947	0.006436	0.000068	0.000228	0.000030	0.000048	0.000001	0.001139	0.000079	0.000026	0.064973	0.000067	0.111286	0.002138	0.006894	0.070586	0.153811	0.001413	0.284072	0.083777	0.086637	0.001606	0.046744	0.002663	0.014449
0.000000	0.000000	0.000000	0.000000	0.000000	0.000000	0.000000	0.000000	0.000000	0.000000	0.000000	0.000000	0.000000	0.000000	0.000000	0.021266	0.000631	0.005547	0.029439	0.003947	0.006436	0.000068	0.000228	0.000030	0.000048	0.000001	0.001139	0.000079	0.000026	0.018906	0.063270	0.012829	0.044248	0.145104	0.002840	0.032866	0.041701	0.009393	0.134005	0.337547	0.030101	0.008849	0.035007	0.014449
0.000000	0.000000	0.000000	0.000000	0.000000	0.000000	0.000000	0.000000	0.000000	0.000000	0.000000	0.000000	0.000000	0.000000	0.000000	0.021266	0.000631	0.005547	0.029439	0.003947	0.006436	0.000068	0.000228	0.000030	0.000048	0.000001	0.001139	0.000079	0.000026	0.000230	0.000721	0.131996	0.000883	0.073928	0.006031	0.134754	0.209689	0.000809	0.166859	0.153915	0.000224	0.035157	0.001472	0.014449
0.000000	0.000000	0.000000	0.000000	0.000000	0.000000	0.000000	0.000000	0.000000	0.000000	0.000000	0.000000	0.000000	0.000000	0.000000	0.021266	0.000631	0.005547	0.029439	0.003947	0.006436	0.000068	0.000228	0.000030	0.000048	0.000001	0.001139	0.000079	0.000026	0.000202	0.001688	0.037839	0.014663	0.386349	0.023991	0.008727	0.019841	0.120073	0.218841	0.038589	0.001236	0.002999	0.041630	0.014449
0.000000	0.000000	0.000000	0.000000	0.000000	0.000000	0.000000	0.000000	0.000000	0.000000	0.000000	0.000000	0.000000	0.000000	0.000000	0.021266	0.000631	0.005547	0.029439	0.003947	0.006436	0.000068	0.000228	0.000030	0.000048	0.000001	0.001139	0.000079	0.000026	0.001898	0.013764	0.000273	0.012315	0.003581	0.001164	0.031083	0.093701	0.092077	0.135886	0.016365	0.251668	0.217046	0.045848	0.014449
0.000000	0.000000	0.000000	0.000000	0.000000	0.000000	0.000000	0.000000	0.000000	0.000000	0.000000	0.000000	0.000000	0.000000	0.000000	0.021266	0.000631	0.005547	0.029439	0.003947	0.006436	0.000068	0.000228	0.000030	0.000048	0.000001	0.001139	0.000079	0.000026	0.000161	0.012902	0.003443	0.037508	0.057819	0.046058	0.021116	0.002191	0.016219	0.009277	0.032293	0.193620	0.375671	0.108388	0.014449
0.000000	0.000000	0.000000	0.000000	0.000000	0.000000	0.000000	0.000000	0.000000	0.000000	0.000000	0.000000	0.000000	0.000000	0.000000	0.021266	0.283024	0.203231	0.006754	0.180717	0.061776	0.015655	0.010951	0.060926	0.066539	0.023881	0.045721	0.004920	0.000192	0.000000	0.000000	0.000000	0.000000	0.000000	0.000000	0.000000	0.000000	0.000000	0.000000	0.000000	0.000000	0.000000	0.000000	0.014449
0.000000	0.000000	0.000000	0.000000	0.000000	0.000000	0.000000	0.000000	0.000000	0.000000	0.000000	0.000000	0.000000	0.000000	0.000000	0.021266	0.000412	0.000796	0.117017	0.010238	0.001402	0.240133	0.061012	0.032346	0.081300	0.107975	0.206259	0.010413	0.094983	0.000000	0.000000	0.000000	0.000000	0.000000	0.000000	0.000000	0.000000	0.000000	0.000000	0.000000	0.000000	0.000000	0.000000	0.014449
0.000000	0.000000	0.000000	0.000000	0.000000	0.000000	0.000000	0.000000	0.000000	0.000000	0.000000	0.000000	0.000000	0.000000	0.000000	0.021266	0.000536	0.000694	0.007402	0.060874	0.120779	0.208053	0.039594	0.312452	0.146989	0.011890	0.033211	0.000359	0.021451	0.000000	0.000000	0.000000	0.000000	0.000000	0.000000	0.000000	0.000000	0.000000	0.000000	0.000000	0.000000	0.000000	0.000000	0.014449
0.000000	0.000000	0.000000	0.000000	0.000000	0.000000	0.000000	0.000000	0.000000	0.000000	0.000000	0.000000	0.000000	0.000000	0.000000	0.021266	0.147684	0.017640	0.009422	0.012023	0.007641	0.007023	0.002774	0.042646	0.505920	0.136663	0.069403	0.003001	0.002446	0.000000	0.000000	0.000000	0.000000	0.000000	0.000000	0.000000	0.000000	0.000000	0.000000	0.000000	0.000000	0.000000	0.000000	0.014449
0.000000	0.000000	0.000000	0.000000	0.000000	0.000000	0.000000	0.000000	0.000000	0.000000	0.000000	0.000000	0.000000	0.000000	0.000000	0.021266	0.015294	0.006567	0.100509	0.019117	0.006467	0.027600	0.004710	0.003380	0.007016	0.001523	0.007340	0.000230	0.097865	0.000020	0.000289	0.002205	0.003178	0.016867	0.032175	0.004102	0.287002	0.039645	0.121231	0.000497	0.086798	0.006005	0.066653	0.014449
0.000000	0.000000	0.000000	0.000000	0.000000	0.000000	0.000000	0.000000	0.000000	0.000000	0.000000	0.000000	0.000000	0.000000	0.000000	0.021266	0.015294	0.006567	0.100509	0.019117	0.006467	0.027600	0.004710	0.003380	0.007016	0.001523	0.007340	0.000230	0.097865	0.000108	0.002018	0.000135	0.008484	0.018988	0.003949	0.090772	0.041277	0.059096	0.051372	0.124255	0.222404	0.035247	0.008560	0.014449
0.000000	0.000000	0.000000	0.000000	0.000000	0.000000	0.000000	0.000000	0.000000	0.000000	0.000000	0.000000	0.000000	0.000000	0.000000	0.021266	0.015294	0.006567	0.100509	0.019117	0.006467	0.027600	0.004710	0.003380	0.007016	0.001523	0.007340	0.000230	0.097865	0.000221	0.000780	0.001248	0.022047	0.071648	0.013579	0.056282	0.110594	0.195547	0.014769	0.109032	0.031323	0.012155	0.027441	0.014449
0.000000	0.000000	0.000000	0.000000	0.000000	0.000000	0.000000	0.000000	0.000000	0.000000	0.000000	0.000000	0.000000	0.000000	0.000000	0.021266	0.016642	0.006104	0.096596	0.021510	0.003906	0.046585	0.012379	0.001299	0.036879	0.019899	0.027681	0.213167	0.461637	0.000000	0.000000	0.000000	0.000000	0.000000	0.000000	0.000000	0.000000	0.000000	0.000000	0.000000	0.000000	0.000000	0.000000	0.014449
0.000000	0.000000	0.000000	0.000000	0.000000	0.000000	0.000000	0.000000	0.000000	0.000000	0.000000	0.000000	0.000000	0.000000	0.000000	0.021266	0.002094	0.014483	0.000066	0.097408	0.064378	0.018250	0.173491	0.382198	0.033207	0.069665	0.037048	0.051253	0.020745	0.000000	0.000000	0.000000	0.000000	0.000000	0.000000	0.000000	0.000000	0.000000	0.000000	0.000000	0.000000	0.000000	0.000000	0.014449
0.000000	0.000000	0.000000	0.000000	0.000000	0.000000	0.000000	0.000000	0.000000	0.000000	0.000000	0.000000	0.000000	0.000000	0.000000	0.021266	0.000064	0.201019	0.001852	0.100043	0.003839	0.011961	0.003130	0.028632	0.013116	0.284483	0.309034	0.004744	0.002369	0.000000	0.000000	0.000000	0.000000	0.000000	0.000000	0.000000	0.000000	0.000000	0.000000	0.000000	0.000000	0.000000	0.000000	0.014449
0.000000	0.000000	0.000000	0.000000	0.000000	0.000000	0.000000	0.000000	0.000000	0.000000	0.000000	0.000000	0.000000	0.000000	0.000000	0.021266	0.039904	0.046095	0.003560	0.017906	0.000297	0.067809	0.209950	0.025188	0.020530	0.010320	0.011238	0.010453	0.001035	0.000036	0.000014	0.000104	0.000202	0.004456	0.009255	0.013408	0.049441	0.003193	0.010767	0.009062	0.002454	0.118763	0.278845	0.014449
0.000000	0.000000	0.000000	0.000000	0.000000	0.000000	0.000000	0.000000	0.000000	0.000000	0.000000	0.000000	0.000000	0.000000	0.000000	0.021266	0.039904	0.046095	0.003560	0.017906	0.000297	0.067809	0.209950	0.025188	0.020530	0.010320	0.011238	0.010453	0.001035	0.000036	0.000014	0.000104	0.000202	0.004456	0.009255	0.013408	0.049441	0.003193	0.010767	0.009062	0.002454	0.118763	0.278845	0.014449
0.000000	0.000000	0.000000	0.000000	0.000000	0.000000	0.000000	0.000000	0.000000	0.000000	0.000000	0.000000	0.000000	0.000000	0.000000	0.021266	0.007411	0.007841	0.015051	0.032128	0.567871	0.164193	0.006231	0.011739	0.001651	0.103177	0.041759	0.000077	0.005158	0.000000	0.000000	0.000000	0.000000	0.000000	0.000000	0.000000	0.000000	0.000000	0.000000	0.000000	0.000000	0.000000	0.000000	0.014449
0.000000	0.000000	0.000000	0.000000	0.000000	0.000000	0.000000	0.000000	0.000000	0.000000	0.000000	0.000000	0.000000	0.000000	0.000000	0.021266	0.000308	0.215178	0.000674	0.079846	0.043708	0.001983	0.051556	0.040997	0.030830	0.196145	0.032534	0.235823	0.034703	0.000000	0.000000	0.000000	0.000000	0.000000	0.000000	0.000000	0.000000	0.000000	0.000000	0.000000	0.000000	0.000000	0.000000	0.014449
0.000000	0.000000	0.000000	0.000000	0.000000	0.000000	0.000000	0.000000	0.000000	0.000000	0.000000	0.000000	0.000000	0.000000	0.000000	0.021266	0.013326	0.018290	0.010053	0.014587	0.021053	0.063029	0.145354	0.000999	0.020882	0.020996	0.127359	0.448027	0.060332	0.000000	0.000000	0.000000	0.000000	0.000000	0.000000	0.000000	0.000000	0.000000	0.000000	0.000000	0.000000	0.000000	0.000000	0.014449
