0.993093
0.006129
0.000559
0.000033
0.000082
0.000093
0.000010
0.000001
0.000000
0.000000
0.000000
0.000000
0.000000
0.000000
0.000000
0.000000
0.000000
0.000000
0.000000
0.000000
0.000000
0.000000
0.000000
0.000000
0.000000
0.000000
0.000000
0.000000
0.000000
0.000000
0.000000
0.000000
0.000000
0.000000
0.000000
0.000000
0.000000
0.000000
0.000000
0.000000
0.000000
0.000000
0.000000
0.000000
0.071449
0.173446
0.103137
0.522118
0.121344
0.008185
0.000256
0.000066
0.000000
0.000000
0.000000
0.000000
0.000000
0.000000
0.000000
0.000000
0.000000
0.000000
0.000000
0.000000
0.000000
0.000000
0.000000
0.000000
0.000000
0.000000
0.000000
0.000000
0.000000
0.000000
0.000000
0.000000
0.000000
0.000000
0.000000
0.000000
0.000000
0.000000
0.000000
0.000000
0.000000
0.000000
0.000000
0.000000
0.815900
0.180110
0.001779
0.000823
0.001083
0.000246
0.000053
0.000006
0.000001
0.000000
0.000000
0.000000
0.000000
0.000000
0.000000
0.000000
0.000000
0.000000
0.000000
0.000000
0.000000
0.000000
0.000000
0.000000
0.000000
0.000000
0.000000
0.000000
0.000000
0.000000
0.000000
0.000000
0.000000
0.000000
0.000000
0.000000
0.000000
0.000000
0.000000
0.000000
0.000000
0.000000
0.000000
0.000000
0.068393
0.072906
0.823927
0.012405
0.021874
0.000482
0.000010
0.000000
0.000002
0.000000
0.000000
0.000000
0.000000
0.000000
0.000000
0.000000
0.000000
0.000000
0.000000
0.000000
0.000000
0.000000
0.000000
0.000000
0.000000
0.000000
0.000000
0.000000
0.000000
0.000000
0.000000
0.000000
0.000000
0.000000
0.000000
0.000000
0.000000
0.000000
0.000000
0.000000
0.000000
0.000000
0.000000
0.000000
0.068689
0.346136
0.574448
0.004649
0.005367
0.000463
0.000245
0.000001
0.000002
0.000000
0.000000
0.000000
0.000000
0.000000
0.000000
0.000000
0.000000
0.000000
0.000000
0.000000
0.000000
0.000000
0.000000
0.000000
0.000000
0.000000
0.000000
0.000000
0.000000
0.000000
0.000000
0.000000
0.000000
0.000000
0.000000
0.000000
0.000000
0.000000
0.000000
0.000000
0.000000
0.000000
0.000000
0.000000
0.992297
0.001006
0.000336
0.000001
0.000054
0.000823
0.005476
0.000007
0.000000
0.000000
0.000000
0.000000
0.000000
0.000000
0.000000
0.000000
0.000000
0.000000
0.000000
0.000000
0.000000
0.000000
0.000000
0.000000
0.000000
0.000000
0.000000
0.000000
0.000000
0.000000
0.000000
0.000000
0.000000
0.000000
0.000000
0.000000
0.000000
0.000000
0.000000
0.000000
0.000000
0.000000
0.000000
0.000000
0.999435
0.000005
0.000079
0.000156
0.000005
0.000080
0.000012
0.000228
0.000000
0.000000
0.000000
0.000000
0.000000
0.000000
0.000000
0.000000
0.000000
0.000000
0.000000
0.000000
0.000000
0.000000
0.000000
0.000000
0.000000
0.000000
0.000000
0.000000
0.000000
0.000000
0.000000
0.000000
0.000000
0.000000
0.000000
0.000000
0.000000
0.000000
0.000000
0.000000
0.000000
0.000000
0.000000
0.000000
0.743909
0.074257
0.000352
0.117440
0.062638
0.001125
0.000261
0.000017
0.000000
0.000000
0.000000
0.000000
0.000000
0.000000
0.000000
0.000000
0.000000
0.000000
0.000000
0.000000
0.000000
0.000000
0.000000
0.000000
0.000000
0.000000
0.000000
0.000000
0.000000
0.000000
0.000000
0.000000
0.000000
0.000000
0.000000
0.000000
0.000000
0.000000
0.000000
0.000000
0.000000
0.000000
0.000000
0.000000
0.983134
0.002261
0.000490
0.001493
0.000872
0.010332
0.001410
0.000009
0.000000
0.000000
0.000000
0.000000
0.000000
0.000000
0.000000
0.000000
0.000000
0.000000
0.000000
0.000000
0.000000
0.000000
0.000000
0.000000
0.000000
0.000000
0.000000
0.000000
0.000000
0.000000
0.000000
0.000000
0.000000
0.000000
0.000000
0.000000
0.000000
0.000000
0.000000
0.000000
0.000000
0.000000
0.000000
0.000000
0.389961
0.301706
0.081145
0.000342
0.221804
0.004920
0.000094
0.000027
0.000000
0.000000
0.000000
0.000000
0.000000
0.000000
0.000000
0.000000
0.000000
0.000000
0.000000
0.000000
0.000000
0.000000
0.000000
0.000000
0.000000
0.000000
0.000000
0.000000
0.000000
0.000000
0.000000
0.000000
0.000000
0.000000
0.000000
0.000000
0.000000
0.000000
0.000000
0.000000
0.000000
0.000000
0.000000
0.000000
0.000043
0.000047
0.000016
0.000029
0.000000
0.000008
0.000368
0.000024
0.000260
0.009953
0.258087
0.008908
0.005252
0.001432
0.005569
0.045627
0.004633
0.000386
0.003392
0.000503
0.000510
0.000867
0.000000
0.000000
0.000000
0.000000
0.000000
0.000000
0.000000
0.000000
0.000000
0.000000
0.000000
0.000000
0.000000
0.000000
0.000000
0.000000
0.000000
0.000000
0.000000
0.000000
0.000000
0.000060
0.000043
0.000047
0.000016
0.000029
0.000000
0.000008
0.000368
0.000024
0.000260
0.009953
0.000010
0.001444
0.000745
0.002406
0.000001
0.000204
0.000655
0.000072
0.000002
0.000000
0.000001
0.000000
0.211151
0.048284
0.029393
0.014423
0.021420
0.002330
0.000375
0.000565
0.000857
0.000682
0.000064
0.000010
0.000042
0.000005
0.000021
0.000005
0.000000
0.000000
0.000000
0.000000
0.000000
0.000060
0.000043
0.000047
0.000016
0.000029
0.000000
0.000008
0.000368
0.000024
0.000260
0.009953
0.000010
0.001444
0.000745
0.002406
0.000001
0.000204
0.000655
0.000072
0.000002
0.000000
0.000001
0.000000
0.007114
0.014677
0.054043
0.173850
0.046457
0.022098
0.000692
0.006526
0.000140
0.001063
0.002272
0.000101
0.000132
0.000415
0.000001
0.000046
0.000000
0.000000
0.000000
0.000000
0.000000
0.000060
0.000043
0.000047
0.000016
0.000029
0.000000
0.000008
0.000368
0.000024
0.000260
0.009953
0.000010
0.001444
0.000745
0.002406
0.000001
0.000204
0.000655
0.000072
0.000002
0.000000
0.000001
0.000000
0.103057
0.211077
0.009020
0.002268
0.001818
0.001428
0.000335
0.000009
0.000264
0.000008
0.000020
0.000304
0.000003
0.000009
0.000001
0.000005
0.000000
0.000000
0.000000
0.000000
0.000000
0.000060
0.000043
0.000047
0.000016
0.000029
0.000000
0.000008
0.000368
0.000024
0.000260
0.009953
0.000010
0.001444
0.000745
0.002406
0.000001
0.000204
0.000655
0.000072
0.000002
0.000000
0.000001
0.000000
0.015800
0.024406
0.130392
0.013596
0.052088
0.000876
0.010154
0.042787
0.028226
0.001907
0.000380
0.007503
0.001462
0.000002
0.000044
0.000002
0.000000
0.000000
0.000000
0.000000
0.000000
0.000060
0.000043
0.000047
0.000016
0.000029
0.000000
0.000008
0.000368
0.000024
0.000260
0.009953
0.000010
0.001444
0.000745
0.002406
0.000001
0.000204
0.000655
0.000072
0.000002
0.000000
0.000001
0.000000
0.003622
0.004846
0.053905
0.000441
0.011778
0.001029
0.055219
0.162143
0.019877
0.005099
0.007136
0.002393
0.001555
0.000365
0.000191
0.000027
0.000000
0.000000
0.000000
0.000000
0.000000
0.000060
0.000043
0.000047
0.000016
0.000029
0.000000
0.000008
0.000368
0.000024
0.000260
0.009953
0.000010
0.001444
0.000745
0.002406
0.000001
0.000204
0.000655
0.000072
0.000002
0.000000
0.000001
0.000000
0.000000
0.000008
0.000497
0.001181
0.019959
0.187433
0.013420
0.008394
0.072007
0.015985
0.005760
0.001295
0.000062
0.003388
0.000237
0.000000
0.000000
0.000000
0.000000
0.000000
0.000000
0.000060
0.000043
0.000047
0.000016
0.000029
0.000000
0.000008
0.000368
0.000024
0.000260
0.009953
0.000010
0.001444
0.000745
0.002406
0.000001
0.000204
0.000655
0.000072
0.000002
0.000000
0.000001
0.000000
0.000318
0.004152
0.002410
0.059613
0.034142
0.113885
0.023602
0.005695
0.046018
0.026535
0.003396
0.003908
0.000184
0.005648
0.000103
0.000018
0.000000
0.000000
0.000000
0.000000
0.000000
0.000060
0.000043
0.000047
0.000016
0.000029
0.000000
0.000008
0.000368
0.000024
0.000260
0.009953
0.000010
0.001444
0.000745
0.002406
0.000001
0.000204
0.000655
0.000072
0.000002
0.000000
0.000001
0.000000
0.000068
0.003405
0.014247
0.007747
0.044831
0.000022
0.000531
0.004300
0.038995
0.093623
0.056359
0.042239
0.022921
0.000005
0.000334
0.000000
0.000000
0.000000
0.000000
0.000000
0.000000
0.000060
0.000043
0.000047
0.000016
0.000029
0.000000
0.000008
0.000368
0.000024
0.000260
0.009953
0.000010
0.001444
0.000745
0.002406
0.000001
0.000204
0.000655
0.000072
0.000002
0.000000
0.000001
0.000000
0.000000
0.000031
0.016912
0.051958
0.045522
0.007132
0.048967
0.000346
0.060042
0.010476
0.026765
0.041523
0.013244
0.006447
0.000180
0.000082
0.000000
0.000000
0.000000
0.000000
0.000000
0.000060
0.000043
0.000047
0.000016
0.000029
0.000000
0.000008
0.000368
0.000024
0.000260
0.009953
0.000010
0.001444
0.000745
0.002406
0.000001
0.000204
0.000655
0.000072
0.000002
0.000000
0.000001
0.000000
0.000383
0.001468
0.000677
0.000112
0.006465
0.000346
0.021302
0.024108
0.011193
0.020049
0.025377
0.000169
0.072376
0.121563
0.012136
0.011902
0.000000
0.000000
0.000000
0.000000
0.000000
0.000060
0.000043
0.000047
0.000016
0.000029
0.000000
0.000008
0.000368
0.000024
0.000260
0.009953
0.000010
0.001444
0.000745
0.002406
0.000001
0.000204
0.000655
0.000072
0.000002
0.000000
0.000001
0.000000
0.000349
0.001192
0.000974
0.005512
0.000269
0.000589
0.071130
0.028332
0.001541
0.056055
0.044613
0.002260
0.043097
0.072926
0.000768
0.000020
0.000000
0.000000
0.000000
0.000000
0.000000
0.000060
0.000043
0.000047
0.000016
0.000029
0.000000
0.000008
0.000368
0.000024
0.000260
0.009953
0.000010
0.001444
0.000745
0.002406
0.000001
0.000204
0.000655
0.000072
0.000002
0.000000
0.000001
0.000000
0.000157
0.002690
0.004688
0.000289
0.005038
0.000066
0.000567
0.000024
0.002621
0.006643
0.021526
0.013626
0.001111
0.037454
0.097651
0.135474
0.000000
0.000000
0.000000
0.000000
0.000000
0.000060
0.000043
0.000047
0.000016
0.000029
0.000000
0.000008
0.000368
0.000024
0.000260
0.009953
0.000010
0.001444
0.000745
0.002406
0.000001
0.000204
0.000655
0.000072
0.000002
0.000000
0.000001
0.000000
0.000237
0.002406
0.004121
0.000299
0.006277
0.000023
0.000841
0.000109
0.001691
0.000035
0.002678
0.010719
0.000466
0.000001
0.004340
0.007615
0.263756
0.021076
0.002655
0.000017
0.000266
0.000060
0.000043
0.000047
0.000016
0.000029
0.000000
0.000008
0.000368
0.000024
0.000260
0.009953
0.000010
0.001444
0.000745
0.002406
0.000001
0.000204
0.000655
0.000072
0.000002
0.000000
0.000001
0.000000
0.000237
0.002406
0.004121
0.000299
0.006277
0.000023
0.000841
0.000109
0.001691
0.000035
0.002678
0.010719
0.000466
0.000001
0.004340
0.007615
0.060444
0.137457
0.074545
0.009727
0.005596
0.000060
0.000043
0.000047
0.000016
0.000029
0.000000
0.000008
0.000368
0.000024
0.000260
0.009953
0.000010
0.001444
0.000745
0.002406
0.000001
0.000204
0.000655
0.000072
0.000002
0.000000
0.000001
0.000000
0.000237
0.002406
0.004121
0.000299
0.006277
0.000023
0.000841
0.000109
0.001691
0.000035
0.002678
0.010719
0.000466
0.000001
0.004340
0.007615
0.000492
0.142535
0.013924
0.078792
0.052026
0.000060
0.000043
0.000047
0.000016
0.000029
0.000000
0.000008
0.000368
0.000024
0.000260
0.009953
0.000010
0.001444
0.000745
0.002406
0.000001
0.000204
0.000655
0.000072
0.000002
0.000000
0.000001
0.000000
0.000237
0.002406
0.004121
0.000299
0.006277
0.000023
0.000841
0.000109
0.001691
0.000035
0.002678
0.010719
0.000466
0.000001
0.004340
0.007615
0.010139
0.002961
0.141598
0.047875
0.085196
0.000060
0.000043
0.000047
0.000016
0.000029
0.000000
0.000008
0.000368
0.000024
0.000260
0.009953
0.000010
0.001444
0.000745
0.002406
0.000001
0.000204
0.000655
0.000072
0.000002
0.000000
0.000001
0.000000
0.000237
0.002406
0.004121
0.000299
0.006277
0.000023
0.000841
0.000109
0.001691
0.000035
0.002678
0.010719
0.000466
0.000001
0.004340
0.007615
0.005428
0.000103
0.071870
0.055398
0.154971
0.000060
0.000043
0.000047
0.000016
0.000029
0.000000
0.000008
0.000368
0.000024
0.000260
0.009953
0.000010
0.001444
0.000745
0.002406
0.000001
0.000204
0.000655
0.000072
0.000002
0.000000
0.000001
0.000000
0.000237
0.002406
0.004121
0.000299
0.006277
0.000023
0.000841
0.000109
0.001691
0.000035
0.002678
0.010719
0.000466
0.000001
0.004340
0.007615
0.005064
0.041191
0.040732
0.153514
0.047269
0.000060
0.000043
0.000047
0.000016
0.000029
0.000000
0.000008
0.000368
0.000024
0.000260
0.009953
0.000010
0.001444
0.000745
0.002406
0.000001
0.000204
0.000655
0.000072
0.000002
0.000000
0.000001
0.000000
0.000495
0.003893
0.000810
0.000626
0.000106
0.000635
0.082957
0.041657
0.009670
0.085887
0.011991
0.003030
0.047566
0.021923
0.000018
0.018364
0.000000
0.000000
0.000000
0.000000
0.000000
0.000060
0.000043
0.000047
0.000016
0.000029
0.000000
0.000008
0.000368
0.000024
0.000260
0.009953
0.000010
0.001444
0.000745
0.002406
0.000001
0.000204
0.000655
0.000072
0.000002
0.000000
0.000001
0.000000
0.000494
0.004928
0.001404
0.000749
0.000738
0.000628
0.008374
0.001352
0.000000
0.020889
0.001966
0.118356
0.065256
0.042489
0.023396
0.038606
0.000000
0.000000
0.000000
0.000000
0.000000
0.000060
0.000043
0.000047
0.000016
0.000029
0.000000
0.000008
0.000368
0.000024
0.000260
0.009953
0.000010
0.001444
0.000745
0.002406
0.000001
0.000204
0.000655
0.000072
0.000002
0.000000
0.000001
0.000000
0.000534
0.003800
0.000002
0.002711
0.004013
0.002691
0.000544
0.006135
0.010276
0.000047
0.037673
0.041408
0.001790
0.000217
0.143137
0.074649
0.000000
0.000000
0.000000
0.000000
0.000000
0.000060
0.000043
0.000047
0.000016
0.000029
0.000000
0.000008
0.000368
0.000024
0.000260
0.009953
0.000010
0.001444
0.000745
0.002406
0.000001
0.000204
0.000655
0.000072
0.000002
0.000000
0.000001
0.000000
0.000359
0.002031
0.001224
0.008455
0.013013
0.003998
0.002109
0.012297
0.033449
0.000166
0.083958
0.002883
0.071723
0.032462
0.041063
0.020436
0.000000
0.000000
0.000000
0.000000
0.000000
0.000060
0.000043
0.000047
0.000016
0.000029
0.000000
0.000008
0.000368
0.000024
0.000260
0.009953
0.000003
0.003843
0.018974
0.083917
0.029051
0.071275
0.044702
0.000003
0.009046
0.051142
0.000821
0.022389
0.000000
0.000000
0.000000
0.000000
0.000000
0.000000
0.000000
0.000000
0.000000
0.000000
0.000000
0.000000
0.000000
0.000000
0.000000
0.000000
0.000000
0.000000
0.000000
0.000000
0.000000
0.000060
0.000043
0.000047
0.000016
0.000029
0.000000
0.000008
0.000368
0.000024
0.000260
0.009953
0.000134
0.001509
0.021731
0.074963
0.136899
0.000921
0.004329
0.032162
0.011462
0.039396
0.000069
0.011591
0.000000
0.000000
0.000000
0.000000
0.000000
0.000000
0.000000
0.000000
0.000000
0.000000
0.000000
0.000000
0.000000
0.000000
0.000000
0.000000
0.000000
0.000000
0.000000
0.000000
0.000000
0.000060
0.000043
0.000047
0.000016
0.000029
0.000000
0.000008
0.000368
0.000024
0.000260
0.009953
0.000004
0.000046
0.038801
0.000389
0.019543
0.000437
0.023762
0.004781
0.220562
0.003458
0.022498
0.000885
0.000000
0.000000
0.000000
0.000000
0.000000
0.000000
0.000000
0.000000
0.000000
0.000000
0.000000
0.000000
0.000000
0.000000
0.000000
0.000000
0.000000
0.000000
0.000000
0.000000
0.000000
0.000060
0.000043
0.000047
0.000016
0.000029
0.000000
0.000008
0.000368
0.000024
0.000260
0.009953
0.000011
0.000004
0.054590
0.000149
0.001553
0.006767
0.091506
0.066668
0.026142
0.016704
0.000160
0.070914
0.000000
0.000000
0.000000
0.000000
0.000000
0.000000
0.000000
0.000000
0.000000
0.000000
0.000000
0.000000
0.000000
0.000000
0.000000
0.000000
0.000000
0.000000
0.000000
0.000000
0.000000
0.000060
0.000043
0.000047
0.000016
0.000029
0.000000
0.000008
0.000368
0.000024
0.000260
0.009953
0.000057
0.000392
0.030317
0.003598
0.012512
0.005202
0.001840
0.006695
0.000014
0.079823
0.121637
0.073080
0.000000
0.000000
0.000000
0.000000
0.000000
0.000000
0.000000
0.000000
0.000000
0.000000
0.000000
0.000000
0.000000
0.000000
0.000000
0.000000
0.000000
0.000000
0.000000
0.000000
0.000000
0.000060
0.000043
0.000047
0.000016
0.000029
0.000000
0.000008
0.000368
0.000024
0.000260
0.009953
0.000068
0.000026
0.070998
0.000302
0.100217
0.014465
0.003141
0.001965
0.011021
0.078117
0.002456
0.052393
0.000000
0.000000
0.000000
0.000000
0.000000
0.000000
0.000000
0.000000
0.000000
0.000000
0.000000
0.000000
0.000000
0.000000
0.000000
0.000000
0.000000
0.000000
0.000000
0.000000
0.000000
0.000060
0.000043
0.000047
0.000016
0.000029
0.000000
0.000008
0.000368
0.000024
0.000260
0.009953
0.004557
0.000279
0.017457
0.047886
0.006684
0.014444
0.052847
0.003950
0.000486
0.042662
0.052532
0.091384
0.000000
0.000000
0.000000
0.000000
0.000000
0.000000
0.000000
0.000000
0.000000
0.000000
0.000000
0.000000
0.000000
0.000000
0.000000
0.000000
0.000000
0.000000
0.000000
0.000000
0.000000
0.000060
0.000043
0.000047
0.000016
0.000029
0.000000
0.000008
0.000368
0.000024
0.000260
0.009953
0.004907
0.000564
0.015819
0.052656
0.018686
0.007493
0.030296
0.000261
0.026208
0.032130
0.140135
0.006011
0.000000
0.000000
0.000000
0.000000
0.000000
0.000000
0.000000
0.000000
0.000000
0.000000
0.000000
0.000000
0.000000
0.000000
0.000000
0.000000
0.000000
0.000000
0.000000
0.000000
0.000000
0.000060
0.000043
0.000047
0.000016
0.000029
0.000000
0.000008
0.000368
0.000024
0.000260
0.009953
0.007067
0.184016
0.010810
0.000012
0.002231
0.097297
0.031304
0.000001
0.001264
0.000655
0.000118
0.000392
0.000000
0.000000
0.000000
0.000000
0.000000
0.000000
0.000000
0.000000
0.000000
0.000000
0.000000
0.000000
0.000000
0.000000
0.000000
0.000000
0.000000
0.000000
0.000000
0.000000
0.000000
0.000060
0.000043
0.000047
0.000016
0.000029
0.000000
0.000008
0.000368
0.000024
0.000260
0.009953
0.030378
0.057265
0.037596
0.011543
0.000956
0.061631
0.001692
0.112205
0.011739
0.000720
0.002014
0.007428
0.000000
0.000000
0.000000
0.000000
0.000000
0.000000
0.000000
0.000000
0.000000
0.000000
0.000000
0.000000
0.000000
0.000000
0.000000
0.000000
0.000000
0.000000
0.000000
0.000000
0.000000
0.000060
0.000043
0.000047
0.000016
0.000029
0.000000
0.000008
0.000368
0.000024
0.000260
0.009953
0.039830
0.056706
0.006599
0.015554
0.011409
0.015281
0.040851
0.114652
0.023934
0.000010
0.002353
0.007988
0.000000
0.000000
0.000000
0.000000
0.000000
0.000000
0.000000
0.000000
0.000000
0.000000
0.000000
0.000000
0.000000
0.000000
0.000000
0.000000
0.000000
0.000000
0.000000
0.000000
0.000000
0.000060
