0.023576
0.000455
0.016767
0.003672
0.077142
0.000374
0.017353
0.050649
0.239851
0.000000
0.000000
0.000000
0.000000
0.000000
0.000000
0.000000
0.000000
0.000000
0.000000
0.000000
0.000000
0.000000
0.000000
0.000000
0.000000
0.000000
0.000000
0.000000
0.000000
0.000000
0.000000
0.000000
0.000000
0.000000
0.000000
0.000000
0.000000
0.000000
0.000000
0.000000
0.000000
0.000000
0.000000
0.570162
0.015939
0.111244
0.111764
0.003012
0.007295
0.126140
0.547418
0.005625
0.022612
0.000553
0.000234
0.000886
0.000792
0.001089
0.001051
0.000401
0.002425
0.002524
0.000125
0.000737
0.003506
0.001238
0.002050
0.001157
0.000173
0.000002
0.000187
0.000119
0.003582
0.000454
0.000051
0.000542
0.000026
0.000005
0.000307
0.000276
0.000090
0.000225
0.000015
0.000752
0.002193
0.002162
0.000057
0.018967
0.017724
0.066265
0.003280
0.213617
0.173370
0.000011
0.000500
0.005273
0.006596
0.015938
0.000687
0.088817
0.036698
0.000696
0.000417
0.006850
0.001495
0.058914
0.012870
0.003668
0.056273
0.002444
0.071824
0.000851
0.000034
0.000774
0.010880
0.001322
0.007581
0.018066
0.000038
0.000641
0.009206
0.000196
0.010154
0.010395
0.000081
0.006453
0.003143
0.000381
0.010061
0.062842
0.000379
0.002295
0.024098
0.004778
0.014228
0.003411
0.018194
0.000036
0.000041
0.004409
0.000768
0.004263
0.000597
0.001049
0.004768
0.031194
0.000741
0.059234
0.028050
0.000140
0.043858
0.009253
0.007797
0.000035
0.005821
0.004618
0.075551
0.016836
0.087949
0.050053
0.027621
0.063019
0.015052
0.143073
0.013489
0.036206
0.005879
0.003030
0.001158
0.047228
0.059335
0.065871
0.002577
0.002279
0.011348
0.001060
0.022450
0.016132
0.031545
0.022332
0.051546
0.003260
0.000102
0.003958
0.028527
0.109143
0.012262
0.006914
0.067382
0.038935
0.015311
0.031463
0.019343
0.011457
0.004150
0.025443
0.018740
0.007038
0.003212
0.010522
0.006791
0.052559
0.010672
0.061416
0.000590
0.004356
0.003479
0.015007
0.011747
0.007937
0.016291
0.013343
0.000192
0.001156
0.000303
0.143048
0.003803
0.035337
0.017535
0.033271
0.024376
0.001996
0.013010
0.000248
0.009570
0.004315
0.008578
0.000253
0.001459
0.011695
0.015361
0.094787
0.038357
0.067315
0.046781
0.006806
0.029451
0.090622
0.128087
0.014870
0.002237
0.012603
0.003305
0.008646
0.010260
0.007542
0.000053
0.046985
0.011049
0.001114
0.000039
0.014385
0.038525
0.001544
0.028231
0.048326
0.004033
0.016202
0.000498
0.020061
0.000304
0.112112
0.003090
0.000922
0.022678
0.026066
0.025639
0.002080
0.031666
0.000000
0.002397
0.013934
0.003620
0.001263
0.003341
0.069737
0.124965
0.499077
0.005620
0.001350
0.017824
0.002772
0.018208
0.000001
0.000750
0.002237
0.009098
0.008626
0.025460
0.009899
0.001888
0.006145
0.003528
0.000002
0.002073
0.001143
0.000566
0.010989
0.015855
0.000602
0.003624
0.003390
0.005165
0.001622
0.000790
0.008142
0.001658
0.004511
0.023577
0.006819
0.019075
0.033071
0.008998
0.006095
0.001404
0.001056
0.001009
0.001309
0.084970
0.023209
0.082520
0.021458
0.042064
0.001560
0.000019
0.445382
0.057480
0.012279
0.007682
0.003395
0.006223
0.000832
0.007750
0.000067
0.001287
0.021525
0.002981
0.001277
0.000023
0.000929
0.016260
0.007129
0.011578
0.001736
0.000965
0.005359
0.003487
0.015106
0.000258
0.003091
0.002044
0.005664
0.024445
0.000608
0.000018
0.038098
0.006435
0.015329
0.003812
0.002820
0.013243
0.005998
0.037204
0.000759
0.000886
0.007267
0.094900
0.239376
0.065421
0.020697
0.000097
0.000472
0.000182
0.005925
0.025977
0.131952
0.000310
0.015218
0.000486
0.063376
0.000483
0.000187
0.012090
0.020443
0.002184
0.000375
0.003584
0.012926
0.001519
0.010294
0.004687
0.000377
0.017492
0.079946
0.012067
0.000034
0.020239
0.063939
0.012457
0.001705
0.153148
0.016167
0.018912
0.013793
0.011335
0.020791
0.000008
0.047843
0.004099
0.002932
0.012007
0.000550
0.025189
0.006209
0.005690
0.000060
0.061974
0.006181
0.013154
0.005874
0.037732
0.144367
0.074162
0.000655
0.001293
0.067299
0.004578
0.014803
0.001944
0.009596
0.002801
0.010825
0.000589
0.000363
0.059990
0.001167
0.019443
0.001537
0.008282
0.014316
0.023039
0.007573
0.036354
0.000955
0.037704
0.008238
0.012738
0.000547
0.343770
0.000483
0.002703
0.032703
0.038290
0.000343
0.000953
0.001680
0.037545
0.000096
0.087308
0.005035
0.012382
0.005620
0.012228
0.027300
0.009300
0.019586
0.011025
0.011253
0.008290
0.000073
0.000028
0.003227
0.002118
0.000002
0.000466
0.000152
0.004494
0.002402
0.015706
0.028864
0.000264
0.006152
0.031228
0.109784
0.024468
0.003241
0.001467
0.000721
0.021482
0.107888
0.018875
0.000569
0.008391
0.003901
0.010250
0.100397
0.030892
0.001825
0.000199
0.071969
0.026835
0.003711
0.012294
0.041761
0.034829
0.008143
0.000000
0.010625
0.004838
0.039377
0.012938
0.000001
0.009039
0.033511
0.090533
0.009989
0.000135
0.035039
0.001928
0.028229
0.002200
0.099412
0.037531
0.013287
0.000002
0.003491
0.024366
0.009423
0.024317
0.007315
0.005163
0.015184
0.002308
0.002409
0.000722
0.001540
0.000020
0.001320
0.004479
0.015160
0.028155
0.002325
0.008003
0.010082
0.031240
0.001362
0.000042
0.002190
0.001122
0.000053
0.002590
0.136309
0.167958
0.014416
0.000354
0.005256
0.034105
0.009569
0.031507
0.000078
0.014223
0.025704
0.014492
0.064920
0.016502
0.050196
0.005945
0.084362
0.136096
0.000012
0.020519
0.000376
0.023014
0.010719
0.041650
0.009015
0.001249
0.003342
0.001016
0.001976
0.003188
0.015407
0.009848
0.000108
0.001990
0.004164
0.199702
0.003167
0.009032
0.000559
0.044111
0.013354
0.012783
0.014475
0.032882
0.007162
0.004266
0.012460
0.034556
0.001380
0.081338
0.000391
0.006869
0.004723
0.076936
0.017485
0.081771
0.048957
0.013608
0.000857
0.099456
0.001387
0.033350
0.009985
0.005613
0.000697
0.019781
0.055019
0.075522
0.014786
0.013356
0.000627
0.001552
0.002325
0.025129
0.014982
0.026598
0.007664
0.001415
0.025195
0.003783
0.001218
0.027862
0.010899
0.026549
0.001703
0.008526
0.013337
0.034219
0.006559
0.024330
0.159113
0.088763
0.000356
0.002388
0.000681
0.117992
0.015662
0.032866
0.000149
0.000508
0.006349
0.045382
0.017011
0.000772
0.025920
0.003079
0.003054
0.011376
0.025642
0.023394
0.022845
0.018765
0.000211
0.000040
0.003570
0.000431
0.027197
0.018492
0.000679
0.000789
0.084258
0.000320
0.001550
0.011790
0.015140
0.002302
0.001127
0.036664
0.000130
0.011603
0.003291
0.003021
0.020526
0.001109
0.006416
0.000248
0.011474
0.149950
0.022502
0.047272
0.005590
0.006418
0.088601
0.128631
0.041168
0.000080
0.063419
0.039964
0.050777
0.000126
0.006339
0.002020
0.019759
0.024786
0.000113
0.000427
0.000454
0.019395
0.001131
0.004348
0.003790
0.000319
0.086117
0.031921
0.000848
0.000124
0.034262
0.000939
0.086012
0.260918
0.005793
0.030737
0.048109
0.006185
0.026827
0.002878
0.000001
0.056256
0.011653
0.025275
0.003837
0.020585
0.002126
0.056370
0.044293
0.014187
0.004563
0.034648
0.010140
0.000009
0.003485
0.001216
0.003855
0.008113
0.020926
0.002027
0.000000
0.022254
0.043222
0.003831
0.005224
0.069198
0.009817
0.001282
0.028409
0.000890
0.001489
0.016339
0.026153
0.000021
0.001573
0.063407
0.009149
0.005515
0.052034
0.012113
0.160152
0.004953
0.000998
0.025747
0.000150
0.003378
0.047939
0.004046
0.000023
0.006221
0.000714
0.000798
0.011911
0.000074
0.000096
0.006382
0.000469
0.002153
0.052136
0.002713
0.020056
0.145966
0.114424
0.004378
0.012202
0.022100
0.006492
0.072915
0.005254
0.005889
0.017431
0.023125
0.044569
0.001732
0.014034
0.005280
0.024024
0.022447
0.004863
0.055785
0.003230
0.007939
0.013434
0.005043
0.013162
0.010271
0.101019
0.004117
0.000244
0.010022
0.000112
0.037718
0.014107
0.047066
0.105943
0.045780
0.048453
0.007422
0.015733
0.024439
0.000008
0.076579
0.001715
0.039685
0.001636
0.034329
0.000029
0.000801
0.004023
0.023664
0.000398
0.038240
0.001335
0.000142
0.007782
0.010555
0.013271
0.081018
0.077862
0.007299
0.015009
0.001321
0.010217
0.006568
0.014121
0.048459
0.015317
0.042511
0.027859
0.000888
0.001630
0.002674
0.013524
0.004623
0.010796
0.015020
0.004111
0.011146
0.014410
0.002285
0.002284
0.113354
0.000007
0.001691
0.046240
0.013724
0.018927
0.005662
0.078107
0.008129
0.036510
0.080765
0.070543
0.024502
0.006291
0.006067
0.000069
0.003177
0.003655
0.000411
0.001050
0.000226
0.005456
0.004618
0.007979
0.000619
0.002752
0.010120
0.000398
0.000229
0.011768
0.004787
0.034608
0.016092
0.001769
0.017751
0.027662
0.057537
0.013841
0.035593
0.011842
0.000143
0.000122
0.020240
0.001922
0.005587
0.084937
0.170846
0.017914
0.198148
0.106314
0.023763
0.001020
0.014804
0.001982
0.041369
0.000021
0.024400
0.002903
0.013423
0.002166
0.000304
0.003677
0.000522
0.001065
0.001361
0.075591
0.041909
0.004307
0.004511
0.000010
0.022205
0.004059
0.024619
0.003555
0.044228
0.014071
0.011219
0.000006
0.027227
0.029043
0.015222
0.024992
0.047484
0.092139
0.028112
0.101325
0.016748
0.014607
0.027370
0.000023
0.046493
0.101777
0.003257
0.014482
0.005450
0.036111
0.047748
0.000453
0.019769
0.000059
0.022898
0.002334
0.054787
0.006363
0.000608
0.062056
0.000317
0.001071
0.024669
0.011154
0.082257
0.001503
0.047075
0.013780
0.057796
0.000666
0.006125
0.004599
0.000413
0.017723
0.009041
0.186826
0.027127
0.015972
0.004772
0.000433
0.020858
0.000121
0.016799
0.011837
0.007879
0.001058
0.007800
0.004201
0.000486
0.082468
0.059158
0.029176
0.031334
0.027833
0.000182
0.023408
0.004766
0.008268
0.024965
0.000095
0.000939
0.000975
0.000158
0.000113
0.000000
0.000000
0.000529
0.111758
0.019172
0.013118
0.001757
0.029422
0.006732
0.000015
0.005846
0.002966
0.002446
0.001212
0.100417
0.092322
0.001870
0.009574
0.002556
0.018634
0.037984
0.139291
0.001494
0.000073
0.064758
0.003333
0.025291
0.039963
0.092906
0.005228
0.008094
0.001708
0.022442
0.000023
0.021275
0.081056
0.007470
0.000019
0.024756
0.000315
0.007092
0.000115
0.000148
0.000080
0.000000
0.000340
0.001750
0.057617
0.033409
0.001302
0.031056
0.029043
0.000236
0.033062
0.013477
0.001146
0.006875
0.087591
0.017202
0.029763
0.047345
0.085491
0.124363
0.002060
0.082993
0.015985
0.001540
0.031491
0.003696
0.037835
0.001217
0.022482
0.005265
0.047005
0.017372
0.002076
0.001216
0.019662
0.054065
0.002085
0.018255
0.000125
0.023817
0.013178
0.010329
0.002201
0.024356
0.004442
0.004008
0.000346
0.002340
0.009713
0.000801
0.004601
0.000048
0.000008
0.006837
0.017263
0.000579
0.000343
0.014882
0.075316
0.000471
0.014244
0.002353
0.000126
0.022288
0.000833
0.032425
0.000877
0.002096
0.001798
0.029784
0.056468
0.206954
0.050698
0.076768
0.128722
0.000613
0.116303
0.015004
0.000092
0.008178
0.000949
0.005090
0.011459
0.022387
0.001971
0.041014
0.064031
0.036527
0.000754
0.000796
0.000614
0.019725
0.089637
0.017873
0.041254
0.068816
0.022079
0.005000
0.008426
0.000497
0.000998
0.125687
0.009604
0.015066
0.026659
0.015501
0.015304
0.074524
0.042430
0.013990
0.002573
0.022183
0.000852
0.028101
0.004529
0.013116
0.014338
0.000132
0.000139
0.042277
0.029839
0.008588
0.013073
0.007709
0.000575
0.028467
0.002345
0.022013
0.018344
0.039024
0.023197
0.055451
0.036307
0.001063
0.021181
0.003296
0.019288
0.032345
0.000225
0.002350
0.000482
0.009913
0.032939
0.024927
0.078814
0.000962
0.010626
0.020755
0.022698
0.001612
0.000841
0.083034
0.159471
0.003033
0.070925
0.002913
0.020677
0.021014
0.000014
0.009375
0.017185
0.000024
0.000764
0.001204
0.008464
0.000187
0.058095
0.018628
0.004872
0.032637
0.008832
0.023967
0.021437
0.002552
0.000107
0.004154
0.000070
0.005309
0.001066
0.001791
0.008052
0.003162
0.004925
0.009468
0.012859
0.008016
0.000011
0.000636
0.013777
0.000272
0.003538
0.006429
0.005399
0.000213
0.000046
0.000462
0.001050
0.022165
0.183625
0.062664
0.015126
0.000001
0.110611
0.081424
0.023890
0.021789
0.116048
0.013136
0.000481
0.084414
0.037213
0.038281
0.015122
0.033120
0.002119
0.020453
0.000166
0.041430
0.251145
0.008556
0.019463
0.026389
0.052175
0.004702
0.001520
0.025576
0.000263
0.010332
0.002382
0.001713
0.056867
0.000744
0.000022
0.002661
0.036161
0.006159
0.004245
0.001670
0.057175
0.037624
0.000092
0.048055
0.002723
0.037656
0.011462
0.060015
0.000839
0.003540
0.000003
0.027818
0.012858
0.034253
0.007473
0.007786
0.000026
0.001581
0.024647
0.049220
0.000361
0.022912
0.015451
0.020389
0.043231
0.020754
0.009648
0.009920
0.008980
0.000027
0.017631
0.209571
0.064749
0.033115
0.002477
0.063038
0.011804
0.000026
0.043394
0.003984
0.006637
0.000804
0.009622
0.010853
0.043353
0.006120
0.006351
0.001802
0.005278
0.035277
0.034682
0.042495
0.010456
0.019249
0.016431
0.007722
0.050582
0.002404
0.000017
0.000170
0.006449
0.002661
0.047581
0.028003
0.003900
0.019964
0.061420
0.067350
0.002952
0.006424
0.001544
0.067154
0.062770
0.002810
0.003733
0.008838
0.008584
0.000722
0.003850
0.002150
0.000749
0.000001
0.000218
0.017039
0.013994
0.072326
0.017116
0.001348
0.002070
0.002210
0.035389
0.006978
0.010925
0.014993
0.005896
0.001092
0.048600
0.116451
0.000070
0.014094
0.000749
0.044698
0.051860
0.143759
0.002956
0.022898
0.028482
0.002010
0.000760
0.020483
0.101186
0.003611
0.004306
0.000574
0.032332
0.002062
0.003532
0.005811
0.002271
0.025664
0.000377
0.193656
0.002611
0.021042
0.025271
0.041673
0.000559
0.003956
0.071843
0.000751
0.054041
0.004861
0.002679
0.011171
0.003218
0.002761
0.004387
0.155229
0.001567
0.012247
0.017002
0.012213
0.020442
0.007297
0.004811
0.000029
0.007481
0.017892
0.005289
0.000000
0.088772
0.001141
0.001901
0.024464
0.000559
0.011859
0.004755
0.006194
0.001220
0.000712
0.004180
0.001109
0.029065
0.010719
0.020629
0.002050
0.000793
0.005937
0.000379
0.006405
0.002386
0.000024
0.013813
0.033289
0.074482
0.000497
0.030097
0.007790
0.002092
0.017511
0.005964
0.001281
0.057434
0.091844
0.096713
0.000173
0.088531
0.028112
0.000182
0.117581
0.036121
0.129654
0.000287
0.032070
0.000556
0.000392
0.000097
0.021828
0.011504
0.028381
0.077724
0.074138
0.009511
0.021137
0.520240
0.087524
0.000160
0.004779
0.010967
0.001834
0.000677
0.000096
0.007670
0.023611
0.001866
0.019955
0.002631
0.004752
0.000096
0.000802
0.000193
0.000590
0.012091
0.000481
0.000156
0.000044
0.000613
0.000319
0.002070
0.001302
0.000088
0.000026
0.002142
0.000803
0.000325
0.001679
0.002394
0.000128
0.000807
0.009569
0.032299
0.020978
0.084311
0.008212
0.000002
0.012831
0.022432
0.009335
0.002537
0.009263
0.012468
0.013951
0.000006
0.001147
0.041083
0.037194
0.098397
0.033618
0.002540
0.000010
0.062939
0.064623
0.005031
0.001377
0.002998
0.004645
0.005118
0.033842
0.040654
0.002027
0.032822
0.014842
0.034070
0.007314
0.097998
0.034023
0.004450
0.061407
0.000697
0.017255
0.047302
0.000391
0.005992
0.003049
0.004819
0.023428
0.019640
0.019397
0.006217
0.000667
0.002188
0.008475
0.000234
0.009204
0.026407
0.008859
0.000023
0.001524
0.005264
0.003241
0.015494
0.011083
0.002445
0.003929
0.000013
0.006623
0.000176
0.007532
0.027970
0.021931
0.002229
0.024917
0.024034
0.044803
0.013309
0.060521
0.000045
0.000225
0.003015
0.019023
0.010349
0.080393
0.002200
0.000337
0.099631
0.019102
0.059451
0.297007
0.007443
0.017800
0.113309
0.066289
0.001110
0.006061
0.000226
0.096864
0.065984
0.000046
0.000737
0.000570
0.018500
0.028748
0.009251
0.000809
0.023215
0.010479
0.019842
0.020742
0.009571
0.004504
0.007005
0.013787
0.000339
0.003433
0.024738
0.006380
0.024102
0.001181
0.173278
0.007862
0.005810
0.030179
0.002020
0.018074
0.011019
0.031163
0.009859
0.063267
0.022357
0.007452
0.015604
0.005597
0.000834
0.024788
0.000662
0.000103
0.009285
0.007907
0.000071
0.001307
0.020260
0.002996
0.014635
0.000153
0.021164
0.024102
0.000024
0.091761
0.023095
0.056898
0.000993
0.017860
0.021832
0.001118
0.045944
0.000673
0.038381
0.009076
0.021775
0.113468
0.011172
0.093649
0.007839
0.000106
0.159470
0.000264
0.050292
0.004007
0.039317
0.043791
0.000449
0.001390
0.001057
0.004584
0.005531
0.001406
0.005346
0.024713
0.000199
0.003084
0.015024
0.000600
0.000100
0.002155
0.000028
0.002052
0.026043
0.009555
0.001232
0.000421
0.000497
0.016442
0.031689
0.000611
0.034715
0.089755
0.001121
0.160313
0.000295
0.055469
0.001776
0.001454
0.026588
0.002462
0.011337
0.000617
0.090209
0.002567
0.004790
0.020541
0.004864
0.012299
0.010117
0.022047
0.002634
0.000824
0.010299
0.189026
0.027560
0.081863
0.000013
0.024305
0.002395
0.000822
0.031031
0.019841
0.000150
0.003877
0.005336
0.000655
0.017284
0.063585
0.009495
0.003007
0.018973
0.011082
0.003090
0.000709
0.021818
0.001238
0.004171
0.143198
0.122565
0.467551
0.000962
0.000657
0.001385
0.000151
0.005088
0.002964
0.000190
0.000417
0.002006
0.000013
0.002253
0.000562
0.000012
0.000003
0.002330
0.000027
0.000033
0.000538
0.000561
0.000471
0.003200
0.024486
0.006272
0.004162
0.008483
0.001539
0.000645
0.001476
0.000544
0.001928
0.020086
0.028959
0.117401
0.005021
0.045322
0.006113
0.001707
0.042480
0.005972
0.025854
0.019953
0.026042
0.000002
0.020900
0.067780
0.016106
0.018780
0.024111
0.001795
0.000218
0.039985
0.002198
0.000379
0.012870
0.107567
0.022576
0.004694
0.019096
0.115951
0.031444
0.026717
0.006740
0.000002
0.064946
0.000698
0.021036
0.060296
0.000404
0.071005
0.000568
0.455300
0.061531
0.000057
0.002625
0.009115
0.005122
0.001537
0.000409
0.000020
0.041546
0.006620
0.021334
0.001601
0.003348
0.000122
0.014832
0.049615
0.006876
0.017123
0.000551
0.006760
0.002918
0.002715
0.004767
0.000644
0.048170
0.017627
0.000080
0.000168
0.000002
0.000001
0.012019
0.009323
0.006839
0.000166
0.000048
0.032700
0.001111
0.001349
0.024743
0.000524
0.007160
0.000119
0.000334
0.000050
0.000018
0.000448
0.001591
0.043352
0.078383
0.005536
0.042768
0.000060
0.000956
0.033758
0.026531
0.000612
0.021156
0.100674
0.001296
0.013591
0.003782
0.127567
0.041745
0.000520
0.000131
0.028897
0.038513
0.001074
0.026230
0.012569
0.035769
0.087189
0.000017
0.000558
0.000071
0.044210
0.000004
0.025276
0.075538
0.022879
0.023718
0.000083
